-2.5e-08 0.000546874
-2.475e-08 0.00125
-2.45e-08 0.000734374
-2.425e-08 0.000734374
-2.4e-08 0.000390624
-2.375e-08 0.00101562
-2.35e-08 0.000453124
-2.325e-08 0.000249999
-2.3e-08 0.000999999
-2.275e-08 0.000718749
-2.25e-08 0.000796874
-2.225e-08 0.000406249
-2.2e-08 0.000765624
-2.175e-08 0.00128125
-2.15e-08 0.00109375
-2.125e-08 0.000546874
-2.1e-08 0.0010625
-2.075e-08 0.000437499
-2.05e-08 0.000968749
-2.025e-08 0.000578124
-2e-08 0.000968749
-1.975e-08 0.000406249
-1.95e-08 0.000749999
-1.925e-08 0.000734374
-1.9e-08 0.000937499
-1.875e-08 0.000749999
-1.85e-08 0.000828124
-1.825e-08 0.000687499
-1.8e-08 0.000718749
-1.775e-08 0.000374999
-1.75e-08 0.000828124
-1.725e-08 0.000656249
-1.7e-08 0.000890624
-1.675e-08 0.000765624
-1.65e-08 0.000953124
-1.625e-08 0.000281249
-1.6e-08 0.000984374
-1.575e-08 0.000999999
-1.55e-08 0.000859374
-1.525e-08 0.000593749
-1.5e-08 0.000484374
-1.475e-08 0.000796874
-1.45e-08 0.000781249
-1.425e-08 0.000984374
-1.4e-08 0.000624999
-1.375e-08 0.000328124
-1.35e-08 0.000624999
-1.325e-08 0.000703124
-1.3e-08 0.000906249
-1.275e-08 0.000968749
-1.25e-08 0.000812499
-1.225e-08 0.000687499
-1.2e-08 0.00120312
-1.175e-08 0.000390624
-1.15e-08 0.00115625
-1.125e-08 0.000453124
-1.1e-08 0.000843749
-1.075e-08 0.000203124
-1.05e-08 0.000859374
-1.025e-08 0.000171874
-1e-08 0.0010625
-9.75e-09 0.000499999
-9.5e-09 0.000499999
-9.25e-09 0.000265624
-9e-09 0.000515624
-8.75e-09 0.000937499
-8.5e-09 0.000906249
-8.25e-09 0.000734374
-8e-09 0.000593749
-7.75e-09 0.000796874
-7.5e-09 0.00128125
-7.25e-09 0.000968749
-7e-09 0.000718749
-6.75e-09 0.000749999
-6.5e-09 0.000718749
-6.25e-09 0.000593749
-6e-09 0.000453124
-5.75e-09 0.00101562
-5.5e-09 0.000453124
-5.25e-09 0.000937499
-5e-09 0.000171874
-4.75e-09 0.00145312
-4.5e-09 0.000531249
-4.25e-09 0.000968749
-4e-09 0.000390624
-3.75e-09 0.00129687
-3.5e-09 0.000859374
-3.25e-09 0.000640624
-3e-09 0.000984374
-2.75e-09 0.000359374
-2.5e-09 0.000890624
-2.25e-09 0.000343749
-2e-09 0.00103125
-1.75e-09 0.000374999
-1.5e-09 0.00125
-1.25e-09 0.000593749
-1e-09 0.000953124
-7.5e-10 0.000437499
-5e-10 0.000718749
-2.5e-10 0.000984374
0 0.00128125
2.5e-10 0.000843749
5e-10 0.000843749
7.5e-10 0.00167187
1e-09 0.00345312
1.25e-09 0.00625
1.5e-09 0.0050625
1.75e-09 -0.00514063
2e-09 -0.00171875
2.25e-09 0.00764062
2.5e-09 0.0102812
2.75e-09 0.007125
3e-09 0.0040625
3.25e-09 0.00295312
3.5e-09 0.00129687
3.75e-09 0.000140624
4e-09 -0.00157813
4.25e-09 -0.000625001
4.5e-09 -0.00109375
4.75e-09 -0.000984376
5e-09 -0.0011875
5.25e-09 -0.001625
5.5e-09 -0.000531251
5.75e-09 -0.001625
6e-09 -0.00170313
6.25e-09 -0.00214063
6.5e-09 -0.00182813
6.75e-09 -0.00215625
7e-09 -0.0018125
7.25e-09 -0.00232813
7.5e-09 -0.000375001
7.75e-09 -0.000437501
8e-09 -0.000203126
8.25e-09 -0.00192188
8.5e-09 -0.0011875
8.75e-09 0.000921874
9e-09 0.00234375
9.25e-09 0.00135937
9.5e-09 0.000687499
9.75e-09 0.000421874
1e-08 0.000218749
1.025e-08 0.00110937
1.05e-08 0.00101562
1.075e-08 0.00173437
1.1e-08 0.00145312
1.125e-08 0.00225
1.15e-08 0.0015625
1.175e-08 0.0015625
1.2e-08 0.00260937
1.225e-08 0.00251562
1.25e-08 0.00292187
1.275e-08 0.0023125
1.3e-08 0.00353125
1.325e-08 0.00328125
1.35e-08 0.0028125
1.375e-08 0.00239062
1.4e-08 0.0024375
1.425e-08 0.00357812
1.45e-08 0.000953124
1.475e-08 -0.00315625
1.5e-08 -0.00195313
1.525e-08 0.000265624
1.55e-08 0.000359374
1.575e-08 -3.12513e-05
1.6e-08 0.000328124
1.625e-08 -0.000515626
1.65e-08 -0.000796876
1.675e-08 -0.00120313
1.7e-08 -0.00226563
1.725e-08 -0.00260938
1.75e-08 -0.00239063
1.775e-08 -0.0023125
1.8e-08 -0.00123438
1.825e-08 -0.00117188
1.85e-08 -0.00101563
1.875e-08 -0.000437501
1.9e-08 0.000109374
1.925e-08 0.000390624
1.95e-08 0.000406249
1.975e-08 0.000624999
2e-08 0.00101562
2.025e-08 0.00171875
2.05e-08 0.00221875
2.075e-08 0.00275
2.1e-08 0.00315625
2.125e-08 0.00248437
2.15e-08 0.0026875
2.175e-08 0.00240625
2.2e-08 0.00232812
2.225e-08 0.00254687
2.25e-08 0.00259375
2.275e-08 0.00290625
2.3e-08 0.002
2.325e-08 0.00253125
2.35e-08 0.0020625
2.375e-08 0.002625
2.4e-08 0.00209375
2.425e-08 0.0013125
2.45e-08 0.0015
2.475e-08 0.000671874
2.5e-08 0.000624999
2.525e-08 0.000171874
2.55e-08 -0.000218751
2.575e-08 0.000249999
2.6e-08 -0.000546876
2.625e-08 0.000140624
2.65e-08 -0.000281251
2.675e-08 -0.000656251
2.7e-08 -0.000171876
2.725e-08 -0.000281251
2.75e-08 -0.000343751
2.775e-08 -0.00109375
2.8e-08 -0.000593751
2.825e-08 -0.00101563
2.85e-08 -0.000421876
2.875e-08 -6.25013e-05
2.9e-08 0.000109374
2.925e-08 0.000796874
2.95e-08 0.000359374
2.975e-08 0.000734374
3e-08 0.000718749
3.025e-08 0.00114062
3.05e-08 0.00114062
3.075e-08 0.000859374
3.1e-08 0.00151562
3.125e-08 0.00140625
3.15e-08 0.00179687
3.175e-08 0.00145312
3.2e-08 0.00210937
3.225e-08 0.00175
3.25e-08 0.00185937
3.275e-08 0.0018125
3.3e-08 0.00220312
3.325e-08 0.0013125
3.35e-08 0.0018125
3.375e-08 0.00121875
3.4e-08 0.0020625
3.425e-08 0.00101562
3.45e-08 0.000781249
3.475e-08 0.00115625
3.5e-08 0.0010625
3.525e-08 0.000906249
3.55e-08 0.000874999
3.575e-08 0.000203124
3.6e-08 0.000765624
3.625e-08 0.000203124
3.65e-08 0.000640624
3.675e-08 -0.000234376
3.7e-08 0.000359374
3.725e-08 -0.000359376
3.75e-08 -0.000125001
3.775e-08 -0.000468751
3.8e-08 -0.000937501
3.825e-08 -1.56263e-05
3.85e-08 0.000468749
3.875e-08 0.000624999
3.9e-08 -4.68763e-05
3.925e-08 0.000312499
3.95e-08 0.000374999
3.975e-08 0.000515624
4e-08 0.000562499
4.025e-08 0.000734374
4.05e-08 0.000906249
4.075e-08 0.000734374
4.1e-08 0.000718749
4.125e-08 0.000968749
4.15e-08 0.000937499
4.175e-08 0.00159375
4.2e-08 0.001375
4.225e-08 0.00217187
4.25e-08 0.0013125
4.275e-08 0.00146875
4.3e-08 0.00107812
4.325e-08 0.00146875
4.35e-08 0.00154687
4.375e-08 0.00107812
4.4e-08 0.000765624
4.425e-08 0.000984374
4.45e-08 0.000796874
4.475e-08 0.000859374
4.5e-08 0.00125
4.525e-08 0.00115625
4.55e-08 0.000843749
4.575e-08 0.000640624
4.6e-08 0.000281249
4.625e-08 0.000843749
4.65e-08 0.000531249
4.675e-08 0.000874999
4.7e-08 0.00107812
4.725e-08 0.000406249
4.75e-08 0.000578124
4.775e-08 0.000359374
4.8e-08 0.000265624
4.825e-08 -0.000390626
4.85e-08 -0.00109375
4.875e-08 0.000828124
4.9e-08 0.00101562
4.925e-08 0.000578124
4.95e-08 1.56237e-05
4.975e-08 0.000703124
5e-08 0.000906249
5.025e-08 0.00134375
5.05e-08 0.000984374
5.075e-08 0.000468749
5.1e-08 0.000937499
5.125e-08 0.000640624
5.15e-08 0.000874999
5.175e-08 0.000296874
5.2e-08 0.000640624
5.225e-08 0.000671874
5.25e-08 0.000874999
5.275e-08 0.000499999
5.3e-08 0.00139062
5.325e-08 0.000593749
5.35e-08 0.00115625
5.375e-08 0.000734374
5.4e-08 0.000890624
5.425e-08 0.000703124
5.45e-08 0.00132812
5.475e-08 0.000546874
5.5e-08 0.000218749
5.525e-08 0.000921874
5.55e-08 0.00115625
5.575e-08 0.000828124
5.6e-08 0.000640624
5.625e-08 0.000499999
5.65e-08 0.00110937
5.675e-08 0.000671874
5.7e-08 0.00142187
5.725e-08 0.000953124
5.75e-08 0.000593749
5.775e-08 0.00101562
5.8e-08 0.000531249
5.825e-08 0.000718749
5.85e-08 0.000343749
5.875e-08 0.000984374
5.9e-08 0.000593749
5.925e-08 0.00128125
5.95e-08 0.000562499
5.975e-08 0.000859374
6e-08 0.000921874
6.025e-08 0.000734374
6.05e-08 0.000468749
6.075e-08 0.000249999
6.1e-08 0.000546874
6.125e-08 0.000249999
6.15e-08 0.000156249
6.175e-08 0.000453124
6.2e-08 0.000531249
6.225e-08 0.000781249
6.25e-08 0.00101562
6.275e-08 0.000890624
6.3e-08 0.000953124
6.325e-08 0.000687499
6.35e-08 0.000703124
6.375e-08 0.000546874
6.4e-08 0.000343749
6.425e-08 0.000437499
6.45e-08 0.000187499
6.475e-08 0.000390624
6.5e-08 0.000781249
6.525e-08 0.00117187
6.55e-08 0.000984374
6.575e-08 0.00107812
6.6e-08 0.0010625
6.625e-08 0.000343749
6.65e-08 0.0010625
6.675e-08 -3.12513e-05
6.7e-08 0.000828124
6.725e-08 0.000765624
6.75e-08 0.00104687
6.775e-08 0.000921874
6.8e-08 0.000593749
6.825e-08 0.0010625
6.85e-08 0.00109375
6.875e-08 0.000734374
6.9e-08 0.00101562
6.925e-08 0.00103125
6.95e-08 0.00159375
6.975e-08 0.000812499
7e-08 0.00134375
7.025e-08 0.00103125
7.05e-08 0.000734374
7.075e-08 0.000890624
7.1e-08 0.00101562
7.125e-08 0.00109375
7.15e-08 0.000812499
7.175e-08 0.000890624
7.2e-08 0.00109375
7.225e-08 0.000796874
7.25e-08 0.000312499
7.275e-08 0.000468749
7.3e-08 0.000296874
7.325e-08 0.000421874
7.35e-08 0.000359374
7.375e-08 0.000171874
7.4e-08 0.000906249
7.425e-08 0.000656249
7.45e-08 0.000218749
7.475e-08 0.000562499
7.5e-08 0.000218749
7.525e-08 0.000531249
7.55e-08 0.000359374
7.575e-08 0.000421874
7.6e-08 0.000859374
7.625e-08 0.000312499
7.65e-08 0.000687499
7.675e-08 0.000718749
7.7e-08 0.000859374
7.725e-08 0.00128125
7.75e-08 0.000749999
7.775e-08 0.000921874
7.8e-08 0.000156249
7.825e-08 0.000437499
7.85e-08 0.000796874
7.875e-08 0.00121875
7.9e-08 0.000984374
7.925e-08 0.0014375
7.95e-08 0.000890624
7.975e-08 0.000593749
8e-08 0.00140625
8.025e-08 0.000843749
8.05e-08 0.000749999
8.075e-08 0.00109375
8.1e-08 0.000953124
8.125e-08 0.00110937
8.15e-08 0.000984374
8.175e-08 0.000328124
8.2e-08 0.000921874
8.225e-08 0.000874999
8.25e-08 0.000515624
8.275e-08 0.000468749
8.3e-08 0.00109375
8.325e-08 0.00103125
8.35e-08 0.000984374
8.375e-08 0.00104687
8.4e-08 0.00132812
8.425e-08 0.00121875
8.45e-08 0.000906249
8.475e-08 0.000124999
8.5e-08 -0.000140626
8.525e-08 0.000203124
8.55e-08 0.000531249
8.575e-08 0.000374999
8.6e-08 0.000421874
8.625e-08 0.000124999
8.65e-08 -0.000171876
8.675e-08 0.000531249
8.7e-08 0.000468749
8.725e-08 0.000734374
8.75e-08 0.00173437
8.775e-08 0.000937499
8.8e-08 0.000937499
8.825e-08 0.000874999
8.85e-08 0.00125
8.875e-08 0.000718749
8.9e-08 0.000765624
8.925e-08 0.000312499
8.95e-08 0.000156249
8.975e-08 0.000234374
9e-08 0.000593749
9.025e-08 0.000671874
9.05e-08 0.000984374
9.075e-08 0.000593749
9.1e-08 0.000312499
9.125e-08 0.000156249
9.15e-08 0.000953124
9.175e-08 0.000859374
9.2e-08 0.00132812
9.225e-08 0.00148437
9.25e-08 0.00151562
9.275e-08 0.00134375
9.3e-08 0.0011875
9.325e-08 0.00142187
9.35e-08 0.000828124
9.375e-08 0.000874999
9.4e-08 0.000796874
9.425e-08 0.00175
9.45e-08 0.000953124
9.475e-08 0.000796874
9.5e-08 0.000578124
9.525e-08 0.000640624
9.55e-08 0.000734374
9.575e-08 0.000281249
9.6e-08 0.000296874
9.625e-08 0.000203124
9.65e-08 0.000343749
9.675e-08 0.000437499
9.7e-08 0.000968749
9.725e-08 0.000499999
9.75e-08 0.000453124
9.775e-08 0.000624999
9.8e-08 0.000703124
9.825e-08 0.000640624
9.85e-08 0.000656249
9.875e-08 0.00115625
9.9e-08 0.000390624
9.925e-08 0.000828124
9.95e-08 0.000468749
9.975e-08 -4.68763e-05
1e-07 0.000734374
1.0025e-07 0.000812499
1.005e-07 0.00107812
1.0075e-07 0.000890624
1.01e-07 0.00109375
1.0125e-07 0.00101562
1.015e-07 0.00109375
1.0175e-07 0.00109375
1.02e-07 0.00104687
1.0225e-07 0.00123437
1.025e-07 0.00107812
1.0275e-07 0.000843749
1.03e-07 0.000468749
1.0325e-07 0.000578124
1.035e-07 0.000468749
1.0375e-07 0.000890624
1.04e-07 0.000937499
1.0425e-07 0.000984374
1.045e-07 0.000921874
1.0475e-07 0.00115625
1.05e-07 0.00123437
1.0525e-07 0.001125
1.055e-07 0.000781249
1.0575e-07 0.000890624
1.06e-07 0.000999999
1.0625e-07 0.0010625
1.065e-07 0.000953124
1.0675e-07 0.000406249
1.07e-07 0.000890624
1.0725e-07 -1.56263e-05
1.075e-07 0.000374999
1.0775e-07 0.000390624
1.08e-07 0.000734374
1.0825e-07 0.000531249
1.085e-07 0.000828124
1.0875e-07 0.000984374
1.09e-07 0.00153125
1.0925e-07 0.000874999
1.095e-07 0.000656249
1.0975e-07 -4.68763e-05
1.1e-07 0.000499999
1.1025e-07 0.000171874
1.105e-07 0.000906249
1.1075e-07 0.000328124
1.11e-07 0.000624999
1.1125e-07 0.000531249
1.115e-07 0.000203124
1.1175e-07 0.000390624
1.12e-07 0.00120312
1.1225e-07 0.0014375
1.125e-07 0.00176562
1.1275e-07 0.00123437
1.13e-07 0.00153125
1.1325e-07 0.0011875
1.135e-07 0.000906249
1.1375e-07 0.000421874
1.14e-07 0.000296874
1.1425e-07 0.000124999
1.145e-07 0.000671874
1.1475e-07 0.000796874
1.15e-07 0.000734374
1.1525e-07 0.000984374
1.155e-07 0.000749999
1.1575e-07 0.000984374
1.16e-07 0.000531249
1.1625e-07 0.000984374
1.165e-07 0.000968749
1.1675e-07 0.001375
1.17e-07 0.00164062
1.1725e-07 0.00120312
1.175e-07 0.000453124
1.1775e-07 0.000734374
1.18e-07 0.000703124
1.1825e-07 0.000484374
1.185e-07 0.000187499
1.1875e-07 0.000359374
1.19e-07 0.000531249
1.1925e-07 0.000296874
1.195e-07 0.000374999
1.1975e-07 0.000515624
1.2e-07 0.000515624
1.2025e-07 0.000406249
1.205e-07 0.000484374
1.2075e-07 0.000171874
1.21e-07 0.000890624
1.2125e-07 0.000468749
1.215e-07 0.000124999
1.2175e-07 0.000578124
1.22e-07 0.000578124
1.2225e-07 0.000796874
1.225e-07 0.00125
1.2275e-07 0.00115625
1.23e-07 0.000937499
1.2325e-07 0.000765624
1.235e-07 0.000640624
1.2375e-07 0.000484374
1.24e-07 0.000828124
1.2425e-07 0.000546874
1.245e-07 0.000203124
1.2475e-07 0.00101562
1.25e-07 0.00129687
1.2525e-07 0.00123437
1.255e-07 0.00126562
1.2575e-07 0.000796874
1.26e-07 0.000843749
1.2625e-07 0.000749999
1.265e-07 0.00101562
1.2675e-07 0.000515624
1.27e-07 0.00134375
1.2725e-07 0.000828124
1.275e-07 0.000874999
1.2775e-07 0.000624999
1.28e-07 0.000718749
1.2825e-07 0.000484374
1.285e-07 0.000296874
1.2875e-07 0.000359374
1.29e-07 0.000781249
1.2925e-07 0.000656249
1.295e-07 0.000671874
1.2975e-07 0.00120312
1.3e-07 0.0011875
1.3025e-07 0.00114062
1.305e-07 0.000812499
1.3075e-07 0.000828124
1.31e-07 0.000890624
1.3125e-07 0.000609374
1.315e-07 0.000328124
1.3175e-07 -7.81263e-05
1.32e-07 0.000171874
1.3225e-07 -0.000140626
1.325e-07 0.000249999
1.3275e-07 0.000296874
1.33e-07 0.000624999
1.3325e-07 0.000593749
1.335e-07 0.00104687
1.3375e-07 0.000765624
1.34e-07 0.00159375
1.3425e-07 0.000703124
1.345e-07 0.000328124
1.3475e-07 -4.68763e-05
1.35e-07 -0.000156251
1.3525e-07 -0.000140626
1.355e-07 -0.00421875
1.3575e-07 -0.0101719
1.36e-07 -0.00540625
1.3625e-07 0.0141406
1.365e-07 0.0718906
1.3675e-07 0.184125
1.37e-07 0.269625
1.3725e-07 0.269844
1.375e-07 0.243922
1.3775e-07 0.206063
1.38e-07 0.134859
1.3825e-07 0.0607656
1.385e-07 0.0156719
1.3875e-07 0.00173437
1.39e-07 -0.00709375
1.3925e-07 -0.0308125
1.395e-07 -0.0631563
1.3975e-07 -0.0878438
1.4e-07 -0.102875
1.4025e-07 -0.112625
1.405e-07 -0.123859
1.4075e-07 -0.134719
1.41e-07 -0.141766
1.4125e-07 -0.144047
1.415e-07 -0.137453
1.4175e-07 -0.124859
1.42e-07 -0.111703
1.4225e-07 -0.104
1.425e-07 -0.101578
1.4275e-07 -0.098375
1.43e-07 -0.0900313
1.4325e-07 -0.0756563
1.435e-07 -0.0614375
1.4375e-07 -0.0530625
1.44e-07 -0.0449375
1.4425e-07 -0.0329375
1.445e-07 -0.0219688
1.4475e-07 -0.0131094
1.45e-07 -0.00190625
1.4525e-07 0.0123281
1.455e-07 0.028
1.4575e-07 0.0405625
1.46e-07 0.0516406
1.4625e-07 0.0625156
1.465e-07 0.0745469
1.4675e-07 0.0836094
1.47e-07 0.0878594
1.4725e-07 0.0889063
1.475e-07 0.0876563
1.4775e-07 0.0848125
1.48e-07 0.0785469
1.4825e-07 0.0711406
1.485e-07 0.0635313
1.4875e-07 0.0544375
1.49e-07 0.0421719
1.4925e-07 0.0289531
1.495e-07 0.0166875
1.4975e-07 0.00759375
1.5e-07 -0.00178125
1.5025e-07 -0.0114531
1.505e-07 -0.02
1.5075e-07 -0.026375
1.51e-07 -0.029875
1.5125e-07 -0.0332969
1.515e-07 -0.03775
1.5175e-07 -0.0412031
1.52e-07 -0.0434063
1.5225e-07 -0.0459375
1.525e-07 -0.0490625
1.5275e-07 -0.0529219
1.53e-07 -0.0529063
1.5325e-07 -0.0509063
1.535e-07 -0.0483125
1.5375e-07 -0.0451406
1.54e-07 -0.0402031
1.5425e-07 -0.0337031
1.545e-07 -0.0256563
1.5475e-07 -0.0181563
1.55e-07 -0.0119531
1.5525e-07 -0.00496875
1.555e-07 0.00253125
1.5575e-07 0.00903125
1.56e-07 0.0148594
1.5625e-07 0.0206875
1.565e-07 0.0260937
1.5675e-07 0.0306875
1.57e-07 0.0342344
1.5725e-07 0.0370469
1.575e-07 0.0391875
1.5775e-07 0.0413906
1.58e-07 0.0420938
1.5825e-07 0.0410938
1.585e-07 0.0393125
1.5875e-07 0.0370313
1.59e-07 0.0341406
1.5925e-07 0.03025
1.595e-07 0.0256094
1.5975e-07 0.0198906
1.6e-07 0.0158437
1.6025e-07 0.0108125
1.605e-07 0.00529687
1.6075e-07 -0.000203126
1.61e-07 -0.00509375
1.6125e-07 -0.00948438
1.615e-07 -0.0133281
1.6175e-07 -0.0179688
1.62e-07 -0.0211719
1.6225e-07 -0.0241875
1.625e-07 -0.0257969
1.6275e-07 -0.0283594
1.63e-07 -0.0290313
1.6325e-07 -0.0304375
1.635e-07 -0.0301094
1.6375e-07 -0.0296875
1.64e-07 -0.0288281
1.6425e-07 -0.0278281
1.645e-07 -0.0247188
1.6475e-07 -0.0217969
1.65e-07 -0.0184688
1.6525e-07 -0.01475
1.655e-07 -0.0109688
1.6575e-07 -0.00654688
1.66e-07 -0.00184375
1.6625e-07 0.00167187
1.665e-07 0.00551562
1.6675e-07 0.00990625
1.67e-07 0.013
1.6725e-07 0.0163125
1.675e-07 0.0182187
1.6775e-07 0.0201719
1.68e-07 0.0222812
1.6825e-07 0.0238906
1.685e-07 0.024875
1.6875e-07 0.0252031
1.69e-07 0.0254687
1.6925e-07 0.0239844
1.695e-07 0.023375
1.6975e-07 0.0212344
1.7e-07 0.0194844
1.7025e-07 0.0175937
1.705e-07 0.0154062
1.7075e-07 0.0126875
1.71e-07 0.00964062
1.7125e-07 0.00651562
1.715e-07 0.0033125
1.7175e-07 0.000687499
1.72e-07 -0.00220313
1.7225e-07 -0.00535938
1.725e-07 -0.00775
1.7275e-07 -0.01025
1.73e-07 -0.0129688
1.7325e-07 -0.0145
1.735e-07 -0.0165156
1.7375e-07 -0.0170938
1.74e-07 -0.0174219
1.7425e-07 -0.0176719
1.745e-07 -0.0171094
1.7475e-07 -0.0167969
1.75e-07 -0.0156406
1.7525e-07 -0.0141875
1.755e-07 -0.0124219
1.7575e-07 -0.0111719
1.76e-07 -0.00946875
1.7625e-07 -0.0075
1.765e-07 -0.00575
1.7675e-07 -0.003875
1.77e-07 -0.00176563
1.7725e-07 0.000968749
1.775e-07 0.00309375
1.7775e-07 0.00510937
1.78e-07 0.00651562
1.7825e-07 0.00848437
1.785e-07 0.00975
1.7875e-07 0.0111562
1.79e-07 0.012125
1.7925e-07 0.0125
1.795e-07 0.0135312
1.7975e-07 0.0141875
1.8e-07 0.0140625
1.8025e-07 0.0136875
1.805e-07 0.0130937
1.8075e-07 0.0125625
1.81e-07 0.0109375
1.8125e-07 0.00928125
1.815e-07 0.00740625
1.8175e-07 0.006
1.82e-07 0.004375
1.8225e-07 0.00246875
1.825e-07 0.0010625
1.8275e-07 -0.000750001
1.83e-07 -0.001875
1.8325e-07 -0.00345313
1.835e-07 -0.00359375
1.8375e-07 -0.00570313
1.84e-07 -0.00564063
1.8425e-07 -0.00690625
1.845e-07 -0.00696875
1.8475e-07 -0.00748438
1.85e-07 -0.00754688
1.8525e-07 -0.0070625
1.855e-07 -0.00642188
1.8575e-07 -0.00642188
1.86e-07 -0.00615625
1.8625e-07 -0.00575
1.865e-07 -0.00596875
1.8675e-07 -0.00489063
1.87e-07 -0.00429688
1.8725e-07 -0.00321875
1.875e-07 -0.0020625
1.8775e-07 -0.000781251
1.88e-07 0.000531249
1.8825e-07 0.00132812
1.885e-07 0.00207812
1.8875e-07 0.0036875
1.89e-07 0.00432812
1.8925e-07 0.00548437
1.895e-07 0.00564062
1.8975e-07 0.006375
1.9e-07 0.00676562
1.9025e-07 0.00682812
1.905e-07 0.00685937
1.9075e-07 0.00667187
1.91e-07 0.00671875
1.9125e-07 0.0065625
1.915e-07 0.00629687
1.9175e-07 0.00554687
1.92e-07 0.00503125
1.9225e-07 0.00404687
1.925e-07 0.00307812
1.9275e-07 0.00190625
1.93e-07 0.00120312
1.9325e-07 -0.000187501
1.935e-07 -0.000406251
1.9375e-07 -0.00140625
1.94e-07 -0.001375
1.9425e-07 -0.00160938
1.945e-07 -0.00190625
1.9475e-07 -0.00235938
1.95e-07 -0.00179688
1.9525e-07 -0.00235938
1.955e-07 -0.00295313
1.9575e-07 -0.00279688
1.96e-07 -0.00296875
1.9625e-07 -0.00345313
1.965e-07 -0.00271875
1.9675e-07 -0.00307813
1.97e-07 -0.00304688
1.9725e-07 -0.00259375
1.975e-07 -0.00259375
1.9775e-07 -0.00198438
1.98e-07 -0.00145313
1.9825e-07 -0.000390626
1.985e-07 -0.000406251
1.9875e-07 0.000609374
1.99e-07 0.00110937
1.9925e-07 0.00167187
1.995e-07 0.00215625
1.9975e-07 0.00251562
2e-07 0.00290625
2.0025e-07 0.00307812
2.005e-07 0.00346875
2.0075e-07 0.00389062
2.01e-07 0.00404687
2.0125e-07 0.00414062
2.015e-07 0.00434375
2.0175e-07 0.00384375
2.02e-07 0.00446875
2.0225e-07 0.00373437
2.025e-07 0.00348437
2.0275e-07 0.0023125
2.03e-07 0.00220312
2.0325e-07 0.00214062
2.035e-07 0.0019375
2.0375e-07 0.00123437
2.04e-07 0.0010625
2.0425e-07 0.000265624
2.045e-07 0.000187499
2.0475e-07 -6.25013e-05
2.05e-07 -1.56263e-05
2.0525e-07 -0.000328126
2.055e-07 -0.000515626
2.0575e-07 -0.000734376
2.06e-07 -0.000890626
2.0625e-07 -0.00107813
2.065e-07 -0.00154688
2.0675e-07 -0.00164063
2.07e-07 -0.00165625
2.0725e-07 -0.0014375
2.075e-07 -0.00126563
2.0775e-07 -0.000984376
2.08e-07 -0.00132813
2.0825e-07 -0.00104688
2.085e-07 -0.000937501
2.0875e-07 -0.000781251
2.09e-07 -0.000437501
2.0925e-07 -3.12513e-05
2.095e-07 0.000203124
2.0975e-07 0.000890624
2.1e-07 0.001125
2.1025e-07 0.000593749
2.105e-07 0.00117187
2.1075e-07 0.00157812
2.11e-07 0.00123437
2.1125e-07 0.00204687
2.115e-07 0.00225
2.1175e-07 0.00146875
2.12e-07 0.00165625
2.1225e-07 0.002125
2.125e-07 0.0023125
2.1275e-07 0.00242187
2.13e-07 0.00240625
2.1325e-07 0.0019375
2.135e-07 0.002375
2.1375e-07 0.00146875
2.14e-07 0.0016875
2.1425e-07 0.00135937
2.145e-07 0.00125
2.1475e-07 0.0013125
2.15e-07 0.000828124
2.1525e-07 0.000765624
2.155e-07 0.000953124
2.1575e-07 9.37487e-05
2.16e-07 0.000437499
2.1625e-07 0.000484374
2.165e-07 0.000499999
2.1675e-07 0.000234374
2.17e-07 -1.56263e-05
2.1725e-07 7.81237e-05
2.175e-07 -0.000203126
2.1775e-07 -0.000187501
2.18e-07 -0.000359376
2.1825e-07 -0.000296876
2.185e-07 -0.000203126
2.1875e-07 0.000187499
2.19e-07 0.000374999
2.1925e-07 0.000109374
2.195e-07 0.000328124
2.1975e-07 0.000296874
2.2e-07 0.000640624
2.2025e-07 0.000249999
2.205e-07 0.000796874
2.2075e-07 0.000156249
2.21e-07 0.000921874
2.2125e-07 0.000531249
2.215e-07 0.00121875
2.2175e-07 0.00132812
2.22e-07 0.0010625
2.2225e-07 0.001625
2.225e-07 0.00140625
2.2275e-07 0.0014375
2.23e-07 0.00160937
2.2325e-07 0.00140625
2.235e-07 0.000953124
2.2375e-07 0.0011875
2.24e-07 0.00120312
2.2425e-07 0.00129687
2.245e-07 0.00107812
2.2475e-07 0.00121875
