-2.5e-08 0.00103125
-2.475e-08 0.000859374
-2.45e-08 0.000687499
-2.425e-08 0.000859374
-2.4e-08 0.000921874
-2.375e-08 0.00109375
-2.35e-08 0.000671874
-2.325e-08 0.000531249
-2.3e-08 0.000968749
-2.275e-08 0.000859374
-2.25e-08 0.000718749
-2.225e-08 0.000640624
-2.2e-08 0.000781249
-2.175e-08 0.00101562
-2.15e-08 0.000890624
-2.125e-08 0.000765624
-2.1e-08 0.000718749
-2.075e-08 0.0014375
-2.05e-08 0.000906249
-2.025e-08 0.000781249
-2e-08 0.000640624
-1.975e-08 0.000812499
-1.95e-08 0.000796874
-1.925e-08 0.000687499
-1.9e-08 0.000781249
-1.875e-08 0.000718749
-1.85e-08 0.000765624
-1.825e-08 0.000984374
-1.8e-08 0.000781249
-1.775e-08 0.000937499
-1.75e-08 0.000890624
-1.725e-08 0.000546874
-1.7e-08 0.00101562
-1.675e-08 0.000906249
-1.65e-08 0.000703124
-1.625e-08 0.001125
-1.6e-08 0.000765624
-1.575e-08 0.000859374
-1.55e-08 0.000656249
-1.525e-08 0.000640624
-1.5e-08 0.000812499
-1.475e-08 0.000953124
-1.45e-08 0.000734374
-1.425e-08 0.00110937
-1.4e-08 0.000656249
-1.375e-08 0.000984374
-1.35e-08 0.000703124
-1.325e-08 0.000734374
-1.3e-08 0.000749999
-1.275e-08 0.000937499
-1.25e-08 0.000390624
-1.225e-08 0.000859374
-1.2e-08 0.000953124
-1.175e-08 0.000718749
-1.15e-08 0.000624999
-1.125e-08 0.00110937
-1.1e-08 0.000749999
-1.075e-08 0.000546874
-1.05e-08 0.000874999
-1.025e-08 0.000499999
-1e-08 0.00114062
-9.75e-09 0.000453124
-9.5e-09 0.000703124
-9.25e-09 0.000703124
-9e-09 0.000546874
-8.75e-09 0.000671874
-8.5e-09 0.000656249
-8.25e-09 0.00107812
-8e-09 0.000921874
-7.75e-09 0.000593749
-7.5e-09 0.00101562
-7.25e-09 0.000343749
-7e-09 0.00134375
-6.75e-09 0.000749999
-6.5e-09 0.000999999
-6.25e-09 0.000781249
-6e-09 0.000499999
-5.75e-09 0.00120312
-5.5e-09 0.000437499
-5.25e-09 0.000640624
-5e-09 0.000562499
-4.75e-09 0.00115625
-4.5e-09 0.000484374
-4.25e-09 0.00135937
-4e-09 0.000812499
-3.75e-09 0.00134375
-3.5e-09 0.000437499
-3.25e-09 0.000562499
-3e-09 0.000749999
-2.75e-09 0.000421874
-2.5e-09 0.000812499
-2.25e-09 0.000703124
-2e-09 0.000999999
-1.75e-09 0.000781249
-1.5e-09 0.00103125
-1.25e-09 0.000656249
-1e-09 0.00132812
-7.5e-10 0.00101562
-5e-10 0.000937499
-2.5e-10 0.00114062
0 0.00157812
2.5e-10 0.000968749
5e-10 0.0011875
7.5e-10 0.00232812
1e-09 0.004625
1.25e-09 0.00614062
1.5e-09 0.00235937
1.75e-09 -0.00417188
2e-09 0.001375
2.25e-09 0.00885937
2.5e-09 0.009375
2.75e-09 0.00632812
3e-09 0.00417187
3.25e-09 0.002375
3.5e-09 0.000687499
3.75e-09 -0.000500001
4e-09 -0.00107813
4.25e-09 -0.000406251
4.5e-09 -0.00103125
4.75e-09 -0.0015625
5e-09 -0.00117188
5.25e-09 -0.000671876
5.5e-09 -0.000687501
5.75e-09 -0.00203125
6e-09 -0.00221875
6.25e-09 -0.00189063
6.5e-09 -0.00171875
6.75e-09 -0.00234375
7e-09 -0.00154688
7.25e-09 -0.00201563
7.5e-09 -0.000125001
7.75e-09 -0.000843751
8e-09 -0.000390626
8.25e-09 -0.001625
8.5e-09 -0.000125001
8.75e-09 0.00129687
9e-09 0.00214062
9.25e-09 0.00145312
9.5e-09 0.000734374
9.75e-09 0.000546874
1e-08 0.000718749
1.025e-08 0.000953124
1.05e-08 0.00154687
1.075e-08 0.00173437
1.1e-08 0.00154687
1.125e-08 0.00220312
1.15e-08 0.00165625
1.175e-08 0.00215625
1.2e-08 0.00214062
1.225e-08 0.00271875
1.25e-08 0.00270312
1.275e-08 0.00254687
1.3e-08 0.00334375
1.325e-08 0.00340625
1.35e-08 0.00210937
1.375e-08 0.00251562
1.4e-08 0.003
1.425e-08 0.00271875
1.45e-08 -3.12513e-05
1.475e-08 -0.00234375
1.5e-08 -0.001375
1.525e-08 -0.000140626
1.55e-08 0.000765624
1.575e-08 0.000140624
1.6e-08 -0.000203126
1.625e-08 -6.25013e-05
1.65e-08 -0.0010625
1.675e-08 -0.00159375
1.7e-08 -0.00235938
1.725e-08 -0.00195313
1.75e-08 -0.0020625
1.775e-08 -0.00182813
1.8e-08 -0.001125
1.825e-08 -0.000812501
1.85e-08 -0.000421876
1.875e-08 -0.000218751
1.9e-08 0.000281249
1.925e-08 0.00103125
1.95e-08 0.000359374
1.975e-08 0.00121875
2e-08 0.00104687
2.025e-08 0.00192187
2.05e-08 0.00234375
2.075e-08 0.00320312
2.1e-08 0.00215625
2.125e-08 0.0025625
2.15e-08 0.00248437
2.175e-08 0.00267187
2.2e-08 0.00259375
2.225e-08 0.00289062
2.25e-08 0.00246875
2.275e-08 0.0025625
2.3e-08 0.00267187
2.325e-08 0.00239062
2.35e-08 0.00235937
2.375e-08 0.00173437
2.4e-08 0.00192187
2.425e-08 0.00142187
2.45e-08 0.00160937
2.475e-08 0.000703124
2.5e-08 0.000484374
2.525e-08 0.000281249
2.55e-08 -3.12513e-05
2.575e-08 0.000156249
2.6e-08 0.000140624
2.625e-08 0.000281249
2.65e-08 -0.000750001
2.675e-08 -0.00104688
2.7e-08 -0.000718751
2.725e-08 -0.000437501
2.75e-08 -0.000656251
2.775e-08 -0.000906251
2.8e-08 -0.000546876
2.825e-08 -0.000390626
2.85e-08 -0.000750001
2.875e-08 3.12487e-05
2.9e-08 7.81237e-05
2.925e-08 0.000734374
2.95e-08 0.000421874
2.975e-08 0.000781249
3e-08 0.00142187
3.025e-08 0.000906249
3.05e-08 0.00103125
3.075e-08 0.000578124
3.1e-08 0.00129687
3.125e-08 0.00171875
3.15e-08 0.00165625
3.175e-08 0.00151562
3.2e-08 0.0018125
3.225e-08 0.00167187
3.25e-08 0.00185937
3.275e-08 0.00190625
3.3e-08 0.00215625
3.325e-08 0.00203125
3.35e-08 0.00175
3.375e-08 0.001625
3.4e-08 0.00198437
3.425e-08 0.00115625
3.45e-08 0.00142187
3.475e-08 0.000859374
3.5e-08 0.000953124
3.525e-08 0.00146875
3.55e-08 0.000421874
3.575e-08 0.000640624
3.6e-08 4.68737e-05
3.625e-08 0.000640624
3.65e-08 9.37487e-05
3.675e-08 0.000187499
3.7e-08 -9.37513e-05
3.725e-08 0.000578124
3.75e-08 -0.000296876
3.775e-08 -0.000796876
3.8e-08 -0.000687501
3.825e-08 0.000218749
3.85e-08 0.000296874
3.875e-08 0.000296874
3.9e-08 0.000468749
3.925e-08 0.000484374
3.95e-08 0.000734374
3.975e-08 0.000562499
4e-08 0.000796874
4.025e-08 0.000734374
4.05e-08 0.00145312
4.075e-08 0.000578124
4.1e-08 0.000999999
4.125e-08 0.000749999
4.15e-08 0.000953124
4.175e-08 0.0013125
4.2e-08 0.00135937
4.225e-08 0.00184375
4.25e-08 0.00114062
4.275e-08 0.00142187
4.3e-08 0.00135937
4.325e-08 0.00179687
4.35e-08 0.0014375
4.375e-08 0.000718749
4.4e-08 0.00103125
4.425e-08 0.000843749
4.45e-08 0.00123437
4.475e-08 0.000843749
4.5e-08 0.00148437
4.525e-08 0.00104687
4.55e-08 0.000515624
4.575e-08 0.000703124
4.6e-08 0.000781249
4.625e-08 0.0013125
4.65e-08 0.000828124
4.675e-08 0.000812499
4.7e-08 0.000906249
4.725e-08 0.000718749
4.75e-08 0.000624999
4.775e-08 0.000281249
4.8e-08 -0.000156251
4.825e-08 -3.12513e-05
4.85e-08 -0.000890626
4.875e-08 0.000828124
4.9e-08 0.000890624
4.925e-08 0.000234374
4.95e-08 -1.56263e-05
4.975e-08 0.000343749
5e-08 0.00110937
5.025e-08 0.000874999
5.05e-08 0.000718749
5.075e-08 0.000765624
5.1e-08 0.000609374
5.125e-08 0.000984374
5.15e-08 0.0010625
5.175e-08 0.000562499
5.2e-08 0.000578124
5.225e-08 0.000749999
5.25e-08 0.00109375
5.275e-08 0.000999999
5.3e-08 0.00115625
5.325e-08 0.00123437
5.35e-08 0.000781249
5.375e-08 0.000906249
5.4e-08 0.00140625
5.425e-08 0.00107812
5.45e-08 0.00125
5.475e-08 0.000734374
5.5e-08 0.000593749
5.525e-08 0.000703124
5.55e-08 0.000953124
5.575e-08 0.00129687
5.6e-08 0.000562499
5.625e-08 0.001625
5.65e-08 0.00121875
5.675e-08 0.00103125
5.7e-08 0.000999999
5.725e-08 0.000390624
5.75e-08 0.000968749
5.775e-08 0.000406249
5.8e-08 0.000765624
5.825e-08 0.000656249
5.85e-08 0.000828124
5.875e-08 0.000874999
5.9e-08 0.000859374
5.925e-08 0.0013125
5.95e-08 0.00101562
5.975e-08 0.000734374
6e-08 0.00103125
6.025e-08 0.000687499
6.05e-08 0.000593749
6.075e-08 0.000203124
6.1e-08 0.000468749
6.125e-08 0.000656249
6.15e-08 0.000281249
6.175e-08 0.000828124
6.2e-08 0.000640624
6.225e-08 0.000640624
6.25e-08 0.000999999
6.275e-08 0.000874999
6.3e-08 0.000484374
6.325e-08 0.00109375
6.35e-08 0.000484374
6.375e-08 0.000687499
6.4e-08 0.000499999
6.425e-08 0.000343749
6.45e-08 0.00120312
6.475e-08 0.000296874
6.5e-08 0.000999999
6.525e-08 0.00121875
6.55e-08 0.00128125
6.575e-08 0.00115625
6.6e-08 0.000874999
6.625e-08 0.00103125
6.65e-08 0.00104687
6.675e-08 0.000421874
6.7e-08 0.000734374
6.725e-08 0.000703124
6.75e-08 0.00123437
6.775e-08 0.000593749
6.8e-08 0.00148437
6.825e-08 0.000874999
6.85e-08 0.000874999
6.875e-08 0.000999999
6.9e-08 0.00110937
6.925e-08 0.00135937
6.95e-08 0.00151562
6.975e-08 0.000937499
7e-08 0.00132812
7.025e-08 0.00120312
7.05e-08 0.00101562
7.075e-08 0.000828124
7.1e-08 0.00114062
7.125e-08 0.000999999
7.15e-08 0.000843749
7.175e-08 0.000859374
7.2e-08 0.00117187
7.225e-08 0.000687499
7.25e-08 0.000499999
7.275e-08 0.000328124
7.3e-08 0.000328124
7.325e-08 0.000890624
7.35e-08 0.000593749
7.375e-08 0.000515624
7.4e-08 0.000828124
7.425e-08 0.000937499
7.45e-08 0.000578124
7.475e-08 0.000265624
7.5e-08 0.000359374
7.525e-08 0.000718749
7.55e-08 0.000734374
7.575e-08 0.000578124
7.6e-08 0.000671874
7.625e-08 0.000718749
7.65e-08 0.000718749
7.675e-08 0.000624999
7.7e-08 0.000796874
7.725e-08 0.000781249
7.75e-08 0.000828124
7.775e-08 0.000531249
7.8e-08 0.000781249
7.825e-08 0.000687499
7.85e-08 0.000734374
7.875e-08 0.00115625
7.9e-08 0.00103125
7.925e-08 0.000937499
7.95e-08 0.000718749
7.975e-08 0.000812499
8e-08 0.000999999
8.025e-08 0.00121875
8.05e-08 0.00148437
8.075e-08 0.000515624
8.1e-08 0.00153125
8.125e-08 0.00103125
8.15e-08 0.000703124
8.175e-08 0.00103125
8.2e-08 0.000656249
8.225e-08 0.000859374
8.25e-08 0.000765624
8.275e-08 0.000546874
8.3e-08 0.0011875
8.325e-08 0.00104687
8.35e-08 0.001375
8.375e-08 0.00159375
8.4e-08 0.00114062
8.425e-08 0.00123437
8.45e-08 0.000609374
8.475e-08 -7.81263e-05
8.5e-08 0.000218749
8.525e-08 0.000609374
8.55e-08 0.000874999
8.575e-08 0.000484374
8.6e-08 0.000390624
8.625e-08 0.000796874
8.65e-08 0.000390624
8.675e-08 0.000265624
8.7e-08 0.000531249
8.725e-08 0.000843749
8.75e-08 0.00139062
8.775e-08 0.000718749
8.8e-08 0.00110937
8.825e-08 0.001375
8.85e-08 0.000968749
8.875e-08 0.000656249
8.9e-08 0.000171874
8.925e-08 0.000374999
8.95e-08 -7.81263e-05
8.975e-08 -0.000125001
9e-08 0.000624999
9.025e-08 0.000531249
9.05e-08 0.000765624
9.075e-08 0.000624999
9.1e-08 0.000796874
9.125e-08 0.000734374
9.15e-08 0.000937499
9.175e-08 0.00146875
9.2e-08 0.00160937
9.225e-08 0.00232812
9.25e-08 0.001625
9.275e-08 0.00129687
9.3e-08 0.00134375
9.325e-08 0.00110937
9.35e-08 0.00126562
9.375e-08 0.000765624
9.4e-08 0.00121875
9.425e-08 0.000968749
9.45e-08 0.00129687
9.475e-08 0.000671874
9.5e-08 0.000749999
9.525e-08 0.000609374
9.55e-08 0.000531249
9.575e-08 0.000218749
9.6e-08 0.000406249
9.625e-08 0.000437499
9.65e-08 0.000296874
9.675e-08 0.000515624
9.7e-08 0.00103125
9.725e-08 0.000921874
9.75e-08 0.000562499
9.775e-08 0.000437499
9.8e-08 0.000609374
9.825e-08 0.00107812
9.85e-08 0.000937499
9.875e-08 0.000374999
9.9e-08 0.000343749
9.925e-08 0.000328124
9.95e-08 0.000390624
9.975e-08 0.000296874
1e-07 0.000687499
1.0025e-07 0.000703124
1.005e-07 0.00101562
1.0075e-07 0.000765624
1.01e-07 0.000546874
1.0125e-07 0.00104687
1.015e-07 0.000937499
1.0175e-07 0.00125
1.02e-07 0.0011875
1.0225e-07 0.00120312
1.025e-07 0.00107812
1.0275e-07 0.000765624
1.03e-07 0.00101562
1.0325e-07 0.000843749
1.035e-07 0.000953124
1.0375e-07 0.00104687
1.04e-07 0.001125
1.0425e-07 0.00171875
1.045e-07 0.0010625
1.0475e-07 0.00132812
1.05e-07 0.00110937
1.0525e-07 0.00103125
1.055e-07 0.000874999
1.0575e-07 0.000968749
1.06e-07 0.000468749
1.0625e-07 0.000687499
1.065e-07 0.000406249
1.0675e-07 -1.3113e-09
1.07e-07 0.000156249
1.0725e-07 0.000140624
1.075e-07 0.000374999
1.0775e-07 0.000749999
1.08e-07 0.000984374
1.0825e-07 0.00125
1.085e-07 0.001875
1.0875e-07 0.000999999
1.09e-07 0.0013125
1.0925e-07 0.000624999
1.095e-07 0.000296874
1.0975e-07 -0.000578126
1.1e-07 0.000515624
1.1025e-07 -4.68763e-05
1.105e-07 0.000249999
1.1075e-07 0.000203124
1.11e-07 0.000484374
1.1125e-07 0.000328124
1.115e-07 0.000796874
1.1175e-07 0.000781249
1.12e-07 0.0011875
1.1225e-07 0.00176562
1.125e-07 0.00226562
1.1275e-07 0.00135937
1.13e-07 0.00159375
1.1325e-07 0.00153125
1.135e-07 0.000953124
1.1375e-07 0.000703124
1.14e-07 0.000546874
1.1425e-07 0.000937499
1.145e-07 0.000999999
1.1475e-07 0.000906249
1.15e-07 0.000718749
1.1525e-07 0.00103125
1.155e-07 0.000937499
1.1575e-07 0.000124999
1.16e-07 0.000437499
1.1625e-07 0.000921874
1.165e-07 0.000656249
1.1675e-07 0.00153125
1.17e-07 0.00114062
1.1725e-07 0.00151562
1.175e-07 0.00125
1.1775e-07 0.00121875
1.18e-07 0.000781249
1.1825e-07 0.000734374
1.185e-07 0.000437499
1.1875e-07 0.000531249
1.19e-07 0.000343749
1.1925e-07 0.000593749
1.195e-07 0.000343749
1.1975e-07 6.24987e-05
1.2e-07 0.000249999
1.2025e-07 0.000359374
1.205e-07 0.000390624
1.2075e-07 0.000531249
1.21e-07 0.000421874
1.2125e-07 0.000687499
1.215e-07 0.000499999
1.2175e-07 0.000624999
1.22e-07 0.000937499
1.2225e-07 0.00128125
1.225e-07 0.000874999
1.2275e-07 0.000921874
1.23e-07 0.000781249
1.2325e-07 0.00139062
1.235e-07 0.000546874
1.2375e-07 0.000609374
1.24e-07 0.000812499
1.2425e-07 0.000656249
1.245e-07 0.000734374
1.2475e-07 0.000843749
1.25e-07 0.000953124
1.2525e-07 0.00128125
1.255e-07 0.000953124
1.2575e-07 0.00151562
1.26e-07 0.000984374
1.2625e-07 0.00120312
1.265e-07 0.00135937
1.2675e-07 0.000781249
1.27e-07 0.000890624
1.2725e-07 0.00114062
1.275e-07 0.000718749
1.2775e-07 0.000734374
1.28e-07 9.37487e-05
1.2825e-07 0.000859374
1.285e-07 0.000437499
1.2875e-07 0.000796874
1.29e-07 0.000999999
1.2925e-07 0.0011875
1.295e-07 0.00128125
1.2975e-07 0.00103125
1.3e-07 0.00157812
1.3025e-07 0.00117187
1.305e-07 0.00114062
1.3075e-07 0.00103125
1.31e-07 0.00114062
1.3125e-07 0.000812499
1.315e-07 0.000265624
1.3175e-07 0.000359374
1.32e-07 0.000312499
1.3225e-07 0.000609374
1.325e-07 0.000328124
1.3275e-07 0.000499999
1.33e-07 0.000484374
1.3325e-07 0.000812499
1.335e-07 0.00117187
1.3375e-07 0.000874999
1.34e-07 0.00160937
1.3425e-07 0.000796874
1.345e-07 0.000140624
1.3475e-07 -0.000812501
1.35e-07 -0.00167188
1.3525e-07 -0.00392188
1.355e-07 -0.00839063
1.3575e-07 -0.0104219
1.36e-07 0.000156249
1.3625e-07 0.0333125
1.365e-07 0.108453
1.3675e-07 0.210984
1.37e-07 0.266609
1.3725e-07 0.256328
1.375e-07 0.229625
1.3775e-07 0.187813
1.38e-07 0.119063
1.3825e-07 0.0496406
1.385e-07 0.00896875
1.3875e-07 -0.00392188
1.39e-07 -0.012375
1.3925e-07 -0.0332031
1.395e-07 -0.0614063
1.3975e-07 -0.0875938
1.4e-07 -0.107031
1.4025e-07 -0.119141
1.405e-07 -0.127922
1.4075e-07 -0.134141
1.41e-07 -0.138906
1.4125e-07 -0.139703
1.415e-07 -0.134172
1.4175e-07 -0.122422
1.42e-07 -0.109688
1.4225e-07 -0.102359
1.425e-07 -0.0995469
1.4275e-07 -0.0955625
1.43e-07 -0.0868906
1.4325e-07 -0.0725469
1.435e-07 -0.060375
1.4375e-07 -0.052
1.44e-07 -0.0421406
1.4425e-07 -0.0296719
1.445e-07 -0.0201406
1.4475e-07 -0.0110781
1.45e-07 -1.3113e-09
1.4525e-07 0.01525
1.455e-07 0.0298594
1.4575e-07 0.0424375
1.46e-07 0.0543281
1.4625e-07 0.0650625
1.465e-07 0.0760625
1.4675e-07 0.083875
1.47e-07 0.0879375
1.4725e-07 0.0890156
1.475e-07 0.0879063
1.4775e-07 0.0833125
1.48e-07 0.0765
1.4825e-07 0.0689531
1.485e-07 0.0620313
1.4875e-07 0.0510781
1.49e-07 0.0392031
1.4925e-07 0.0264062
1.495e-07 0.0149844
1.4975e-07 0.00557812
1.5e-07 -0.00345313
1.5025e-07 -0.0128281
1.505e-07 -0.020625
1.5075e-07 -0.0261094
1.51e-07 -0.0299688
1.5125e-07 -0.0337813
1.515e-07 -0.0381406
1.5175e-07 -0.0418594
1.52e-07 -0.0439844
1.5225e-07 -0.0465625
1.525e-07 -0.0499375
1.5275e-07 -0.0531875
1.53e-07 -0.0530469
1.5325e-07 -0.0505156
1.535e-07 -0.0476719
1.5375e-07 -0.0434844
1.54e-07 -0.0382969
1.5425e-07 -0.03125
1.545e-07 -0.0237656
1.5475e-07 -0.0169688
1.55e-07 -0.0103906
1.5525e-07 -0.00332813
1.555e-07 0.00401562
1.5575e-07 0.0102969
1.56e-07 0.0157344
1.5625e-07 0.0217656
1.565e-07 0.0267812
1.5675e-07 0.0319063
1.57e-07 0.0346094
1.5725e-07 0.0379844
1.575e-07 0.0395313
1.5775e-07 0.04125
1.58e-07 0.0422656
1.5825e-07 0.0412031
1.585e-07 0.0386563
1.5875e-07 0.0365625
1.59e-07 0.0331875
1.5925e-07 0.0290938
1.595e-07 0.0243594
1.5975e-07 0.0194844
1.6e-07 0.015
1.6025e-07 0.00970312
1.605e-07 0.00420312
1.6075e-07 -0.00115625
1.61e-07 -0.00601563
1.6125e-07 -0.00995313
1.615e-07 -0.014125
1.6175e-07 -0.018375
1.62e-07 -0.0216094
1.6225e-07 -0.0239063
1.625e-07 -0.026375
1.6275e-07 -0.02775
1.63e-07 -0.0295625
1.6325e-07 -0.0303281
1.635e-07 -0.0297031
1.6375e-07 -0.0295156
1.64e-07 -0.0282031
1.6425e-07 -0.0269375
1.645e-07 -0.023625
1.6475e-07 -0.0211094
1.65e-07 -0.0175156
1.6525e-07 -0.0133906
1.655e-07 -0.00985938
1.6575e-07 -0.00520313
1.66e-07 -0.00114063
1.6625e-07 0.00292187
1.665e-07 0.00670312
1.6675e-07 0.0103125
1.67e-07 0.0139531
1.6725e-07 0.0169531
1.675e-07 0.0191875
1.6775e-07 0.0203281
1.68e-07 0.0227812
1.6825e-07 0.024125
1.685e-07 0.0250625
1.6875e-07 0.0252187
1.69e-07 0.0244219
1.6925e-07 0.0242656
1.695e-07 0.0227187
1.6975e-07 0.0211094
1.7e-07 0.0191875
1.7025e-07 0.0168437
1.705e-07 0.0147031
1.7075e-07 0.0122344
1.71e-07 0.00851562
1.7125e-07 0.0060625
1.715e-07 0.00315625
1.7175e-07 -0.000265626
1.72e-07 -0.0033125
1.7225e-07 -0.00654688
1.725e-07 -0.008875
1.7275e-07 -0.0111094
1.73e-07 -0.0130313
1.7325e-07 -0.014625
1.735e-07 -0.0165156
1.7375e-07 -0.0171094
1.74e-07 -0.0171875
1.7425e-07 -0.0174531
1.745e-07 -0.0167344
1.7475e-07 -0.0163125
1.75e-07 -0.0152188
1.7525e-07 -0.0134219
1.755e-07 -0.0125
1.7575e-07 -0.0104063
1.76e-07 -0.00895313
1.7625e-07 -0.00715625
1.765e-07 -0.00542188
1.7675e-07 -0.0036875
1.77e-07 -0.00109375
1.7725e-07 0.0015
1.775e-07 0.0039375
1.7775e-07 0.00532812
1.78e-07 0.00704687
1.7825e-07 0.00898437
1.785e-07 0.00965625
1.7875e-07 0.0112656
1.79e-07 0.012
1.7925e-07 0.0127969
1.795e-07 0.0132344
1.7975e-07 0.0140312
1.8e-07 0.0131719
1.8025e-07 0.0130469
1.805e-07 0.0130625
1.8075e-07 0.0116875
1.81e-07 0.0106875
1.8125e-07 0.00928125
1.815e-07 0.0073125
1.8175e-07 0.0056875
1.82e-07 0.00426562
1.8225e-07 0.0025625
1.825e-07 0.000765624
1.8275e-07 -0.000546876
1.83e-07 -0.00201563
1.8325e-07 -0.00304688
1.835e-07 -0.00425
1.8375e-07 -0.00565625
1.84e-07 -0.00617188
1.8425e-07 -0.006375
1.845e-07 -0.0074375
1.8475e-07 -0.00709375
1.85e-07 -0.00726563
1.8525e-07 -0.00678125
1.855e-07 -0.00617188
1.8575e-07 -0.00615625
1.86e-07 -0.00592188
1.8625e-07 -0.00570313
1.865e-07 -0.00559375
1.8675e-07 -0.00453125
1.87e-07 -0.00390625
1.8725e-07 -0.00321875
1.875e-07 -0.00165625
1.8775e-07 -0.000656251
1.88e-07 0.000531249
1.8825e-07 0.00175
1.885e-07 0.00265625
1.8875e-07 0.00378125
1.89e-07 0.00428125
1.8925e-07 0.0051875
1.895e-07 0.00565625
1.8975e-07 0.00596875
1.9e-07 0.00673437
1.9025e-07 0.00704687
1.905e-07 0.00692187
1.9075e-07 0.00678125
1.91e-07 0.00670312
1.9125e-07 0.00653125
1.915e-07 0.00634375
1.9175e-07 0.00557812
1.92e-07 0.004875
1.9225e-07 0.00428125
1.925e-07 0.00314062
1.9275e-07 0.001875
1.93e-07 0.00101562
1.9325e-07 0.000296874
1.935e-07 -0.000500001
1.9375e-07 -0.00120313
1.94e-07 -0.00145313
1.9425e-07 -0.0019375
1.945e-07 -0.00198438
1.9475e-07 -0.0025
1.95e-07 -0.00214063
1.9525e-07 -0.00248438
1.955e-07 -0.00284375
1.9575e-07 -0.0026875
1.96e-07 -0.00309375
1.9625e-07 -0.0030625
1.965e-07 -0.00303125
1.9675e-07 -0.00315625
1.97e-07 -0.00292188
1.9725e-07 -0.00257813
1.975e-07 -0.0023125
1.9775e-07 -0.00201563
1.98e-07 -0.000921876
1.9825e-07 -0.000359376
1.985e-07 -0.000140626
1.9875e-07 0.00109375
1.99e-07 0.0011875
1.9925e-07 0.00195312
1.995e-07 0.00221875
1.9975e-07 0.00278125
2e-07 0.003
2.0025e-07 0.00342187
2.005e-07 0.00359375
2.0075e-07 0.00348437
2.01e-07 0.00432812
2.0125e-07 0.00414062
2.015e-07 0.00417187
2.0175e-07 0.00403125
2.02e-07 0.00442187
2.0225e-07 0.00307812
2.025e-07 0.00303125
2.0275e-07 0.00284375
2.03e-07 0.00246875
2.0325e-07 0.00210937
2.035e-07 0.00165625
2.0375e-07 0.000796874
2.04e-07 0.000765624
2.0425e-07 0.000578124
2.045e-07 0.000265624
2.0475e-07 -0.000265626
2.05e-07 -0.000140626
2.0525e-07 -0.000578126
2.055e-07 -0.000703126
2.0575e-07 -0.000562501
2.06e-07 -0.000656251
2.0625e-07 -0.000906251
2.065e-07 -0.000937501
2.0675e-07 -0.00142188
2.07e-07 -0.00103125
2.0725e-07 -0.000953126
2.075e-07 -0.00126563
2.0775e-07 -0.001
2.08e-07 -0.000968751
2.0825e-07 -0.000437501
2.085e-07 -0.000437501
2.0875e-07 -0.000140626
2.09e-07 -0.000484376
2.0925e-07 0.000218749
2.095e-07 -4.68763e-05
2.0975e-07 0.000640624
2.1e-07 0.000921874
2.1025e-07 0.00107812
2.105e-07 0.00153125
2.1075e-07 0.00101562
2.11e-07 0.0016875
2.1125e-07 0.00192187
2.115e-07 0.00204687
2.1175e-07 0.00179687
2.12e-07 0.00221875
2.1225e-07 0.00190625
2.125e-07 0.00225
2.1275e-07 0.00184375
2.13e-07 0.00234375
2.1325e-07 0.00217187
2.135e-07 0.00201562
2.1375e-07 0.00173437
2.14e-07 0.00171875
2.1425e-07 0.00151562
2.145e-07 0.00104687
2.1475e-07 0.000968749
2.15e-07 0.00117187
2.1525e-07 0.00107812
2.155e-07 0.000515624
2.1575e-07 0.000359374
2.16e-07 0.000734374
2.1625e-07 0.000703124
2.165e-07 0.000265624
2.1675e-07 -6.25013e-05
2.17e-07 0.000374999
2.1725e-07 0.000359374
2.175e-07 7.81237e-05
2.1775e-07 -0.000484376
2.18e-07 0.000406249
2.1825e-07 -1.3113e-09
2.185e-07 0.000312499
2.1875e-07 -0.000109376
2.19e-07 0.000156249
2.1925e-07 0.000578124
2.195e-07 0.000203124
2.1975e-07 0.000328124
2.2e-07 0.000124999
2.2025e-07 0.000421874
2.205e-07 0.000484374
2.2075e-07 0.000656249
2.21e-07 0.000812499
2.2125e-07 0.00104687
2.215e-07 0.00120312
2.2175e-07 0.00110937
2.22e-07 0.00146875
2.2225e-07 0.00153125
2.225e-07 0.00142187
2.2275e-07 0.0015
2.23e-07 0.00145312
2.2325e-07 0.00117187
2.235e-07 0.00128125
2.2375e-07 0.000968749
2.24e-07 0.00107812
2.2425e-07 0.000843749
2.245e-07 0.00110937
2.2475e-07 0.000437499
