-2.5e-08 0.000624999
-2.475e-08 0.000742187
-2.45e-08 0.000531249
-2.425e-08 0.000664062
-2.4e-08 0.000601562
-2.375e-08 0.000484374
-2.35e-08 0.000499999
-2.325e-08 0.000726562
-2.3e-08 0.000601562
-2.275e-08 0.000671874
-2.25e-08 0.000468749
-2.225e-08 0.000843749
-2.2e-08 0.000460937
-2.175e-08 0.000640624
-2.15e-08 0.000539062
-2.125e-08 0.000460937
-2.1e-08 0.000671874
-2.075e-08 0.000484374
-2.05e-08 0.000421874
-2.025e-08 0.000664062
-2e-08 0.000359374
-1.975e-08 0.000640624
-1.95e-08 0.000898437
-1.925e-08 0.000523437
-1.9e-08 0.000554687
-1.875e-08 0.000945312
-1.85e-08 0.000617187
-1.825e-08 0.000617187
-1.8e-08 0.000632812
-1.775e-08 0.000554687
-1.75e-08 0.000476562
-1.725e-08 0.000523437
-1.7e-08 0.000468749
-1.675e-08 0.000828124
-1.65e-08 0.000609374
-1.625e-08 0.000578124
-1.6e-08 0.000492187
-1.575e-08 0.000632812
-1.55e-08 0.000609374
-1.525e-08 0.000585937
-1.5e-08 0.000742187
-1.475e-08 0.000414062
-1.45e-08 0.000726562
-1.425e-08 0.000632812
-1.4e-08 0.000414062
-1.375e-08 0.000664062
-1.35e-08 0.000476562
-1.325e-08 0.000664062
-1.3e-08 0.000484374
-1.275e-08 0.000578124
-1.25e-08 0.000453124
-1.225e-08 0.000484374
-1.2e-08 0.000539062
-1.175e-08 0.000609374
-1.15e-08 0.000617187
-1.125e-08 0.000546874
-1.1e-08 0.000578124
-1.075e-08 0.000390624
-1.05e-08 0.000546874
-1.025e-08 0.000773437
-1e-08 0.000460937
-9.75e-09 0.000765624
-9.5e-09 0.000507812
-9.25e-09 0.000406249
-9e-09 0.000773437
-8.75e-09 0.000429687
-8.5e-09 0.000968749
-8.25e-09 0.000382812
-8e-09 0.000546874
-7.75e-09 0.000328124
-7.5e-09 0.000703124
-7.25e-09 0.000476562
-7e-09 0.000367187
-6.75e-09 0.000710937
-6.5e-09 0.000531249
-6.25e-09 0.000679687
-6e-09 0.000374999
-5.75e-09 0.000851562
-5.5e-09 0.000445312
-5.25e-09 0.000656249
-5e-09 0.000695312
-4.75e-09 0.000789062
-4.5e-09 0.000648437
-4.25e-09 0.000265624
-4e-09 0.000546874
-3.75e-09 0.000664062
-3.5e-09 0.000539062
-3.25e-09 0.000445312
-3e-09 0.000554687
-2.75e-09 0.000374999
-2.5e-09 0.000843749
-2.25e-09 0.000499999
-2e-09 0.000374999
-1.75e-09 0.000468749
-1.5e-09 0.000609374
-1.25e-09 0.000851562
-1e-09 0.000531249
-7.5e-10 0.000398437
-5e-10 0.000523437
-2.5e-10 0.000906249
0 0.000328124
2.5e-10 0.000726562
5e-10 0.000742187
7.5e-10 0.00150781
1e-09 0.00257812
1.25e-09 0.00635156
1.5e-09 0.00495312
1.75e-09 -0.00385156
2e-09 -0.00255469
2.25e-09 0.00602344
2.5e-09 0.0100625
2.75e-09 0.00710156
3e-09 0.0043125
3.25e-09 0.002875
3.5e-09 0.00129687
3.75e-09 -0.000281251
4e-09 -0.00110938
4.25e-09 -0.000906251
4.5e-09 -0.00105469
4.75e-09 -0.00145313
5e-09 -0.00180469
5.25e-09 -0.001375
5.5e-09 -0.00110938
5.75e-09 -0.00153125
6e-09 -0.00210938
6.25e-09 -0.00259375
6.5e-09 -0.00195313
6.75e-09 -0.00238281
7e-09 -0.00249219
7.25e-09 -0.00207031
7.5e-09 -0.00135156
7.75e-09 -0.000484376
8e-09 -0.000835938
8.25e-09 -0.0020625
8.5e-09 -0.00141406
8.75e-09 0.000874999
9e-09 0.00173437
9.25e-09 0.00151562
9.5e-09 0.000749999
9.75e-09 0.000335937
1e-08 0.000328124
1.025e-08 0.000499999
1.05e-08 0.000898437
1.075e-08 0.00178906
1.1e-08 0.00165625
1.125e-08 0.0015
1.15e-08 0.00146875
1.175e-08 0.00190625
1.2e-08 0.00185937
1.225e-08 0.00224219
1.25e-08 0.00221094
1.275e-08 0.00239062
1.3e-08 0.00271094
1.325e-08 0.0025625
1.35e-08 0.00238281
1.375e-08 0.00196875
1.4e-08 0.00271875
1.425e-08 0.00357812
1.45e-08 0.0011875
1.475e-08 -0.0019375
1.5e-08 -0.00249219
1.525e-08 -0.000398438
1.55e-08 0.000148437
1.575e-08 0.000132812
1.6e-08 -4.68757e-05
1.625e-08 -0.000703126
1.65e-08 -0.000914063
1.675e-08 -0.00141406
1.7e-08 -0.00244531
1.725e-08 -0.00244531
1.75e-08 -0.00258594
1.775e-08 -0.00186719
1.8e-08 -0.00171875
1.825e-08 -0.00142969
1.85e-08 -0.000984376
1.875e-08 -0.000429688
1.9e-08 3.90618e-05
1.925e-08 0.000242187
1.95e-08 0.000468749
1.975e-08 0.000453124
2e-08 0.000874999
2.025e-08 0.00119531
2.05e-08 0.00175
2.075e-08 0.00278906
2.1e-08 0.00254687
2.125e-08 0.00253906
2.15e-08 0.00239844
2.175e-08 0.00251562
2.2e-08 0.00223437
2.225e-08 0.00242187
2.25e-08 0.00236719
2.275e-08 0.00223437
2.3e-08 0.00220312
2.325e-08 0.00229687
2.35e-08 0.0021875
2.375e-08 0.0021875
2.4e-08 0.00147656
2.425e-08 0.00132812
2.45e-08 0.0011875
2.475e-08 0.000968749
2.5e-08 0.000421874
2.525e-08 0.000242187
2.55e-08 -0.000140626
2.575e-08 -0.000195313
2.6e-08 -0.000296876
2.625e-08 -0.000468751
2.65e-08 -0.000976563
2.675e-08 -0.000859376
2.7e-08 -0.000906251
2.725e-08 -0.000429688
2.75e-08 -0.000882813
2.775e-08 -0.000992188
2.8e-08 -0.00117188
2.825e-08 -0.000789063
2.85e-08 -0.00101563
2.875e-08 -0.000406251
2.9e-08 -0.000304688
2.925e-08 -0.000125001
2.95e-08 0.000132812
2.975e-08 0.000679687
3e-08 0.000718749
3.025e-08 0.000710937
3.05e-08 0.000843749
3.075e-08 0.000929687
3.1e-08 0.000515624
3.125e-08 0.001125
3.15e-08 0.00129687
3.175e-08 0.00171094
3.2e-08 0.00139062
3.225e-08 0.00144531
3.25e-08 0.00170312
3.275e-08 0.00160937
3.3e-08 0.00160156
3.325e-08 0.00147656
3.35e-08 0.00150781
3.375e-08 0.00157031
3.4e-08 0.00139844
3.425e-08 0.00120312
3.45e-08 0.0010625
3.475e-08 0.000640624
3.5e-08 0.000796874
3.525e-08 0.000742187
3.55e-08 0.000312499
3.575e-08 0.000289062
3.6e-08 0.000218749
3.625e-08 0.000328124
3.65e-08 0.000234374
3.675e-08 -4.68757e-05
3.7e-08 -0.000117188
3.725e-08 -0.000296876
3.75e-08 -0.000242188
3.775e-08 -0.000570313
3.8e-08 -0.000968751
3.825e-08 -0.000507813
3.85e-08 0.000117187
3.875e-08 0.000328124
3.9e-08 0.000367187
3.925e-08 0.000195312
3.95e-08 0.000242187
3.975e-08 0.000429687
4e-08 0.000406249
4.025e-08 0.000499999
4.05e-08 0.000585937
4.075e-08 0.000960937
4.1e-08 0.00108594
4.125e-08 0.000773437
4.15e-08 0.000593749
4.175e-08 0.00109375
4.2e-08 0.00120312
4.225e-08 0.00147656
4.25e-08 0.00124219
4.275e-08 0.00110156
4.3e-08 0.00115625
4.325e-08 0.000984374
4.35e-08 0.00135937
4.375e-08 0.000835937
4.4e-08 0.00110937
4.425e-08 0.000718749
4.45e-08 0.000757812
4.475e-08 0.000640624
4.5e-08 0.00101562
4.525e-08 0.000882812
4.55e-08 0.000617187
4.575e-08 0.000523437
4.6e-08 0.000476562
4.625e-08 0.000882812
4.65e-08 0.00105469
4.675e-08 0.000757812
4.7e-08 0.000539062
4.725e-08 0.000546874
4.75e-08 0.000617187
4.775e-08 0.000609374
4.8e-08 2.34368e-05
4.825e-08 -0.000742188
4.85e-08 -0.000835938
4.875e-08 -7.81257e-05
4.9e-08 0.000867187
4.925e-08 0.000578124
4.95e-08 -0.000187501
4.975e-08 0.000109374
5e-08 0.000757812
5.025e-08 0.000867187
5.05e-08 0.000703124
5.075e-08 0.000687499
5.1e-08 0.000726562
5.125e-08 0.000687499
5.15e-08 0.000226562
5.175e-08 0.000499999
5.2e-08 0.000507812
5.225e-08 0.000632812
5.25e-08 0.000617187
5.275e-08 0.000578124
5.3e-08 0.000789062
5.325e-08 0.000726562
5.35e-08 0.000773437
5.375e-08 0.000679687
5.4e-08 0.000695312
5.425e-08 0.000789062
5.45e-08 0.000742187
5.475e-08 0.000671874
5.5e-08 0.000539062
5.525e-08 0.000492187
5.55e-08 0.000460937
5.575e-08 0.000804687
5.6e-08 0.000851562
5.625e-08 0.000890624
5.65e-08 0.000945312
5.675e-08 0.000937499
5.7e-08 0.000773437
5.725e-08 0.000617187
5.75e-08 0.000367187
5.775e-08 0.000687499
5.8e-08 0.000328124
5.825e-08 0.000382812
5.85e-08 0.000257812
5.875e-08 0.000953124
5.9e-08 0.000812499
5.925e-08 0.000773437
5.95e-08 0.000757812
5.975e-08 0.000562499
6e-08 0.000523437
6.025e-08 0.000445312
6.05e-08 0.000289062
6.075e-08 0.000335937
6.1e-08 0.000132812
6.125e-08 0.000296874
6.15e-08 1.56243e-05
6.175e-08 0.000140624
6.2e-08 0.000343749
6.225e-08 0.000398437
6.25e-08 0.000601562
6.275e-08 0.000499999
6.3e-08 0.000773437
6.325e-08 0.000554687
6.35e-08 0.000624999
6.375e-08 0.000406249
6.4e-08 0.000414062
6.425e-08 0.000273437
6.45e-08 0.000523437
6.475e-08 0.000601562
6.5e-08 0.000523437
6.525e-08 0.000585937
6.55e-08 0.000796874
6.575e-08 0.000609374
6.6e-08 0.000843749
6.625e-08 0.000695312
6.65e-08 0.000437499
6.675e-08 0.000421874
6.7e-08 0.000195312
6.725e-08 0.000476562
6.75e-08 0.000453124
6.775e-08 0.000789062
6.8e-08 0.000609374
6.825e-08 0.000874999
6.85e-08 0.000914062
6.875e-08 0.000906249
6.9e-08 0.000835937
6.925e-08 0.000695312
6.95e-08 0.000843749
6.975e-08 0.000851562
7e-08 0.000992187
7.025e-08 0.000695312
7.05e-08 0.000812499
7.075e-08 0.000445312
7.1e-08 0.000773437
7.125e-08 0.000554687
7.15e-08 0.000468749
7.175e-08 0.000617187
7.2e-08 0.000351562
7.225e-08 0.000367187
7.25e-08 -7.81257e-05
7.275e-08 0.000421874
7.3e-08 7.81184e-06
7.325e-08 0.000218749
7.35e-08 0.000179687
7.375e-08 0.000617187
7.4e-08 0.000343749
7.425e-08 0.000671874
7.45e-08 7.81243e-05
7.475e-08 0.000226562
7.5e-08 8.59368e-05
7.525e-08 -6.25007e-05
7.55e-08 -2.34382e-05
7.575e-08 -3.12507e-05
7.6e-08 0.000265624
7.625e-08 -7.81257e-05
7.65e-08 0.000101562
7.675e-08 0.000351562
7.7e-08 0.000812499
7.725e-08 0.00146875
7.75e-08 0.00147656
7.775e-08 0.00135937
7.8e-08 0.00114062
7.825e-08 0.00117187
7.85e-08 0.00115625
7.875e-08 0.00142187
7.9e-08 0.00151562
7.925e-08 0.00172656
7.95e-08 0.0019375
7.975e-08 0.00208594
8e-08 0.00142969
8.025e-08 0.00151562
8.05e-08 0.000843749
8.075e-08 0.000984374
8.1e-08 0.000789062
8.125e-08 0.00139844
8.15e-08 0.00139844
8.175e-08 0.00164062
8.2e-08 0.00113281
8.225e-08 0.000648437
8.25e-08 0.000195312
8.275e-08 0.000195312
8.3e-08 -6.25007e-05
8.325e-08 -0.000203126
8.35e-08 -0.000679688
8.375e-08 -0.000781251
8.4e-08 -0.000789063
8.425e-08 -0.000906251
8.45e-08 -0.000828126
8.475e-08 -0.000875001
8.5e-08 -0.000523438
8.525e-08 -0.000203126
8.55e-08 0.000109374
8.575e-08 0.000562499
8.6e-08 0.00102344
8.625e-08 0.00105469
8.65e-08 0.000703124
8.675e-08 -2.34382e-05
8.7e-08 -0.000601563
8.725e-08 -0.000218751
8.75e-08 7.81243e-05
8.775e-08 -7.03132e-05
8.8e-08 0.000195312
8.825e-08 0.000374999
8.85e-08 0.000406249
8.875e-08 0.000343749
8.9e-08 0.000226562
8.925e-08 0.000289062
8.95e-08 0.000406249
8.975e-08 0.000499999
9e-08 0.000742187
9.025e-08 0.000726562
9.05e-08 0.000921874
9.075e-08 0.00111719
9.1e-08 0.000898437
9.125e-08 0.000640624
9.15e-08 0.000992187
9.175e-08 0.000468749
9.2e-08 0.000718749
9.225e-08 0.000898437
9.25e-08 0.00108594
9.275e-08 0.00139062
9.3e-08 0.00135937
9.325e-08 0.00104687
9.35e-08 0.000828124
9.375e-08 0.000984374
9.4e-08 0.00104687
9.425e-08 0.00117187
9.45e-08 0.000843749
9.475e-08 0.000179687
9.5e-08 5.46868e-05
9.525e-08 0.000140624
9.55e-08 0.000382812
9.575e-08 0.000859374
9.6e-08 0.00136719
9.625e-08 0.00200781
9.65e-08 0.00226562
9.675e-08 0.00257812
9.7e-08 0.00257812
9.725e-08 0.00228906
9.75e-08 0.00166406
9.775e-08 0.00114844
9.8e-08 0.000742187
9.825e-08 0.000492187
9.85e-08 0.000164062
9.875e-08 -0.000343751
9.9e-08 -0.000164063
9.925e-08 -0.000421876
9.95e-08 6.24993e-05
9.975e-08 -0.000210938
1e-07 0.000476562
1.0025e-07 0.000671874
1.005e-07 0.000718749
1.0075e-07 0.000835937
1.01e-07 0.000218749
1.0125e-07 0.000132812
1.015e-07 -0.000695313
1.0175e-07 -0.000671876
1.02e-07 -0.000398438
1.0225e-07 -3.12507e-05
1.025e-07 -0.000218751
1.0275e-07 -0.000234376
1.03e-07 -0.000273438
1.0325e-07 -0.000234376
1.035e-07 -2.34382e-05
1.0375e-07 0.000187499
1.04e-07 7.81243e-05
1.0425e-07 0.000523437
1.045e-07 0.000343749
1.0475e-07 0.000570312
1.05e-07 0.000796874
1.0525e-07 0.000351562
1.055e-07 7.81184e-06
1.0575e-07 -0.000156251
1.06e-07 -0.000109376
1.0625e-07 0.000156249
1.065e-07 0.000296874
1.0675e-07 0.000140624
1.07e-07 0.000546874
1.0725e-07 0.000671874
1.075e-07 0.00116406
1.0775e-07 0.00123437
1.08e-07 0.00116406
1.0825e-07 0.00123437
1.085e-07 0.0014375
1.0875e-07 0.00165625
1.09e-07 0.00109375
1.0925e-07 0.000226562
1.095e-07 0.000101562
1.0975e-07 0.000249999
1.1e-07 0.000726562
1.1025e-07 0.00101562
1.105e-07 0.00113281
1.1075e-07 0.000960937
1.11e-07 0.00128906
1.1125e-07 0.00109375
1.115e-07 0.000960937
1.1175e-07 0.000546874
1.12e-07 0.000781249
1.1225e-07 0.000429687
1.125e-07 0.000531249
1.1275e-07 0.000218749
1.13e-07 0.000156249
1.1325e-07 3.90618e-05
1.135e-07 0.000320312
1.1375e-07 0.000343749
1.14e-07 0.00124219
1.1425e-07 0.00132031
1.145e-07 0.00185937
1.1475e-07 0.00175781
1.15e-07 0.00142187
1.1525e-07 0.00139062
1.155e-07 0.000898437
1.1575e-07 0.000367187
1.16e-07 -7.03132e-05
1.1625e-07 -0.000578126
1.165e-07 -0.000601563
1.1675e-07 -0.000437501
1.17e-07 -0.000406251
1.1725e-07 -9.37507e-05
1.175e-07 -0.000367188
1.1775e-07 3.12493e-05
1.18e-07 4.68743e-05
1.1825e-07 0.000351562
1.185e-07 0.000312499
1.1875e-07 0.000570312
1.19e-07 0.000679687
1.1925e-07 0.000617187
1.195e-07 0.000585937
1.1975e-07 0.000757812
1.2e-07 0.000257812
1.2025e-07 0.000148437
1.205e-07 0.000304687
1.2075e-07 0.000304687
1.21e-07 0.000296874
1.2125e-07 0.000531249
1.215e-07 0.000484374
1.2175e-07 0.000609374
1.22e-07 0.000804687
1.2225e-07 0.00121094
1.225e-07 0.000867187
1.2275e-07 0.00107031
1.23e-07 0.000789062
1.2325e-07 0.000882812
1.235e-07 0.000601562
1.2375e-07 0.000929687
1.24e-07 0.000664062
1.2425e-07 0.00102344
1.245e-07 0.00113281
1.2475e-07 0.00132812
1.25e-07 0.001125
1.2525e-07 0.001125
1.255e-07 0.00107812
1.2575e-07 0.000882812
1.26e-07 0.000703124
1.2625e-07 0.000898437
1.265e-07 0.000171874
1.2675e-07 0.000273437
1.27e-07 0.000289062
1.2725e-07 0.000367187
1.275e-07 0.000632812
1.2775e-07 0.000445312
1.28e-07 0.000570312
1.2825e-07 0.000859374
1.285e-07 0.000898437
1.2875e-07 0.000999999
1.29e-07 0.001125
1.2925e-07 0.000898437
1.295e-07 0.000757812
1.2975e-07 0.000429687
1.3e-07 0.000195312
1.3025e-07 0.000289062
1.305e-07 -4.68757e-05
1.3075e-07 6.24993e-05
1.31e-07 -8.59382e-05
1.3125e-07 -0.000289063
1.315e-07 -6.25007e-05
1.3175e-07 -0.000132813
1.32e-07 0.000148437
1.3225e-07 6.24993e-05
1.325e-07 0.000499999
1.3275e-07 0.000499999
1.33e-07 0.000374999
1.3325e-07 0.000804687
1.335e-07 0.000585937
1.3375e-07 0.000484374
1.34e-07 0.000351562
1.3425e-07 0.000304687
1.345e-07 0.000156249
1.3475e-07 -0.000593751
1.35e-07 0.00259375
1.3525e-07 0.0206328
1.355e-07 0.0578516
1.3575e-07 0.0883047
1.36e-07 0.0844688
1.3625e-07 0.0654766
1.365e-07 0.0609375
1.3675e-07 0.0680781
1.37e-07 0.0610078
1.3725e-07 0.0344219
1.375e-07 0.00461719
1.3775e-07 -0.0191953
1.38e-07 -0.0379609
1.3825e-07 -0.0499141
1.385e-07 -0.0538672
1.3875e-07 -0.0498359
1.39e-07 -0.0307734
1.3925e-07 -1.56257e-05
1.395e-07 0.0188828
1.3975e-07 0.0146563
1.4e-07 0.00209375
1.4025e-07 -0.0123906
1.405e-07 -0.0311797
1.4075e-07 -0.0456094
1.41e-07 -0.0535469
1.4125e-07 -0.0596563
1.415e-07 -0.0669766
1.4175e-07 -0.0746328
1.42e-07 -0.0758438
1.4225e-07 -0.0712422
1.425e-07 -0.0664609
1.4275e-07 -0.0640781
1.43e-07 -0.0639375
1.4325e-07 -0.0626797
1.435e-07 -0.0597266
1.4375e-07 -0.0453906
1.44e-07 0.00285156
1.4425e-07 0.0759766
1.445e-07 0.111477
1.4475e-07 0.08925
1.45e-07 0.0583672
1.4525e-07 0.0324141
1.455e-07 0.005625
1.4575e-07 -0.00961719
1.46e-07 -0.00942188
1.4625e-07 -0.00479688
1.465e-07 -0.00153906
1.4675e-07 -0.00235156
1.47e-07 -0.000218751
1.4725e-07 0.0059375
1.475e-07 0.00691406
1.4775e-07 -0.00425781
1.48e-07 -0.0217969
1.4825e-07 -0.0325859
1.485e-07 -0.0302891
1.4875e-07 -0.0161953
1.49e-07 0.00941406
1.4925e-07 0.0393047
1.495e-07 0.0576172
1.4975e-07 0.0548125
1.5e-07 0.0371719
1.5025e-07 0.0176172
1.505e-07 0.00335156
1.5075e-07 -0.00476563
1.51e-07 -0.00777344
1.5125e-07 -0.0128438
1.515e-07 -0.0247188
1.5175e-07 -0.0400469
1.52e-07 -0.0518516
1.5225e-07 -0.0536016
1.525e-07 -0.0527188
1.5275e-07 -0.0556484
1.53e-07 -0.0561797
1.5325e-07 -0.0478672
1.535e-07 -0.0349063
1.5375e-07 -0.0212969
1.54e-07 -0.0048125
1.5425e-07 0.0131797
1.545e-07 0.0240781
1.5475e-07 0.0310625
1.55e-07 0.0375781
1.5525e-07 0.0453516
1.555e-07 0.0504453
1.5575e-07 0.0485234
1.56e-07 0.0422266
1.5625e-07 0.0372422
1.565e-07 0.0339297
1.5675e-07 0.0309219
1.57e-07 0.029125
1.5725e-07 0.0295703
1.575e-07 0.0288281
1.5775e-07 0.0227031
1.58e-07 0.013
1.5825e-07 0.00524219
1.585e-07 0.00194531
1.5875e-07 0.00301562
1.59e-07 0.00799219
1.5925e-07 0.0155234
1.595e-07 0.0190313
1.5975e-07 0.0151797
1.6e-07 0.00766406
1.6025e-07 0.00341406
1.605e-07 0.00150781
1.6075e-07 -0.00207031
1.61e-07 -0.00748438
1.6125e-07 -0.0104688
1.615e-07 -0.0116172
1.6175e-07 -0.01275
1.62e-07 -0.0173906
1.6225e-07 -0.0240156
1.625e-07 -0.0303516
1.6275e-07 -0.0345234
1.63e-07 -0.0352422
1.6325e-07 -0.0315234
1.635e-07 -0.0262422
1.6375e-07 -0.0217813
1.64e-07 -0.0177734
1.6425e-07 -0.0127109
1.645e-07 -0.0065625
1.6475e-07 -0.00153906
1.65e-07 0.00257812
1.6525e-07 0.00899219
1.655e-07 0.0179453
1.6575e-07 0.0250859
1.66e-07 0.0268281
1.6625e-07 0.025
1.665e-07 0.0232969
1.6675e-07 0.0232031
1.67e-07 0.0241094
1.6725e-07 0.0250469
1.675e-07 0.02475
1.6775e-07 0.0224141
1.68e-07 0.0188203
1.6825e-07 0.0159922
1.685e-07 0.0142031
1.6875e-07 0.0109766
1.69e-07 0.0076875
1.6925e-07 0.00672656
1.695e-07 0.00848437
1.6975e-07 0.0108984
1.7e-07 0.0100391
1.7025e-07 0.00624219
1.705e-07 0.0028125
1.7075e-07 0.000624999
1.71e-07 -0.000546876
1.7125e-07 -0.002
1.715e-07 -0.00374219
1.7175e-07 -0.00455469
1.72e-07 -0.00574219
1.7225e-07 -0.00742188
1.725e-07 -0.0108047
1.7275e-07 -0.0150703
1.73e-07 -0.0183125
1.7325e-07 -0.0192188
1.735e-07 -0.0173906
1.7375e-07 -0.0156328
1.74e-07 -0.0154219
1.7425e-07 -0.0160859
1.745e-07 -0.0162109
1.7475e-07 -0.0144375
1.75e-07 -0.01225
1.7525e-07 -0.00998438
1.755e-07 -0.00675
1.7575e-07 -0.00291406
1.76e-07 0.000851562
1.7625e-07 0.00409375
1.765e-07 0.00559375
1.7675e-07 0.00609375
1.77e-07 0.00666406
1.7725e-07 0.00871094
1.775e-07 0.0115469
1.7775e-07 0.0140469
1.78e-07 0.0146172
1.7825e-07 0.01375
1.785e-07 0.0130703
1.7875e-07 0.0127266
1.79e-07 0.011625
1.7925e-07 0.0103047
1.795e-07 0.00953125
1.7975e-07 0.010375
1.8e-07 0.0114766
1.8025e-07 0.0112656
1.805e-07 0.00922656
1.8075e-07 0.00633594
1.81e-07 0.00389062
1.8125e-07 0.00303125
1.815e-07 0.00280469
1.8175e-07 0.002
1.82e-07 0.00133594
1.8225e-07 0.000421874
1.825e-07 -0.000437501
1.8275e-07 -0.00191406
1.83e-07 -0.00415625
1.8325e-07 -0.00675
1.835e-07 -0.00739844
1.8375e-07 -0.00697656
1.84e-07 -0.00607031
1.8425e-07 -0.00625
1.845e-07 -0.00667969
1.8475e-07 -0.00739844
1.85e-07 -0.00760938
1.8525e-07 -0.00721875
1.855e-07 -0.00614844
1.8575e-07 -0.00496875
1.86e-07 -0.00348438
1.8625e-07 -0.00183594
1.865e-07 -0.000570313
1.8675e-07 0.000265624
1.87e-07 0.000414062
1.8725e-07 0.000179687
1.875e-07 0.00107031
1.8775e-07 0.00257031
1.88e-07 0.00416406
1.8825e-07 0.00501562
1.885e-07 0.00521875
1.8875e-07 0.00489062
1.89e-07 0.00497656
1.8925e-07 0.00541406
1.895e-07 0.00482812
1.8975e-07 0.005125
1.9e-07 0.0055625
1.9025e-07 0.00664844
1.905e-07 0.00653125
1.9075e-07 0.00635937
1.91e-07 0.00546094
1.9125e-07 0.00405469
1.915e-07 0.00404687
1.9175e-07 0.00414844
1.92e-07 0.00389844
1.9225e-07 0.00389062
1.925e-07 0.00317969
1.9275e-07 0.00265625
1.93e-07 0.00164844
1.9325e-07 0.000640624
1.935e-07 -0.000476563
1.9375e-07 -0.00147656
1.94e-07 -0.00107813
1.9425e-07 -0.000914063
1.945e-07 -0.00109375
1.9475e-07 -0.002
1.95e-07 -0.00300781
1.9525e-07 -0.00370313
1.955e-07 -0.00421094
1.9575e-07 -0.00408594
1.96e-07 -0.00383594
1.9625e-07 -0.00323438
1.965e-07 -0.00259375
1.9675e-07 -0.00188281
1.97e-07 -0.00167188
1.9725e-07 -0.00153906
1.975e-07 -0.00178125
1.9775e-07 -0.00127344
1.98e-07 -0.000445313
1.9825e-07 0.000656249
1.985e-07 0.00154687
1.9875e-07 0.00172656
1.99e-07 0.00152344
1.9925e-07 0.001375
1.995e-07 0.00125781
1.9975e-07 0.000851562
2e-07 0.000734374
2.0025e-07 0.00139062
2.005e-07 0.00166406
2.0075e-07 0.00219531
2.01e-07 0.00182031
2.0125e-07 0.00153906
2.015e-07 0.00125781
2.0175e-07 0.00109375
2.02e-07 0.00178906
2.0225e-07 0.00233594
2.025e-07 0.00267187
2.0275e-07 0.00250781
2.03e-07 0.00251562
2.0325e-07 0.00264062
2.035e-07 0.00225781
2.0375e-07 0.00175781
2.04e-07 0.00113281
2.0425e-07 0.00142187
2.045e-07 0.0016875
2.0475e-07 0.00185156
2.05e-07 0.00129687
2.0525e-07 0.000914062
2.055e-07 -7.81316e-06
2.0575e-07 -0.000171876
2.06e-07 -0.000390626
2.0625e-07 -0.000242188
2.065e-07 -0.000195313
2.0675e-07 -0.000226563
2.07e-07 0.000203124
2.0725e-07 0.000249999
2.075e-07 7.81243e-05
2.0775e-07 3.90618e-05
2.08e-07 5.46868e-05
2.0825e-07 0.000507812
2.085e-07 0.00117187
2.0875e-07 0.00167969
2.09e-07 0.00171094
2.0925e-07 0.00159375
2.095e-07 0.00126562
2.0975e-07 0.00111719
2.1e-07 0.000789062
2.1025e-07 0.000890624
2.105e-07 0.000867187
2.1075e-07 0.000976562
2.11e-07 0.00128906
2.1125e-07 0.00111719
2.115e-07 0.000742187
2.1175e-07 8.59368e-05
2.12e-07 -6.55651e-10
2.1225e-07 0.000234374
2.125e-07 0.000257812
2.1275e-07 0.000765624
2.13e-07 0.000593749
2.1325e-07 0.000718749
2.135e-07 0.000679687
2.1375e-07 0.000929687
2.14e-07 0.000601562
2.1425e-07 0.000406249
2.145e-07 0.000296874
2.1475e-07 0.000578124
2.15e-07 0.000734374
2.1525e-07 0.000609374
2.155e-07 0.000156249
2.1575e-07 -0.000312501
2.16e-07 -0.000617188
2.1625e-07 -0.000726563
2.165e-07 -0.000671876
2.1675e-07 -0.000882813
2.17e-07 -0.000773438
2.1725e-07 -0.000242188
2.175e-07 -0.000367188
2.1775e-07 -0.000460938
2.18e-07 -0.000328126
2.1825e-07 -0.000304688
2.185e-07 -0.000234376
2.1875e-07 0.000226562
2.19e-07 0.000406249
2.1925e-07 0.000523437
2.195e-07 0.000351562
2.1975e-07 0.000203124
2.2e-07 8.59368e-05
2.2025e-07 0.000257812
2.205e-07 0.000289062
2.2075e-07 -6.55651e-10
2.21e-07 0.000460937
2.2125e-07 0.000265624
2.215e-07 0.000742187
2.2175e-07 0.000273437
2.22e-07 0.000156249
2.2225e-07 -1.56257e-05
2.225e-07 2.34368e-05
2.2275e-07 0.000632812
2.23e-07 0.000617187
2.2325e-07 0.000999999
2.235e-07 0.000492187
2.2375e-07 0.000617187
2.24e-07 0.000773437
2.2425e-07 0.00109375
2.245e-07 0.000773437
2.2475e-07 0.000609374
