-2.5e-08 0.00090625
-2.475e-08 0.00071875
-2.45e-08 0.00090625
-2.425e-08 0.000828125
-2.4e-08 0.000640625
-2.375e-08 0.000796875
-2.35e-08 0.00084375
-2.325e-08 0.000390625
-2.3e-08 0.00096875
-2.275e-08 0.0005
-2.25e-08 0.000671875
-2.225e-08 0.00075
-2.2e-08 0.000375
-2.175e-08 0.0004375
-2.15e-08 0.00034375
-2.125e-08 0.00065625
-2.1e-08 0.000671875
-2.075e-08 0.0005625
-2.05e-08 0.000484375
-2.025e-08 0.0005625
-2e-08 0.00129688
-1.975e-08 0.000765625
-1.95e-08 0.000875
-1.925e-08 0.000390625
-1.9e-08 0.000796875
-1.875e-08 0.00059375
-1.85e-08 0.000125
-1.825e-08 0.000796875
-1.8e-08 0.000921875
-1.775e-08 0.00071875
-1.75e-08 0.000296875
-1.725e-08 0.000578125
-1.7e-08 0.000296875
-1.675e-08 0.00071875
-1.65e-08 0.000296875
-1.625e-08 0.000203125
-1.6e-08 0.0005
-1.575e-08 0.000375
-1.55e-08 0.000265625
-1.525e-08 0.000359375
-1.5e-08 0.000671875
-1.475e-08 0.00059375
-1.45e-08 0.000765625
-1.425e-08 0.000109375
-1.4e-08 0.000875
-1.375e-08 0.0005
-1.35e-08 0.000390625
-1.325e-08 0.000296875
-1.3e-08 0.0005625
-1.275e-08 0.000125
-1.25e-08 0.00065625
-1.225e-08 0.0006875
-1.2e-08 0.000796875
-1.175e-08 0.000703125
-1.15e-08 0.000390625
-1.125e-08 0.000671875
-1.1e-08 0.000484375
-1.075e-08 0.000953125
-1.05e-08 0.0003125
-1.025e-08 0.000359375
-1e-08 0.0001875
-9.75e-09 0.000546875
-9.5e-09 0.00046875
-9.25e-09 0.00059375
-9e-09 0.000515625
-8.75e-09 0.0004375
-8.5e-09 0.000203125
-8.25e-09 0.000859375
-8e-09 0.000734375
-7.75e-09 0.000390625
-7.5e-09 0.000203125
-7.25e-09 0.000640625
-7e-09 0.000546875
-6.75e-09 0.000109375
-6.5e-09 0.000515625
-6.25e-09 0.00101563
-6e-09 0.000640625
-5.75e-09 0.00059375
-5.5e-09 0.00110938
-5.25e-09 -0.000125
-5e-09 0.00096875
-4.75e-09 -9.37497e-05
-4.5e-09 0.00084375
-4.25e-09 -1.56247e-05
-4e-09 0.000890625
-3.75e-09 0.000265625
-3.5e-09 0.000765625
-3.25e-09 0.000890625
-3e-09 0.00109375
-2.75e-09 0.000484375
-2.5e-09 -3.12497e-05
-2.25e-09 0.00078125
-2e-09 0.000640625
-1.75e-09 0.000796875
-1.5e-09 -3.12497e-05
-1.25e-09 0.00107813
-1e-09 0.000734375
-7.5e-10 0.000984375
-5e-10 4.68753e-05
-2.5e-10 0.00109375
0 0.00110938
2.5e-10 0.00101563
5e-10 0.000140625
7.5e-10 0.0013125
1e-09 0.00204688
1.25e-09 0.00315625
1.5e-09 0.00720313
1.75e-09 0.00432813
2e-09 -0.00582813
2.25e-09 -0.00195312
2.5e-09 0.00835938
2.75e-09 0.009875
3e-09 0.00671875
3.25e-09 0.0036875
3.5e-09 0.00245313
3.75e-09 0.00084375
4e-09 -0.000125
4.25e-09 -0.00160937
4.5e-09 -0.0009375
4.75e-09 -0.001
5e-09 -0.00114062
5.25e-09 -0.00157812
5.5e-09 -0.00134375
5.75e-09 -0.0009375
6e-09 -0.0015625
6.25e-09 -0.002375
6.5e-09 -0.00235937
6.75e-09 -0.00198437
7e-09 -0.00232812
7.25e-09 -0.00195312
7.5e-09 -0.00240625
7.75e-09 -0.00114062
8e-09 -1.56247e-05
8.25e-09 -0.0010625
8.5e-09 -0.00229687
8.75e-09 -0.0009375
9e-09 0.000875
9.25e-09 0.0024375
9.5e-09 0.00110938
9.75e-09 0.000671875
1e-08 0.000234375
1.025e-08 0.00034375
1.05e-08 0.001125
1.075e-08 0.00110938
1.1e-08 0.00210938
1.125e-08 0.00148438
1.15e-08 0.001875
1.175e-08 0.0013125
1.2e-08 0.00196875
1.225e-08 0.00198438
1.25e-08 0.00203125
1.275e-08 0.00192188
1.3e-08 0.00215625
1.325e-08 0.0025
1.35e-08 0.0025
1.375e-08 0.0016875
1.4e-08 0.002125
1.425e-08 0.00304688
1.45e-08 0.00398438
1.475e-08 0.00090625
1.5e-08 -0.00226562
1.525e-08 -0.001875
1.55e-08 0.000140625
1.575e-08 0.000125
1.6e-08 4.68753e-05
1.625e-08 -0.000140625
1.65e-08 -0.000671875
1.675e-08 -0.0011875
1.7e-08 -0.0014375
1.725e-08 -0.00209375
1.75e-08 -0.00260937
1.775e-08 -0.0028125
1.8e-08 -0.00203125
1.825e-08 -0.00185937
1.85e-08 -0.00179687
1.875e-08 -0.00115625
1.9e-08 -0.00078125
1.925e-08 -0.000625
1.95e-08 0.0003125
1.975e-08 0.000140625
2e-08 0.00123438
2.025e-08 0.000546875
2.05e-08 0.00121875
2.075e-08 0.00171875
2.1e-08 0.002875
2.125e-08 0.00289063
2.15e-08 0.00239063
2.175e-08 0.00226563
2.2e-08 0.00221875
2.225e-08 0.00207813
2.25e-08 0.00221875
2.275e-08 0.00246875
2.3e-08 0.00209375
2.325e-08 0.00171875
2.35e-08 0.0019375
2.375e-08 0.0021875
2.4e-08 0.00203125
2.425e-08 0.0015625
2.45e-08 0.00146875
2.475e-08 0.001125
2.5e-08 0.000765625
2.525e-08 0.00075
2.55e-08 0.0005
2.575e-08 0.0004375
2.6e-08 -7.81247e-05
2.625e-08 -0.00040625
2.65e-08 0.000109375
2.675e-08 -0.0010625
2.7e-08 -0.000484375
2.725e-08 -0.00071875
2.75e-08 -0.000140625
2.775e-08 -0.00135937
2.8e-08 -0.000734375
2.825e-08 -0.00104687
2.85e-08 -0.00090625
2.875e-08 -0.0010625
2.9e-08 -0.000171875
2.925e-08 -0.000171875
2.95e-08 0.0004375
2.975e-08 0.000265625
3e-08 0.000484375
3.025e-08 0.0006875
3.05e-08 0.00104688
3.075e-08 0.00034375
3.1e-08 0.00078125
3.125e-08 0.000484375
3.15e-08 0.00120313
3.175e-08 0.000953125
3.2e-08 0.00164063
3.225e-08 0.00126563
3.25e-08 0.00184375
3.275e-08 0.00159375
3.3e-08 0.0020625
3.325e-08 0.00171875
3.35e-08 0.0015
3.375e-08 0.00132813
3.4e-08 0.00153125
3.425e-08 0.0011875
3.45e-08 0.000921875
3.475e-08 0.00071875
3.5e-08 0.0008125
3.525e-08 0.00075
3.55e-08 0.000578125
3.575e-08 0.00053125
3.6e-08 0.000765625
3.625e-08 0.00040625
3.65e-08 0.00046875
3.675e-08 0.00028125
3.7e-08 -0.00025
3.725e-08 -0.000515625
3.75e-08 -0.00059375
3.775e-08 -0.000390625
3.8e-08 -0.000515625
3.825e-08 -0.000890625
3.85e-08 -0.000203125
3.875e-08 0.000609375
3.9e-08 0.000890625
3.925e-08 -7.81247e-05
3.95e-08 0.00034375
3.975e-08 0.000140625
4e-08 0.000421875
4.025e-08 0.00071875
4.05e-08 0.000390625
4.075e-08 0.00096875
4.1e-08 0.000765625
4.125e-08 0.000765625
4.15e-08 0.000828125
4.175e-08 0.00053125
4.2e-08 0.00114063
4.225e-08 0.00132813
4.25e-08 0.0013125
4.275e-08 0.00145313
4.3e-08 0.000671875
4.325e-08 0.000890625
4.35e-08 0.00140625
4.375e-08 0.00121875
4.4e-08 0.00104688
4.425e-08 0.0008125
4.45e-08 0.00103125
4.475e-08 0.000859375
4.5e-08 0.00090625
4.525e-08 0.00078125
4.55e-08 0.00125
4.575e-08 0.000703125
4.6e-08 0.000515625
4.625e-08 0.00053125
4.65e-08 0.000578125
4.675e-08 0.0009375
4.7e-08 0.00075
4.725e-08 0.000578125
4.75e-08 0.000390625
4.775e-08 0.000640625
4.8e-08 0.000703125
4.825e-08 0.0003125
4.85e-08 -0.000796875
4.875e-08 -0.0010625
4.9e-08 0.000359375
4.925e-08 0.000578125
4.95e-08 0.000125
4.975e-08 -0.000390625
5e-08 0.00021875
5.025e-08 0.00096875
5.05e-08 0.000484375
5.075e-08 0.000703125
5.1e-08 0.00075
5.125e-08 0.000546875
5.15e-08 0.000734375
5.175e-08 0.00071875
5.2e-08 0.000640625
5.225e-08 0.0003125
5.25e-08 0.000265625
5.275e-08 0.000171875
5.3e-08 0.000421875
5.325e-08 0.000484375
5.35e-08 0.00075
5.375e-08 0.000453125
5.4e-08 0.000875
5.425e-08 0.000859375
5.45e-08 0.000734375
5.475e-08 0.00078125
5.5e-08 0.000953125
5.525e-08 0.0003125
5.55e-08 0.000734375
5.575e-08 0.000859375
5.6e-08 0.000875
5.625e-08 0.000640625
5.65e-08 0.0005625
5.675e-08 0.000890625
5.7e-08 0.0009375
5.725e-08 0.000640625
5.75e-08 0.000390625
5.775e-08 0.0006875
5.8e-08 0.000671875
5.825e-08 0.00046875
5.85e-08 0.000125
5.875e-08 0.000484375
5.9e-08 0.0010625
5.925e-08 0.000671875
5.95e-08 0.00109375
5.975e-08 0.0008125
6e-08 0.000765625
6.025e-08 -1.56247e-05
6.05e-08 0.000171875
6.075e-08 0.00021875
6.1e-08 0.000109375
6.125e-08 2.68221e-10
6.15e-08 2.68221e-10
6.175e-08 -0.000125
6.2e-08 0.00046875
6.225e-08 0.0005
6.25e-08 0.000578125
6.275e-08 0.000453125
6.3e-08 0.00107813
6.325e-08 0.000578125
6.35e-08 0.000984375
6.375e-08 0.000578125
6.4e-08 0.000125
6.425e-08 0.000640625
6.45e-08 0.000203125
6.475e-08 0.000390625
6.5e-08 0.00065625
6.525e-08 0.000859375
6.55e-08 0.00034375
6.575e-08 0.00090625
6.6e-08 0.000703125
6.625e-08 0.00059375
6.65e-08 0.000796875
6.675e-08 0.000703125
6.7e-08 0.000484375
6.725e-08 0.000359375
6.75e-08 0.0005625
6.775e-08 0.00053125
6.8e-08 0.0009375
6.825e-08 0.001
6.85e-08 0.000703125
6.875e-08 0.0009375
6.9e-08 0.00090625
6.925e-08 0.00040625
6.95e-08 0.000828125
6.975e-08 0.000640625
7e-08 0.00084375
7.025e-08 0.00103125
7.05e-08 0.000671875
7.075e-08 0.000953125
7.1e-08 0.0005
7.125e-08 0.000328125
7.15e-08 0.000703125
7.175e-08 0.00075
7.2e-08 0.00075
7.225e-08 0.00107813
7.25e-08 0.000171875
7.275e-08 -0.000140625
7.3e-08 0.00040625
7.325e-08 -0.000109375
7.35e-08 0.000515625
7.375e-08 2.68221e-10
7.4e-08 0.00025
7.425e-08 0.00065625
7.45e-08 0.000515625
7.475e-08 0.000640625
7.5e-08 0.000265625
7.525e-08 7.81253e-05
7.55e-08 0.0004375
7.575e-08 6.25003e-05
7.6e-08 0.000140625
7.625e-08 0.0008125
7.65e-08 0.000671875
7.675e-08 0.00025
7.7e-08 0.001
7.725e-08 0.000890625
7.75e-08 0.00135938
7.775e-08 0.0009375
7.8e-08 0.00101563
7.825e-08 0.00034375
7.85e-08 0.000515625
7.875e-08 0.000484375
7.9e-08 0.000765625
7.925e-08 0.000609375
7.95e-08 0.0008125
7.975e-08 0.00059375
8e-08 0.00078125
8.025e-08 0.000390625
8.05e-08 0.00090625
8.075e-08 0.000421875
8.1e-08 0.000640625
8.125e-08 0.00075
8.15e-08 0.00059375
8.175e-08 0.000671875
8.2e-08 0.00096875
8.225e-08 0.000265625
8.25e-08 0.00059375
8.275e-08 0.000640625
8.3e-08 0.000609375
8.325e-08 0.0001875
8.35e-08 0.000875
8.375e-08 0.000734375
8.4e-08 0.000609375
8.425e-08 0.00065625
8.45e-08 0.00104688
8.475e-08 0.000421875
8.5e-08 0.0004375
8.525e-08 0.000296875
8.55e-08 0.0004375
8.575e-08 0.000328125
8.6e-08 0.000328125
8.625e-08 0.00034375
8.65e-08 0.000203125
8.675e-08 0.000578125
8.7e-08 0.00053125
8.725e-08 0.0001875
8.75e-08 0.0004375
8.775e-08 0.000890625
8.8e-08 0.000515625
8.825e-08 0.00078125
8.85e-08 0.000859375
8.875e-08 0.000375
8.9e-08 0.000265625
8.925e-08 0.00034375
8.95e-08 0.000578125
8.975e-08 0.000671875
9e-08 0.000171875
9.025e-08 0.000484375
9.05e-08 0.000109375
9.075e-08 0.00034375
9.1e-08 0.0005
9.125e-08 0.000546875
9.15e-08 0.00053125
9.175e-08 0.000546875
9.2e-08 0.000546875
9.225e-08 0.0006875
9.25e-08 0.000640625
9.275e-08 0.00046875
9.3e-08 0.0006875
9.325e-08 0.000609375
9.35e-08 0.0010625
9.375e-08 0.00078125
9.4e-08 0.00103125
9.425e-08 0.000765625
9.45e-08 0.001125
9.475e-08 0.000859375
9.5e-08 0.00096875
9.525e-08 0.000609375
9.55e-08 0.00059375
9.575e-08 0.00028125
9.6e-08 0.00078125
9.625e-08 0.0008125
9.65e-08 0.000375
9.675e-08 0.00053125
9.7e-08 0.00053125
9.725e-08 0.0008125
9.75e-08 0.00046875
9.775e-08 7.81253e-05
9.8e-08 0.000203125
9.825e-08 0.000328125
9.85e-08 0.000375
9.875e-08 0.000296875
9.9e-08 0.000609375
9.925e-08 0.0003125
9.95e-08 0.000421875
9.975e-08 0.000421875
1e-07 0.000734375
1.0025e-07 0.00071875
1.005e-07 0.000625
1.0075e-07 0.00065625
1.01e-07 0.000640625
1.0125e-07 0.0009375
1.015e-07 0.000484375
1.0175e-07 0.000515625
1.02e-07 0.000375
1.0225e-07 0.00075
1.025e-07 0.00065625
1.0275e-07 0.000421875
1.03e-07 0.000375
1.0325e-07 0.000640625
1.035e-07 0.00084375
1.0375e-07 0.00028125
1.04e-07 0.000328125
1.0425e-07 0.0008125
1.045e-07 0.00075
1.0475e-07 0.000671875
1.05e-07 0.000609375
1.0525e-07 0.000640625
1.055e-07 0.00084375
1.0575e-07 0.000875
1.06e-07 0.001
1.0625e-07 0.00090625
1.065e-07 0.00065625
1.0675e-07 0.000671875
1.07e-07 0.000578125
1.0725e-07 0.000453125
1.075e-07 0.000734375
1.0775e-07 0.0005
1.08e-07 0.000171875
1.0825e-07 2.68221e-10
1.085e-07 0.000125
1.0875e-07 0.000625
1.09e-07 0.000734375
1.0925e-07 0.000390625
1.095e-07 -1.56247e-05
1.0975e-07 0.000375
1.1e-07 0.00053125
1.1025e-07 0.000625
1.105e-07 0.000640625
1.1075e-07 0.000890625
1.11e-07 0.00059375
1.1125e-07 0.000546875
1.115e-07 0.000671875
1.1175e-07 0.000625
1.12e-07 0.000953125
1.1225e-07 0.000765625
1.125e-07 0.00096875
1.1275e-07 0.00107813
1.13e-07 0.0008125
1.1325e-07 0.000796875
1.135e-07 0.000953125
1.1375e-07 0.000609375
1.14e-07 0.0001875
1.1425e-07 0.000515625
1.145e-07 0.000796875
1.1475e-07 0.000828125
1.15e-07 0.000640625
1.1525e-07 0.000671875
1.155e-07 0.000921875
1.1575e-07 0.00071875
1.16e-07 0.0006875
1.1625e-07 0.00025
1.165e-07 0.000734375
1.1675e-07 0.00075
1.17e-07 0.000765625
1.1725e-07 0.00117188
1.175e-07 0.000890625
1.1775e-07 0.00117188
1.18e-07 0.000734375
1.1825e-07 0.00059375
1.185e-07 0.000546875
1.1875e-07 0.00071875
1.19e-07 0.000890625
1.1925e-07 1.56253e-05
1.195e-07 0.000453125
1.1975e-07 0.000515625
1.2e-07 0.000421875
1.2025e-07 4.68753e-05
1.205e-07 0.000453125
1.2075e-07 -0.00021875
1.21e-07 0.000109375
1.2125e-07 0.000171875
1.215e-07 7.81253e-05
1.2175e-07 0.000375
1.22e-07 6.25003e-05
1.2225e-07 0.000265625
1.225e-07 0.0005625
1.2275e-07 0.000140625
1.23e-07 0.0008125
1.2325e-07 0.000609375
1.235e-07 0.000875
1.2375e-07 0.0006875
1.24e-07 0.00107813
1.2425e-07 0.00053125
1.245e-07 0.000828125
1.2475e-07 0.000921875
1.25e-07 0.001
1.2525e-07 0.000796875
1.255e-07 0.00078125
1.2575e-07 0.000390625
1.26e-07 0.000375
1.2625e-07 0.00065625
1.265e-07 0.00034375
1.2675e-07 0.000734375
1.27e-07 0.0008125
1.2725e-07 0.000609375
1.275e-07 0.00126563
1.2775e-07 0.00075
1.28e-07 0.00090625
1.2825e-07 0.000703125
1.285e-07 0.00078125
1.2875e-07 0.000828125
1.29e-07 0.00101563
1.2925e-07 0.00096875
1.295e-07 0.000578125
1.2975e-07 0.00084375
1.3e-07 0.00084375
1.3025e-07 0.000171875
1.305e-07 0.00065625
1.3075e-07 0.00025
1.31e-07 0.0005625
1.3125e-07 0.000484375
1.315e-07 0.000671875
1.3175e-07 7.81253e-05
1.32e-07 0.0006875
1.3225e-07 0.00028125
1.325e-07 0.000625
1.3275e-07 0.000140625
1.33e-07 0.000109375
1.3325e-07 0.0004375
1.335e-07 0.000484375
1.3375e-07 0.000453125
1.34e-07 0.000875
1.3425e-07 0.00053125
1.345e-07 0.00071875
1.3475e-07 0.00242188
1.35e-07 0.0225781
1.3525e-07 0.107984
1.355e-07 0.268359
1.3575e-07 0.353719
1.36e-07 0.301359
1.3625e-07 0.213594
1.365e-07 0.143016
1.3675e-07 0.0768906
1.37e-07 0.0240625
1.3725e-07 -0.0125625
1.375e-07 -0.0353594
1.3775e-07 -0.0530469
1.38e-07 -0.071375
1.3825e-07 -0.0863438
1.385e-07 -0.0985156
1.3875e-07 -0.110234
1.39e-07 -0.125719
1.3925e-07 -0.141016
1.395e-07 -0.148969
1.3975e-07 -0.147641
1.4e-07 -0.141203
1.4025e-07 -0.130203
1.405e-07 -0.114703
1.4075e-07 -0.10125
1.41e-07 -0.0936094
1.4125e-07 -0.0927813
1.415e-07 -0.0920625
1.4175e-07 -0.0828906
1.42e-07 -0.0629063
1.4225e-07 -0.04675
1.425e-07 -0.0430938
1.4275e-07 -0.0383438
1.43e-07 -0.0258281
1.4325e-07 -0.0109531
1.435e-07 0.001875
1.4375e-07 0.0133125
1.44e-07 0.0255
1.4425e-07 0.0387656
1.445e-07 0.0518281
1.4475e-07 0.063375
1.45e-07 0.0746094
1.4525e-07 0.0856563
1.455e-07 0.0918594
1.4575e-07 0.0918125
1.46e-07 0.0898438
1.4625e-07 0.0864844
1.465e-07 0.0815469
1.4675e-07 0.0722031
1.47e-07 0.061625
1.4725e-07 0.0525625
1.475e-07 0.0419531
1.4775e-07 0.03075
1.48e-07 0.01675
1.4825e-07 0.00484375
1.485e-07 -0.00245312
1.4875e-07 -0.0103125
1.49e-07 -0.020875
1.4925e-07 -0.0296875
1.495e-07 -0.0347656
1.4975e-07 -0.0358906
1.5e-07 -0.0362813
1.5025e-07 -0.0404531
1.505e-07 -0.0452031
1.5075e-07 -0.0469844
1.51e-07 -0.0489219
1.5125e-07 -0.0513906
1.515e-07 -0.0547344
1.5175e-07 -0.0552188
1.52e-07 -0.0516406
1.5225e-07 -0.0463594
1.525e-07 -0.0409063
1.5275e-07 -0.0349375
1.53e-07 -0.0264375
1.5325e-07 -0.0182188
1.535e-07 -0.0100938
1.5375e-07 -0.0048125
1.54e-07 0.00178125
1.5425e-07 0.00829688
1.545e-07 0.0153906
1.5475e-07 0.0211094
1.55e-07 0.0268438
1.5525e-07 0.031875
1.555e-07 0.0360156
1.5575e-07 0.0392031
1.56e-07 0.0400156
1.5625e-07 0.0406094
1.565e-07 0.041375
1.5675e-07 0.0415
1.57e-07 0.0410313
1.5725e-07 0.0369375
1.575e-07 0.0346875
1.5775e-07 0.0313281
1.58e-07 0.026875
1.5825e-07 0.0214063
1.585e-07 0.0152813
1.5875e-07 0.0098125
1.59e-07 0.0055
1.5925e-07 0.000296875
1.595e-07 -0.00535937
1.5975e-07 -0.0104688
1.6e-07 -0.0143594
1.6025e-07 -0.0179531
1.605e-07 -0.0217969
1.6075e-07 -0.0250469
1.61e-07 -0.028
1.6125e-07 -0.0292969
1.615e-07 -0.0295625
1.6175e-07 -0.0314531
1.62e-07 -0.0316094
1.6225e-07 -0.0310781
1.625e-07 -0.0295938
1.6275e-07 -0.0281563
1.63e-07 -0.0257813
1.6325e-07 -0.0228281
1.635e-07 -0.0186406
1.6375e-07 -0.0151719
1.64e-07 -0.0115625
1.6425e-07 -0.00739063
1.645e-07 -0.00278125
1.6475e-07 0.0023125
1.65e-07 0.006125
1.6525e-07 0.00995313
1.655e-07 0.0126094
1.6575e-07 0.0157969
1.66e-07 0.0183594
1.6625e-07 0.0199531
1.665e-07 0.0219219
1.6675e-07 0.0236406
1.67e-07 0.0252188
1.6725e-07 0.0257969
1.675e-07 0.0257813
1.6775e-07 0.0247344
1.68e-07 0.0242969
1.6825e-07 0.0232188
1.685e-07 0.0212188
1.6875e-07 0.0184688
1.69e-07 0.0152656
1.6925e-07 0.0124531
1.695e-07 0.00982813
1.6975e-07 0.00575
1.7e-07 0.00321875
1.7025e-07 -1.56247e-05
1.705e-07 -0.00304687
1.7075e-07 -0.00620313
1.71e-07 -0.0103281
1.7125e-07 -0.0127031
1.715e-07 -0.0146406
1.7175e-07 -0.0151719
1.72e-07 -0.0164219
1.7225e-07 -0.0175313
1.725e-07 -0.0177031
1.7275e-07 -0.0177031
1.73e-07 -0.0173125
1.7325e-07 -0.0176406
1.735e-07 -0.0163906
1.7375e-07 -0.0154844
1.74e-07 -0.0132656
1.7425e-07 -0.0120156
1.745e-07 -0.00960938
1.7475e-07 -0.008
1.75e-07 -0.0058125
1.7525e-07 -0.00384375
1.755e-07 -0.00164062
1.7575e-07 0.000109375
1.76e-07 0.00214063
1.7625e-07 0.00434375
1.765e-07 0.00659375
1.7675e-07 0.00785938
1.77e-07 0.01025
1.7725e-07 0.011125
1.775e-07 0.0125469
1.7775e-07 0.01275
1.78e-07 0.0134688
1.7825e-07 0.0135313
1.785e-07 0.0137188
1.7875e-07 0.0136719
1.79e-07 0.0130469
1.7925e-07 0.0115938
1.795e-07 0.0106875
1.7975e-07 0.00895313
1.8e-07 0.008
1.8025e-07 0.00654688
1.805e-07 0.005
1.8075e-07 0.00296875
1.81e-07 0.00160938
1.8125e-07 -0.000328125
1.815e-07 -0.00154687
1.8175e-07 -0.00395312
1.82e-07 -0.0045
1.8225e-07 -0.00614063
1.825e-07 -0.00698438
1.8275e-07 -0.00735938
1.83e-07 -0.00779688
1.8325e-07 -0.00770313
1.835e-07 -0.00828125
1.8375e-07 -0.00842188
1.84e-07 -0.00795313
1.8425e-07 -0.00773438
1.845e-07 -0.00682813
1.8475e-07 -0.006375
1.85e-07 -0.00560937
1.8525e-07 -0.0050625
1.855e-07 -0.00321875
1.8575e-07 -0.00240625
1.86e-07 -0.0018125
1.8625e-07 -0.00107812
1.865e-07 4.68753e-05
1.8675e-07 0.000359375
1.87e-07 0.0011875
1.8725e-07 0.00221875
1.875e-07 0.00317188
1.8775e-07 0.004625
1.88e-07 0.00542188
1.8825e-07 0.00598438
1.885e-07 0.00651563
1.8875e-07 0.00696875
1.89e-07 0.00729688
1.8925e-07 0.00707813
1.895e-07 0.0068125
1.8975e-07 0.0064375
1.9e-07 0.00573438
1.9025e-07 0.00504688
1.905e-07 0.00445313
1.9075e-07 0.00371875
1.91e-07 0.00334375
1.9125e-07 0.00248438
1.915e-07 0.00173438
1.9175e-07 0.000859375
1.92e-07 0.0008125
1.9225e-07 -0.000234375
1.925e-07 -0.00178125
1.9275e-07 -0.0015625
1.93e-07 -0.00290625
1.9325e-07 -0.00315625
1.935e-07 -0.00351562
1.9375e-07 -0.0038125
1.94e-07 -0.00367187
1.9425e-07 -0.00398437
1.945e-07 -0.00364062
1.9475e-07 -0.00353125
1.95e-07 -0.00373437
1.9525e-07 -0.00307812
1.955e-07 -0.00207812
1.9575e-07 -0.00271875
1.96e-07 -0.00151562
1.9625e-07 -0.00146875
1.965e-07 -0.00123437
1.9675e-07 -0.0006875
1.97e-07 -0.000453125
1.9725e-07 1.56253e-05
1.975e-07 0.000296875
1.9775e-07 0.00065625
1.98e-07 0.00123438
1.9825e-07 0.00176563
1.985e-07 0.00209375
1.9875e-07 0.00314063
1.99e-07 0.00367188
1.9925e-07 0.0030625
1.995e-07 0.00382813
1.9975e-07 0.00364063
2e-07 0.00390625
2.0025e-07 0.00334375
2.005e-07 0.00417188
2.0075e-07 0.00370313
2.01e-07 0.00378125
2.0125e-07 0.00271875
2.015e-07 0.00295313
2.0175e-07 0.00253125
2.02e-07 0.002
2.0225e-07 0.00159375
2.025e-07 0.00101563
2.0275e-07 0.00104688
2.03e-07 0.000578125
2.0325e-07 -0.000359375
2.035e-07 -3.12497e-05
2.0375e-07 -0.000875
2.04e-07 -0.0005625
2.0425e-07 -0.000875
2.045e-07 -0.00104687
2.0475e-07 -0.00104687
2.05e-07 -0.00120312
2.0525e-07 -0.0014375
2.055e-07 -0.00151562
2.0575e-07 -0.0018125
2.06e-07 -0.00135937
2.0625e-07 -0.00173437
2.065e-07 -0.000984375
2.0675e-07 -0.00120312
2.07e-07 -0.000421875
2.0725e-07 -0.000578125
2.075e-07 -0.0008125
2.0775e-07 -0.00046875
2.08e-07 -0.0001875
2.0825e-07 -6.24997e-05
2.085e-07 0.000171875
2.0875e-07 0.000375
2.09e-07 0.000140625
2.0925e-07 0.000765625
2.095e-07 0.00110938
2.0975e-07 0.000984375
2.1e-07 0.00173438
2.1025e-07 0.00179688
2.105e-07 0.00220313
2.1075e-07 0.00203125
2.11e-07 0.0024375
2.1125e-07 0.002
2.115e-07 0.002
2.1175e-07 0.00201563
2.12e-07 0.00160938
2.1225e-07 0.00164063
2.125e-07 0.00154688
2.1275e-07 0.0015625
2.13e-07 0.00176563
2.1325e-07 0.00125
2.135e-07 0.001
2.1375e-07 0.001375
2.14e-07 0.0005
2.1425e-07 0.000203125
2.145e-07 4.68753e-05
2.1475e-07 0.0005
2.15e-07 0.0001875
2.1525e-07 -1.56247e-05
2.155e-07 0.000140625
2.1575e-07 -0.00034375
2.16e-07 0.000171875
2.1625e-07 0.00028125
2.165e-07 -0.00028125
2.1675e-07 -3.12497e-05
2.17e-07 -0.000296875
2.1725e-07 -4.68747e-05
2.175e-07 9.37503e-05
2.1775e-07 -0.0003125
2.18e-07 0.00015625
2.1825e-07 4.68753e-05
2.185e-07 7.81253e-05
2.1875e-07 -1.56247e-05
2.19e-07 0.000765625
2.1925e-07 0.0004375
2.195e-07 0.0005
2.1975e-07 0.00059375
2.2e-07 0.00046875
2.2025e-07 0.000671875
2.205e-07 0.0009375
2.2075e-07 0.00021875
2.21e-07 0.000359375
2.2125e-07 0.000796875
2.215e-07 0.000984375
2.2175e-07 0.0005625
2.22e-07 0.000953125
2.2225e-07 0.00059375
2.225e-07 0.00151563
2.2275e-07 0.00167188
2.23e-07 0.00160938
2.2325e-07 0.00103125
2.235e-07 0.00120313
2.2375e-07 0.000671875
2.24e-07 0.000875
2.2425e-07 0.0006875
2.245e-07 0.00071875
2.2475e-07 0.00046875
