-2.5e-08 0.000710937
-2.475e-08 0.000546874
-2.45e-08 0.000710937
-2.425e-08 0.000414062
-2.4e-08 0.000593749
-2.375e-08 0.000492187
-2.35e-08 0.000445312
-2.325e-08 0.000656249
-2.3e-08 0.000757812
-2.275e-08 0.000554687
-2.25e-08 0.000718749
-2.225e-08 0.000320312
-2.2e-08 0.000554687
-2.175e-08 0.000445312
-2.15e-08 0.000687499
-2.125e-08 0.000624999
-2.1e-08 0.000695312
-2.075e-08 0.000523437
-2.05e-08 0.000648437
-2.025e-08 0.000328124
-2e-08 0.000648437
-1.975e-08 0.000390624
-1.95e-08 0.000757812
-1.925e-08 0.000359374
-1.9e-08 0.000851562
-1.875e-08 0.000343749
-1.85e-08 0.000593749
-1.825e-08 0.000515624
-1.8e-08 0.000656249
-1.775e-08 0.000453124
-1.75e-08 0.000570312
-1.725e-08 0.000304687
-1.7e-08 0.000632812
-1.675e-08 0.000460937
-1.65e-08 0.000585937
-1.625e-08 0.000414062
-1.6e-08 0.000632812
-1.575e-08 0.000515624
-1.55e-08 0.000781249
-1.525e-08 0.000570312
-1.5e-08 0.000734374
-1.475e-08 0.000414062
-1.45e-08 0.000421874
-1.425e-08 0.000609374
-1.4e-08 0.000554687
-1.375e-08 0.000499999
-1.35e-08 0.000609374
-1.325e-08 0.000351562
-1.3e-08 0.000703124
-1.275e-08 0.000374999
-1.25e-08 0.000453124
-1.225e-08 0.000624999
-1.2e-08 0.000749999
-1.175e-08 0.000335937
-1.15e-08 0.000593749
-1.125e-08 0.000367187
-1.1e-08 0.000718749
-1.075e-08 0.000421874
-1.05e-08 0.000367187
-1.025e-08 0.000343749
-1e-08 0.000554687
-9.75e-09 0.000374999
-9.5e-09 0.000507812
-9.25e-09 0.000593749
-9e-09 0.000789062
-8.75e-09 0.000445312
-8.5e-09 0.000539062
-8.25e-09 0.000453124
-8e-09 0.000507812
-7.75e-09 0.000421874
-7.5e-09 0.000710937
-7.25e-09 0.000429687
-7e-09 0.000609374
-6.75e-09 0.000648437
-6.5e-09 0.000624999
-6.25e-09 0.000320312
-6e-09 0.000554687
-5.75e-09 0.000609374
-5.5e-09 0.000484374
-5.25e-09 0.000523437
-5e-09 0.000523437
-4.75e-09 0.000539062
-4.5e-09 0.000593749
-4.25e-09 0.000343749
-4e-09 0.000687499
-3.75e-09 0.000335937
-3.5e-09 0.000804687
-3.25e-09 0.000343749
-3e-09 0.000749999
-2.75e-09 0.000343749
-2.5e-09 0.000585937
-2.25e-09 0.000273437
-2e-09 0.000781249
-1.75e-09 0.000421874
-1.5e-09 0.000429687
-1.25e-09 0.000687499
-1e-09 0.000624999
-7.5e-10 0.000554687
-5e-10 0.000687499
-2.5e-10 0.000773437
0 0.000703124
2.5e-10 0.000460937
5e-10 0.000890624
7.5e-10 0.00153125
1e-09 0.00350781
1.25e-09 0.00540625
1.5e-09 0.00348437
1.75e-09 -0.00391406
2e-09 -0.000500001
2.25e-09 0.00685156
2.5e-09 0.00974219
2.75e-09 0.00632812
3e-09 0.00421094
3.25e-09 0.00226562
3.5e-09 0.000820312
3.75e-09 -0.000523438
4e-09 -0.00114844
4.25e-09 -0.000773438
4.5e-09 -0.00129688
4.75e-09 -0.00141406
5e-09 -0.00191406
5.25e-09 -0.00153906
5.5e-09 -0.001
5.75e-09 -0.00197656
6e-09 -0.00214063
6.25e-09 -0.00257813
6.5e-09 -0.00221094
6.75e-09 -0.00232813
7e-09 -0.00221875
7.25e-09 -0.00195313
7.5e-09 -0.00116406
7.75e-09 -0.000679688
8e-09 -0.00103125
8.25e-09 -0.00186719
8.5e-09 -0.00103906
8.75e-09 0.000859374
9e-09 0.00176562
9.25e-09 0.00125
9.5e-09 0.000843749
9.75e-09 0.000249999
1e-08 0.000749999
1.025e-08 0.000570312
1.05e-08 0.00135937
1.075e-08 0.00121094
1.1e-08 0.00196094
1.125e-08 0.00132031
1.15e-08 0.001875
1.175e-08 0.00174219
1.2e-08 0.00247656
1.225e-08 0.00208594
1.25e-08 0.00252344
1.275e-08 0.00207031
1.3e-08 0.00303906
1.325e-08 0.00271094
1.35e-08 0.00242969
1.375e-08 0.00203125
1.4e-08 0.00282812
1.425e-08 0.00283594
1.45e-08 0.000546874
1.475e-08 -0.00228906
1.5e-08 -0.00196094
1.525e-08 -0.000312501
1.55e-08 0.000226562
1.575e-08 -0.000218751
1.6e-08 -2.34382e-05
1.625e-08 -0.000664063
1.65e-08 -0.000742188
1.675e-08 -0.00189063
1.7e-08 -0.00198438
1.725e-08 -0.00267188
1.75e-08 -0.00211719
1.775e-08 -0.002
1.8e-08 -0.00165625
1.825e-08 -0.00171875
1.85e-08 -0.000476563
1.875e-08 -0.000789063
1.9e-08 0.000203124
1.925e-08 0.000351562
1.95e-08 0.000617187
1.975e-08 0.000531249
2e-08 0.00108594
2.025e-08 0.00128906
2.05e-08 0.00210937
2.075e-08 0.00258594
2.1e-08 0.00264844
2.125e-08 0.00238281
2.15e-08 0.00260156
2.175e-08 0.00250781
2.2e-08 0.00251562
2.225e-08 0.00211719
2.25e-08 0.00275781
2.275e-08 0.00202344
2.3e-08 0.00228125
2.325e-08 0.0021875
2.35e-08 0.00215625
2.375e-08 0.00205469
2.4e-08 0.00139062
2.425e-08 0.00119531
2.45e-08 0.000984374
2.475e-08 0.000984374
2.5e-08 0.000414062
2.525e-08 0.000273437
2.55e-08 -7.03132e-05
2.575e-08 -0.000554688
2.6e-08 -7.81316e-06
2.625e-08 -0.000343751
2.65e-08 -0.000750001
2.675e-08 -0.000929688
2.7e-08 -0.000734376
2.725e-08 -0.000570313
2.75e-08 -0.000617188
2.775e-08 -0.00113281
2.8e-08 -0.000835938
2.825e-08 -0.00124219
2.85e-08 -0.000476563
2.875e-08 -0.000570313
2.9e-08 -7.81257e-05
2.925e-08 -0.000257813
2.95e-08 0.000390624
2.975e-08 0.000617187
3e-08 0.000859374
3.025e-08 0.000867187
3.05e-08 0.000906249
3.075e-08 0.000648437
3.1e-08 0.000999999
3.125e-08 0.0011875
3.15e-08 0.00124219
3.175e-08 0.00135937
3.2e-08 0.00158594
3.225e-08 0.001375
3.25e-08 0.00165625
3.275e-08 0.00167187
3.3e-08 0.00164844
3.325e-08 0.00163281
3.35e-08 0.00136719
3.375e-08 0.00146094
3.4e-08 0.00135156
3.425e-08 0.00130469
3.45e-08 0.00102344
3.475e-08 0.000554687
3.5e-08 0.000789062
3.525e-08 0.000414062
3.55e-08 0.000617187
3.575e-08 0.000437499
3.6e-08 0.000546874
3.625e-08 0.000148437
3.65e-08 0.000328124
3.675e-08 -0.000226563
3.7e-08 -0.000343751
3.725e-08 -0.000437501
3.75e-08 -0.000312501
3.775e-08 -0.00109375
3.8e-08 -0.000773438
3.825e-08 -0.000664063
3.85e-08 0.000335937
3.875e-08 0.000195312
3.9e-08 0.000156249
3.925e-08 7.03118e-05
3.95e-08 5.46868e-05
3.975e-08 0.000390624
4e-08 0.000507812
4.025e-08 0.000312499
4.05e-08 0.000382812
4.075e-08 0.000531249
4.1e-08 0.000617187
4.125e-08 0.000570312
4.15e-08 0.000726562
4.175e-08 0.00100781
4.2e-08 0.00146875
4.225e-08 0.00100781
4.25e-08 0.00123437
4.275e-08 0.00115625
4.3e-08 0.00109375
4.325e-08 0.00121875
4.35e-08 0.00110937
4.375e-08 0.000804687
4.4e-08 0.000882812
4.425e-08 0.000874999
4.45e-08 0.000640624
4.475e-08 0.000398437
4.5e-08 0.00114844
4.525e-08 0.000828124
4.55e-08 0.000703124
4.575e-08 0.000203124
4.6e-08 0.000562499
4.625e-08 0.000679687
4.65e-08 0.000617187
4.675e-08 0.000812499
4.7e-08 0.000648437
4.725e-08 0.000382812
4.75e-08 0.000757812
4.775e-08 0.000171874
4.8e-08 7.81184e-06
4.825e-08 -0.000867188
4.85e-08 -0.000570313
4.875e-08 0.000140624
4.9e-08 0.000882812
4.925e-08 0.000234374
4.95e-08 -0.000132813
4.975e-08 -7.81316e-06
5e-08 0.000710937
5.025e-08 0.000687499
5.05e-08 0.000804687
5.075e-08 0.000531249
5.1e-08 0.000484374
5.125e-08 0.000499999
5.15e-08 0.000601562
5.175e-08 0.000304687
5.2e-08 0.000445312
5.225e-08 0.000265624
5.25e-08 0.000648437
5.275e-08 0.000570312
5.3e-08 0.000609374
5.325e-08 0.000781249
5.35e-08 0.000687499
5.375e-08 0.000898437
5.4e-08 0.000968749
5.425e-08 0.000617187
5.45e-08 0.000703124
5.475e-08 0.000414062
5.5e-08 0.000578124
5.525e-08 0.000421874
5.55e-08 0.000679687
5.575e-08 0.000687499
5.6e-08 0.000742187
5.625e-08 0.000874999
5.65e-08 0.000992187
5.675e-08 0.000726562
5.7e-08 0.000804687
5.725e-08 0.000320312
5.75e-08 0.000656249
5.775e-08 0.000328124
5.8e-08 0.000499999
5.825e-08 0.000281249
5.85e-08 0.000554687
5.875e-08 0.000648437
5.9e-08 0.000945312
5.925e-08 0.000617187
5.95e-08 0.000687499
5.975e-08 0.000578124
6e-08 0.000726562
6.025e-08 0.000234374
6.05e-08 0.000460937
6.075e-08 2.34368e-05
6.1e-08 7.81243e-05
6.125e-08 6.24993e-05
6.15e-08 0.000210937
6.175e-08 0.000132812
6.2e-08 0.000679687
6.225e-08 0.000359374
6.25e-08 0.000539062
6.275e-08 0.000468749
6.3e-08 0.000812499
6.325e-08 0.000546874
6.35e-08 0.000554687
6.375e-08 0.000515624
6.4e-08 0.000476562
6.425e-08 0.000429687
6.45e-08 0.000460937
6.475e-08 0.000257812
6.5e-08 0.000703124
6.525e-08 0.000601562
6.55e-08 0.000773437
6.575e-08 0.000632812
6.6e-08 0.000820312
6.625e-08 0.000320312
6.65e-08 0.000554687
6.675e-08 0.000507812
6.7e-08 0.000398437
6.725e-08 0.000273437
6.75e-08 0.000515624
6.775e-08 0.000757812
6.8e-08 0.000789062
6.825e-08 0.000656249
6.85e-08 0.000921874
6.875e-08 0.000867187
6.9e-08 0.000960937
6.925e-08 0.000937499
6.95e-08 0.001125
6.975e-08 0.000953124
7e-08 0.000867187
7.025e-08 0.000859374
7.05e-08 0.000789062
7.075e-08 0.000546874
7.1e-08 0.000773437
7.125e-08 0.000343749
7.15e-08 0.000835937
7.175e-08 0.000374999
7.2e-08 0.000679687
7.225e-08 0.000171874
7.25e-08 -0.000171876
7.275e-08 -2.34382e-05
7.3e-08 0.000359374
7.325e-08 5.46868e-05
7.35e-08 0.000390624
7.375e-08 0.000289062
7.4e-08 0.000320312
7.425e-08 0.000109374
7.45e-08 0.000195312
7.475e-08 3.90618e-05
7.5e-08 0.000351562
7.525e-08 0.000117187
7.55e-08 0.000210937
7.575e-08 0.000257812
7.6e-08 0.000359374
7.625e-08 -0.000101563
7.65e-08 0.000304687
7.675e-08 0.000296874
7.7e-08 0.000976562
7.725e-08 0.00114844
7.75e-08 0.00157812
7.775e-08 0.000703124
7.8e-08 0.000726562
7.825e-08 0.000710937
7.85e-08 0.00132031
7.875e-08 0.00128125
7.9e-08 0.00170312
7.925e-08 0.001875
7.95e-08 0.00225
7.975e-08 0.00225781
8e-08 0.00167187
8.025e-08 0.00119531
8.05e-08 0.000742187
8.075e-08 0.000656249
8.1e-08 0.00100781
8.125e-08 0.00117969
8.15e-08 0.00150781
8.175e-08 0.00153125
8.2e-08 0.00136719
8.225e-08 0.000531249
8.25e-08 0.000484374
8.275e-08 0.000265624
8.3e-08 0.000999999
8.325e-08 0.000726562
8.35e-08 0.000124999
8.375e-08 -3.90632e-05
8.4e-08 -0.000343751
8.425e-08 -0.000906251
8.45e-08 -0.00125
8.475e-08 -0.00138281
8.5e-08 -0.001
8.525e-08 -0.000867188
8.55e-08 -0.000164063
8.575e-08 -0.000101563
8.6e-08 0.000749999
8.625e-08 0.000539062
8.65e-08 0.000296874
8.675e-08 -0.000140626
8.7e-08 -0.000296876
8.725e-08 4.68743e-05
8.75e-08 0.000492187
8.775e-08 8.59368e-05
8.8e-08 -0.000406251
8.825e-08 -0.000562501
8.85e-08 -0.000515626
8.875e-08 -0.000703126
8.9e-08 -0.000476563
8.925e-08 -0.000179688
8.95e-08 0.000234374
8.975e-08 0.000398437
9e-08 0.00107812
9.025e-08 0.00114844
9.05e-08 0.00145312
9.075e-08 0.00107031
9.1e-08 0.001125
9.125e-08 0.000468749
9.15e-08 0.000328124
9.175e-08 0.000328124
9.2e-08 0.000132812
9.225e-08 -0.000179688
9.25e-08 0.000359374
9.275e-08 0.000437499
9.3e-08 0.00116406
9.325e-08 0.0014375
9.35e-08 0.00185937
9.375e-08 0.00247656
9.4e-08 0.00297656
9.425e-08 0.00282031
9.45e-08 0.00257031
9.475e-08 0.00114844
9.5e-08 0.000820312
9.525e-08 4.68743e-05
9.55e-08 -0.000117188
9.575e-08 -0.000265626
9.6e-08 0.000101562
9.625e-08 7.81184e-06
9.65e-08 0.00121094
9.675e-08 0.00158594
9.7e-08 0.00219531
9.725e-08 0.00217969
9.75e-08 0.00192969
9.775e-08 0.00195312
9.8e-08 0.00196875
9.825e-08 0.00150781
9.85e-08 0.00110937
9.875e-08 0.000445312
9.9e-08 0.000359374
9.925e-08 -0.000468751
9.95e-08 -0.000187501
9.975e-08 -0.000632813
1e-07 6.24993e-05
1.0025e-07 -5.46882e-05
1.005e-07 0.000624999
1.0075e-07 0.000578124
1.01e-07 0.000390624
1.0125e-07 -0.000257813
1.015e-07 -0.000218751
1.0175e-07 -0.000570313
1.02e-07 5.46868e-05
1.0225e-07 -0.000187501
1.025e-07 -0.000179688
1.0275e-07 -0.000531251
1.03e-07 -0.000585938
1.0325e-07 -0.000304688
1.035e-07 3.90618e-05
1.0375e-07 -0.000132813
1.04e-07 0.000164062
1.0425e-07 0.000328124
1.045e-07 0.000898437
1.0475e-07 0.00119531
1.05e-07 0.00155469
1.0525e-07 0.000789062
1.055e-07 0.000515624
1.0575e-07 7.81243e-05
1.06e-07 0.000156249
1.0625e-07 -0.000328126
1.065e-07 -7.81257e-05
1.0675e-07 -0.000335938
1.07e-07 0.000257812
1.0725e-07 0.000585937
1.075e-07 0.00102344
1.0775e-07 0.00153125
1.08e-07 0.00166406
1.0825e-07 0.00190625
1.085e-07 0.00203125
1.0875e-07 0.00192969
1.09e-07 0.00158594
1.0925e-07 0.000265624
1.095e-07 -0.000265626
1.0975e-07 -0.000507813
1.1e-07 -5.46882e-05
1.1025e-07 0.000234374
1.105e-07 0.000507812
1.1075e-07 0.000757812
1.11e-07 0.0011875
1.1125e-07 0.00144531
1.115e-07 0.00185937
1.1175e-07 0.00145312
1.12e-07 0.00160156
1.1225e-07 0.00121875
1.125e-07 0.00104687
1.1275e-07 0.000484374
1.13e-07 0.000398437
1.1325e-07 -0.000390626
1.135e-07 -0.000500001
1.1375e-07 -0.000523438
1.14e-07 -0.000234376
1.1425e-07 0.000414062
1.145e-07 0.000984374
1.1475e-07 0.00121875
1.15e-07 0.00146094
1.1525e-07 0.00133594
1.155e-07 0.00133594
1.1575e-07 0.000765624
1.16e-07 0.000195312
1.1625e-07 2.34368e-05
1.165e-07 0.000289062
1.1675e-07 -0.000296876
1.17e-07 -6.55651e-10
1.1725e-07 -0.000500001
1.175e-07 -0.000390626
1.1775e-07 -0.000320313
1.18e-07 2.34368e-05
1.1825e-07 0.000257812
1.185e-07 0.000734374
1.1875e-07 0.000656249
1.19e-07 0.000867187
1.1925e-07 0.000734374
1.195e-07 0.000789062
1.1975e-07 0.000367187
1.2e-07 0.000226562
1.2025e-07 -0.000421876
1.205e-07 -8.59382e-05
1.2075e-07 -0.000203126
1.21e-07 9.37493e-05
1.2125e-07 5.46868e-05
1.215e-07 0.000335937
1.2175e-07 0.000632812
1.22e-07 0.00110937
1.2225e-07 0.00133594
1.225e-07 0.00189844
1.2275e-07 0.00151562
1.23e-07 0.00164062
1.2325e-07 0.00127344
1.235e-07 0.00114844
1.2375e-07 0.000398437
1.24e-07 0.000531249
1.2425e-07 0.000312499
1.245e-07 0.000382812
1.2475e-07 0.000390624
1.25e-07 0.000898437
1.2525e-07 0.000999999
1.255e-07 0.00104687
1.2575e-07 0.00101562
1.26e-07 0.00111719
1.2625e-07 0.000898437
1.265e-07 0.000765624
1.2675e-07 0.000632812
1.27e-07 0.000499999
1.2725e-07 0.000499999
1.275e-07 0.000476562
1.2775e-07 6.24993e-05
1.28e-07 0.000328124
1.2825e-07 7.03118e-05
1.285e-07 0.000523437
1.2875e-07 0.000523437
1.29e-07 0.000851562
1.2925e-07 0.000882812
1.295e-07 0.000640624
1.2975e-07 0.000664062
1.3e-07 0.000335937
1.3025e-07 0.000109374
1.305e-07 0.000171874
1.3075e-07 -0.000203126
1.31e-07 3.12493e-05
1.3125e-07 -0.000281251
1.315e-07 2.34368e-05
1.3175e-07 -0.000367188
1.32e-07 5.46868e-05
1.3225e-07 0.000273437
1.325e-07 0.000328124
1.3275e-07 0.000468749
1.33e-07 0.000710937
1.3325e-07 0.000882812
1.335e-07 0.000890624
1.3375e-07 0.000515624
1.34e-07 0.000539062
1.3425e-07 -3.12507e-05
1.345e-07 -3.12507e-05
1.3475e-07 4.68743e-05
1.35e-07 0.006875
1.3525e-07 0.0286172
1.355e-07 0.0653359
1.3575e-07 0.0891641
1.36e-07 0.0815547
1.3625e-07 0.0631875
1.365e-07 0.0593594
1.3675e-07 0.0643438
1.37e-07 0.0561563
1.3725e-07 0.0298047
1.375e-07 0.00158594
1.3775e-07 -0.0208672
1.38e-07 -0.0380156
1.3825e-07 -0.0508359
1.385e-07 -0.0552656
1.3875e-07 -0.0492734
1.39e-07 -0.0255469
1.3925e-07 0.00660937
1.395e-07 0.0229766
1.3975e-07 0.0148047
1.4e-07 -0.000664063
1.4025e-07 -0.0181094
1.405e-07 -0.0361328
1.4075e-07 -0.0491953
1.41e-07 -0.0560781
1.4125e-07 -0.0608828
1.415e-07 -0.0660547
1.4175e-07 -0.0705156
1.42e-07 -0.0711094
1.4225e-07 -0.0714766
1.425e-07 -0.0736797
1.4275e-07 -0.0753203
1.43e-07 -0.0715547
1.4325e-07 -0.0640078
1.435e-07 -0.053875
1.4375e-07 -0.0325625
1.44e-07 0.0176641
1.4425e-07 0.0818516
1.445e-07 0.10657
1.4475e-07 0.0814375
1.45e-07 0.0513359
1.4525e-07 0.0281797
1.455e-07 0.00907812
1.4575e-07 0.00225
1.46e-07 0.00399219
1.4625e-07 0.00355469
1.465e-07 -0.000984376
1.4675e-07 -0.00590625
1.47e-07 -0.00205469
1.4725e-07 0.00746875
1.475e-07 0.0111797
1.4775e-07 0.00271094
1.48e-07 -0.0118125
1.4825e-07 -0.0216172
1.485e-07 -0.0217891
1.4875e-07 -0.0138516
1.49e-07 0.00515625
1.4925e-07 0.0302344
1.495e-07 0.0483594
1.4975e-07 0.0489766
1.5e-07 0.0344922
1.5025e-07 0.014125
1.505e-07 -0.00388281
1.5075e-07 -0.017
1.51e-07 -0.0234141
1.5125e-07 -0.0305469
1.515e-07 -0.0387109
1.5175e-07 -0.0463828
1.52e-07 -0.0491641
1.5225e-07 -0.0471172
1.525e-07 -0.0497734
1.5275e-07 -0.0585
1.53e-07 -0.0634844
1.5325e-07 -0.0564688
1.535e-07 -0.0390234
1.5375e-07 -0.0182813
1.54e-07 0.00521875
1.5425e-07 0.0248594
1.545e-07 0.0348359
1.5475e-07 0.0370391
1.55e-07 0.0371328
1.5525e-07 0.0370859
1.555e-07 0.0400234
1.5575e-07 0.0419141
1.56e-07 0.0445
1.5625e-07 0.04475
1.565e-07 0.0423125
1.5675e-07 0.0359922
1.57e-07 0.0301797
1.5725e-07 0.0266406
1.575e-07 0.0238516
1.5775e-07 0.0185625
1.58e-07 0.0151797
1.5825e-07 0.0149141
1.585e-07 0.0175703
1.5875e-07 0.019625
1.59e-07 0.0197266
1.5925e-07 0.018375
1.595e-07 0.0155
1.5975e-07 0.0115
1.6e-07 0.0100547
1.6025e-07 0.0096875
1.605e-07 0.0089375
1.6075e-07 0.004125
1.61e-07 -0.00320313
1.6125e-07 -0.0105156
1.615e-07 -0.0179531
1.6175e-07 -0.0245781
1.62e-07 -0.0287891
1.6225e-07 -0.0300938
1.625e-07 -0.0297734
1.6275e-07 -0.0311328
1.63e-07 -0.0326641
1.6325e-07 -0.0339609
1.635e-07 -0.0332969
1.6375e-07 -0.0304766
1.64e-07 -0.0244141
1.6425e-07 -0.0167813
1.645e-07 -0.00810156
1.6475e-07 -0.000351563
1.65e-07 0.00721875
1.6525e-07 0.0137031
1.655e-07 0.0180547
1.6575e-07 0.0184219
1.66e-07 0.0180156
1.6625e-07 0.018875
1.665e-07 0.0224219
1.6675e-07 0.0256328
1.67e-07 0.0273438
1.6725e-07 0.0271016
1.675e-07 0.0245156
1.6775e-07 0.0202266
1.68e-07 0.0155078
1.6825e-07 0.0124219
1.685e-07 0.0111328
1.6875e-07 0.0104687
1.69e-07 0.0115078
1.6925e-07 0.0127266
1.695e-07 0.0134453
1.6975e-07 0.0115234
1.7e-07 0.00790625
1.7025e-07 0.00442187
1.705e-07 0.00289062
1.7075e-07 0.00195312
1.71e-07 0.00171875
1.7125e-07 0.000429687
1.715e-07 -0.000375001
1.7175e-07 -0.00257031
1.72e-07 -0.00561719
1.7225e-07 -0.00977344
1.725e-07 -0.0137734
1.7275e-07 -0.0173281
1.73e-07 -0.01825
1.7325e-07 -0.0177031
1.735e-07 -0.0154375
1.7375e-07 -0.01475
1.74e-07 -0.01525
1.7425e-07 -0.0164609
1.745e-07 -0.0159609
1.7475e-07 -0.0148203
1.75e-07 -0.0120547
1.7525e-07 -0.00877344
1.755e-07 -0.00419531
1.7575e-07 -0.000109376
1.76e-07 0.00324219
1.7625e-07 0.0049375
1.765e-07 0.0058125
1.7675e-07 0.0060625
1.77e-07 0.00610937
1.7725e-07 0.00778125
1.775e-07 0.0109609
1.7775e-07 0.0132969
1.78e-07 0.0144219
1.7825e-07 0.0134375
1.785e-07 0.0127031
1.7875e-07 0.0108594
1.79e-07 0.00960156
1.7925e-07 0.00816406
1.795e-07 0.00845312
1.7975e-07 0.00929687
1.8e-07 0.0106562
1.8025e-07 0.0112578
1.805e-07 0.0103125
1.8075e-07 0.00790625
1.81e-07 0.00510156
1.8125e-07 0.00254687
1.815e-07 0.00189844
1.8175e-07 0.00170312
1.82e-07 0.00158594
1.8225e-07 0.00113281
1.825e-07 0.000421874
1.8275e-07 -0.00130469
1.83e-07 -0.00351563
1.8325e-07 -0.00615625
1.835e-07 -0.00814063
1.8375e-07 -0.00879688
1.84e-07 -0.00830469
1.8425e-07 -0.00760938
1.845e-07 -0.00635938
1.8475e-07 -0.00596875
1.85e-07 -0.00636719
1.8525e-07 -0.00698438
1.855e-07 -0.0070625
1.8575e-07 -0.00580469
1.86e-07 -0.00410156
1.8625e-07 -0.0023125
1.865e-07 0.000164062
1.8675e-07 0.00216406
1.87e-07 0.00353906
1.8725e-07 0.00360937
1.875e-07 0.003125
1.8775e-07 0.00272656
1.88e-07 0.00325781
1.8825e-07 0.00357812
1.885e-07 0.00505469
1.8875e-07 0.00614062
1.89e-07 0.00659375
1.8925e-07 0.00575
1.895e-07 0.00532031
1.8975e-07 0.00403125
1.9e-07 0.00383594
1.9025e-07 0.00349219
1.905e-07 0.00414844
1.9075e-07 0.00453125
1.91e-07 0.00571875
1.9125e-07 0.00539844
1.915e-07 0.00472656
1.9175e-07 0.00379687
1.92e-07 0.00255469
1.9225e-07 0.0015625
1.925e-07 0.00175781
1.9275e-07 0.00174219
1.93e-07 0.00260937
1.9325e-07 0.00253906
1.935e-07 0.00151562
1.9375e-07 0.000273437
1.94e-07 -0.000554688
1.9425e-07 -0.00192969
1.945e-07 -0.00286719
1.9475e-07 -0.00322656
1.95e-07 -0.00258594
1.9525e-07 -0.00242969
1.955e-07 -0.00230469
1.9575e-07 -0.00257813
1.96e-07 -0.00296875
1.9625e-07 -0.00372656
1.965e-07 -0.00369531
1.9675e-07 -0.0033125
1.97e-07 -0.00192969
1.9725e-07 -0.000960938
1.975e-07 6.24993e-05
1.9775e-07 0.000851562
1.98e-07 0.00133594
1.9825e-07 0.000984374
1.985e-07 0.000914062
1.9875e-07 0.000484374
1.99e-07 0.000976562
1.9925e-07 0.00159375
1.995e-07 0.00227344
1.9975e-07 0.00267187
2e-07 0.00260937
2.0025e-07 0.00192969
2.005e-07 0.000968749
2.0075e-07 0.000164062
2.01e-07 0.000320312
2.0125e-07 9.37493e-05
2.015e-07 0.000789062
2.0175e-07 0.00135156
2.02e-07 0.00188281
2.0225e-07 0.00177344
2.025e-07 0.00164844
2.0275e-07 0.000499999
2.03e-07 0.000374999
2.0325e-07 6.24993e-05
2.035e-07 0.000882812
2.0375e-07 0.00121875
2.04e-07 0.00173437
2.0425e-07 0.00142969
2.045e-07 0.00132812
2.0475e-07 0.000320312
2.05e-07 4.68743e-05
2.0525e-07 -0.000914063
2.055e-07 -0.000710938
2.0575e-07 -0.000851563
2.06e-07 -0.000250001
2.0625e-07 0.000343749
2.065e-07 0.000656249
2.0675e-07 0.000367187
2.07e-07 0.000273437
2.0725e-07 -0.000234376
2.075e-07 0.000171874
2.0775e-07 0.000648437
2.08e-07 0.00180469
2.0825e-07 0.00220312
2.085e-07 0.00278125
2.0875e-07 0.00305469
2.09e-07 0.00278125
2.0925e-07 0.00275781
2.095e-07 0.00196875
2.0975e-07 0.00192187
2.1e-07 0.00210937
2.1025e-07 0.00232812
2.105e-07 0.00299219
2.1075e-07 0.0029375
2.11e-07 0.0028125
2.1125e-07 0.00208594
2.115e-07 0.00145312
2.1175e-07 0.000914062
2.12e-07 0.00108594
2.1225e-07 0.000867187
2.125e-07 0.00152344
2.1275e-07 0.00148437
2.13e-07 0.00128906
2.1325e-07 0.000976562
2.135e-07 0.000617187
2.1375e-07 -0.000117188
2.14e-07 8.59368e-05
2.1425e-07 -0.000531251
2.145e-07 5.46868e-05
2.1475e-07 -0.000171876
2.15e-07 0.000171874
2.1525e-07 -0.000476563
2.155e-07 -0.001125
2.1575e-07 -0.00150781
2.16e-07 -0.00178906
2.1625e-07 -0.00219531
2.165e-07 -0.00179688
2.1675e-07 -0.00178125
2.17e-07 -0.00120313
2.1725e-07 -0.00111719
2.175e-07 -0.00104688
2.1775e-07 -0.00144531
2.18e-07 -0.00113281
2.1825e-07 -0.00174219
2.185e-07 -0.00104688
2.1875e-07 -0.000835938
2.19e-07 -0.000210938
2.1925e-07 0.000249999
2.195e-07 0.000546874
2.1975e-07 0.000320312
2.2e-07 7.81184e-06
2.2025e-07 -0.000281251
2.205e-07 -0.000195313
2.2075e-07 -0.000234376
2.21e-07 0.000148437
2.2125e-07 0.000414062
2.215e-07 0.000859374
2.2175e-07 0.000945312
2.22e-07 0.000992187
2.2225e-07 0.000437499
2.225e-07 0.000664062
2.2275e-07 0.000437499
2.23e-07 0.00108594
2.2325e-07 0.00116406
2.235e-07 0.00145312
2.2375e-07 0.00157031
2.24e-07 0.0018125
2.2425e-07 0.00141406
2.245e-07 0.00145312
2.2475e-07 0.000726562
