-2.5e-08 0.000570312
-2.475e-08 0.000398437
-2.45e-08 0.000648437
-2.425e-08 0.000546874
-2.4e-08 0.000648437
-2.375e-08 0.000382812
-2.35e-08 0.000679687
-2.325e-08 0.000453124
-2.3e-08 0.000882812
-2.275e-08 0.000390624
-2.25e-08 0.000601562
-2.225e-08 0.000710937
-2.2e-08 0.000710937
-2.175e-08 0.000515624
-2.15e-08 0.000687499
-2.125e-08 0.000484374
-2.1e-08 0.000437499
-2.075e-08 0.000695312
-2.05e-08 0.000554687
-2.025e-08 0.000460937
-2e-08 0.000546874
-1.975e-08 0.000624999
-1.95e-08 0.000523437
-1.925e-08 0.000453124
-1.9e-08 0.000601562
-1.875e-08 0.000476562
-1.85e-08 0.000749999
-1.825e-08 0.000562499
-1.8e-08 0.000789062
-1.775e-08 0.000453124
-1.75e-08 0.000640624
-1.725e-08 0.000609374
-1.7e-08 0.000820312
-1.675e-08 0.000390624
-1.65e-08 0.000585937
-1.625e-08 0.000640624
-1.6e-08 0.000476562
-1.575e-08 0.000421874
-1.55e-08 0.000773437
-1.525e-08 0.000367187
-1.5e-08 0.000781249
-1.475e-08 0.000382812
-1.45e-08 0.000617187
-1.425e-08 0.000632812
-1.4e-08 0.000726562
-1.375e-08 0.000585937
-1.35e-08 0.000570312
-1.325e-08 0.000695312
-1.3e-08 0.000531249
-1.275e-08 0.000562499
-1.25e-08 0.000617187
-1.225e-08 0.000554687
-1.2e-08 0.000671874
-1.175e-08 0.000453124
-1.15e-08 0.000671874
-1.125e-08 0.000664062
-1.1e-08 0.000539062
-1.075e-08 0.000382812
-1.05e-08 0.000671874
-1.025e-08 0.000554687
-1e-08 0.000499999
-9.75e-09 0.000624999
-9.5e-09 0.000460937
-9.25e-09 0.000421874
-9e-09 0.000523437
-8.75e-09 0.000414062
-8.5e-09 0.000562499
-8.25e-09 0.000531249
-8e-09 0.000476562
-7.75e-09 0.000492187
-7.5e-09 0.000414062
-7.25e-09 0.000882812
-7e-09 0.000468749
-6.75e-09 0.000515624
-6.5e-09 0.000601562
-6.25e-09 0.000757812
-6e-09 0.000257812
-5.75e-09 0.000656249
-5.5e-09 0.000679687
-5.25e-09 0.000343749
-5e-09 0.000874999
-4.75e-09 0.000257812
-4.5e-09 0.000867187
-4.25e-09 0.000374999
-4e-09 0.00102344
-3.75e-09 0.000187499
-3.5e-09 0.000859374
-3.25e-09 0.000570312
-3e-09 0.000734374
-2.75e-09 0.000484374
-2.5e-09 0.000695312
-2.25e-09 0.000437499
-2e-09 0.000492187
-1.75e-09 0.000632812
-1.5e-09 0.000390624
-1.25e-09 0.000640624
-1e-09 0.000617187
-7.5e-10 0.000703124
-5e-10 0.000515624
-2.5e-10 0.000789062
0 0.000429687
2.5e-10 0.000664062
5e-10 0.000476562
7.5e-10 0.00101562
1e-09 0.00146875
1.25e-09 0.00414062
1.5e-09 0.00755469
1.75e-09 0.000843749
2e-09 -0.00577344
2.25e-09 0.00178125
2.5e-09 0.00977344
2.75e-09 0.00886719
3e-09 0.00607812
3.25e-09 0.00361719
3.5e-09 0.0023125
3.75e-09 0.000406249
4e-09 -0.000781251
4.25e-09 -0.00128125
4.5e-09 -0.000984376
4.75e-09 -0.00136719
5e-09 -0.00183594
5.25e-09 -0.00153906
5.5e-09 -0.00117969
5.75e-09 -0.00121094
6e-09 -0.00202344
6.25e-09 -0.00258594
6.5e-09 -0.00214844
6.75e-09 -0.00235156
7e-09 -0.00223438
7.25e-09 -0.0020625
7.5e-09 -0.00150781
7.75e-09 -0.000632813
8e-09 -0.000414063
8.25e-09 -0.00141406
8.5e-09 -0.00199219
8.75e-09 -0.000414063
9e-09 0.00154687
9.25e-09 0.00196094
9.5e-09 0.001125
9.75e-09 0.000523437
1e-08 0.000453124
1.025e-08 0.000523437
1.05e-08 0.000781249
1.075e-08 0.000882812
1.1e-08 0.00192969
1.125e-08 0.00136719
1.15e-08 0.00188281
1.175e-08 0.00135156
1.2e-08 0.0020625
1.225e-08 0.00215625
1.25e-08 0.00238281
1.275e-08 0.00216406
1.3e-08 0.00255469
1.325e-08 0.00279687
1.35e-08 0.0025
1.375e-08 0.00209375
1.4e-08 0.00233594
1.425e-08 0.00310156
1.45e-08 0.00291406
1.475e-08 -0.000625001
1.5e-08 -0.0025625
1.525e-08 -0.00160156
1.55e-08 3.12493e-05
1.575e-08 0.000148437
1.6e-08 -3.90632e-05
1.625e-08 -0.000273438
1.65e-08 -0.000609376
1.675e-08 -0.00114844
1.7e-08 -0.00189063
1.725e-08 -0.00250781
1.75e-08 -0.00255469
1.775e-08 -0.00241406
1.8e-08 -0.00194531
1.825e-08 -0.00189844
1.85e-08 -0.00124219
1.875e-08 -0.000828126
1.9e-08 -0.000531251
1.925e-08 -7.03132e-05
1.95e-08 0.000304687
1.975e-08 0.000453124
2e-08 0.000820312
2.025e-08 0.000874999
2.05e-08 0.00146094
2.075e-08 0.00225
2.1e-08 0.0026875
2.125e-08 0.00241406
2.15e-08 0.00263281
2.175e-08 0.00251562
2.2e-08 0.00223437
2.225e-08 0.00214844
2.25e-08 0.00230469
2.275e-08 0.00229687
2.3e-08 0.0023125
2.325e-08 0.00232031
2.35e-08 0.00222656
2.375e-08 0.00222656
2.4e-08 0.00199219
2.425e-08 0.00132812
2.45e-08 0.000992187
2.475e-08 0.00119531
2.5e-08 0.000726562
2.525e-08 0.000484374
2.55e-08 -0.000125001
2.575e-08 -0.000257813
2.6e-08 -0.000156251
2.625e-08 -0.000343751
2.65e-08 -0.000492188
2.675e-08 -0.000992188
2.7e-08 -0.000593751
2.725e-08 -0.000867188
2.75e-08 -0.000679688
2.775e-08 -0.000687501
2.8e-08 -0.00114063
2.825e-08 -0.00108594
2.85e-08 -0.000898438
2.875e-08 -0.000757813
2.9e-08 -0.000562501
2.925e-08 3.12493e-05
2.95e-08 0.000132812
2.975e-08 0.000398437
3e-08 0.000687499
3.025e-08 0.000601562
3.05e-08 0.000804687
3.075e-08 0.000703124
3.1e-08 0.000953124
3.125e-08 0.000781249
3.15e-08 0.00115625
3.175e-08 0.00120312
3.2e-08 0.00122656
3.225e-08 0.00135937
3.25e-08 0.00146875
3.275e-08 0.00154687
3.3e-08 0.00171875
3.325e-08 0.00169531
3.35e-08 0.00151562
3.375e-08 0.00150781
3.4e-08 0.00151562
3.425e-08 0.00125
3.45e-08 0.00100781
3.475e-08 0.00117969
3.5e-08 0.000906249
3.525e-08 0.000585937
3.55e-08 0.000773437
3.575e-08 0.000851562
3.6e-08 0.000460937
3.625e-08 2.34368e-05
3.65e-08 0.000328124
3.675e-08 0.000234374
3.7e-08 0.000195312
3.725e-08 -0.000468751
3.75e-08 -0.000335938
3.775e-08 -0.000601563
3.8e-08 -0.000867188
3.825e-08 -0.000914063
3.85e-08 2.34368e-05
3.875e-08 0.000421874
3.9e-08 0.000578124
3.925e-08 0.000320312
3.95e-08 0.000210937
3.975e-08 0.000148437
4e-08 0.000585937
4.025e-08 0.000359374
4.05e-08 0.000492187
4.075e-08 0.000624999
4.1e-08 0.000679687
4.125e-08 0.000523437
4.15e-08 0.000765624
4.175e-08 0.000734374
4.2e-08 0.001125
4.225e-08 0.0013125
4.25e-08 0.00159375
4.275e-08 0.00122656
4.3e-08 0.00117187
4.325e-08 0.00110937
4.35e-08 0.00132812
4.375e-08 0.00134375
4.4e-08 0.000937499
4.425e-08 0.000624999
4.45e-08 0.000734374
4.475e-08 0.000734374
4.5e-08 0.000726562
4.525e-08 0.00103906
4.55e-08 0.00108594
4.575e-08 0.000421874
4.6e-08 0.000578124
4.625e-08 0.000476562
4.65e-08 0.000929687
4.675e-08 0.000921874
4.7e-08 0.000640624
4.725e-08 0.000406249
4.75e-08 0.000515624
4.775e-08 0.000554687
4.8e-08 0.000328124
4.825e-08 -0.000218751
4.85e-08 -0.000804688
4.875e-08 -0.000453126
4.9e-08 0.000609374
4.925e-08 0.00104687
4.95e-08 0.000124999
4.975e-08 -0.000218751
5e-08 0.000601562
5.025e-08 0.000718749
5.05e-08 0.000859374
5.075e-08 0.000671874
5.1e-08 0.000773437
5.125e-08 0.000906249
5.15e-08 0.000734374
5.175e-08 0.000523437
5.2e-08 0.000453124
5.225e-08 0.000406249
5.25e-08 0.000570312
5.275e-08 0.000617187
5.3e-08 0.000726562
5.325e-08 0.000820312
5.35e-08 0.000781249
5.375e-08 0.000789062
5.4e-08 0.000835937
5.425e-08 0.000820312
5.45e-08 0.000734374
5.475e-08 0.000695312
5.5e-08 0.000429687
5.525e-08 0.000468749
5.55e-08 0.000781249
5.575e-08 0.000671874
5.6e-08 0.000867187
5.625e-08 0.000820312
5.65e-08 0.000867187
5.675e-08 0.00109375
5.7e-08 0.000984374
5.725e-08 0.000687499
5.75e-08 0.000773437
5.775e-08 0.000460937
5.8e-08 0.000437499
5.825e-08 0.000429687
5.85e-08 0.000429687
5.875e-08 0.000585937
5.9e-08 0.000757812
5.925e-08 0.000648437
5.95e-08 0.000710937
5.975e-08 0.000624999
6e-08 0.000382812
6.025e-08 0.000460937
6.05e-08 0.000203124
6.075e-08 0.000320312
6.1e-08 0.000398437
6.125e-08 -6.25007e-05
6.15e-08 0.000367187
6.175e-08 0.000249999
6.2e-08 0.000406249
6.225e-08 0.000367187
6.25e-08 0.000648437
6.275e-08 0.000882812
6.3e-08 0.00116406
6.325e-08 0.00103125
6.35e-08 0.000960937
6.375e-08 0.000671874
6.4e-08 -4.68757e-05
6.425e-08 0.000156249
6.45e-08 0.000414062
6.475e-08 0.000984374
6.5e-08 0.00172656
6.525e-08 0.00132031
6.55e-08 0.00103125
6.575e-08 0.000312499
6.6e-08 0.000710937
6.625e-08 0.00159375
6.65e-08 0.00242969
6.675e-08 0.00208594
6.7e-08 0.000999999
6.725e-08 -0.000382813
6.75e-08 -0.000585938
6.775e-08 -9.37507e-05
6.8e-08 0.000914062
6.825e-08 0.0014375
6.85e-08 0.00123437
6.875e-08 0.000226562
6.9e-08 -0.00113281
6.925e-08 -0.00158594
6.95e-08 -0.00139063
6.975e-08 -0.000789063
7e-08 -0.000570313
7.025e-08 -0.000289063
7.05e-08 0.000343749
7.075e-08 0.00113281
7.1e-08 0.00114844
7.125e-08 -7.81257e-05
7.15e-08 -0.00123438
7.175e-08 -0.000968751
7.2e-08 0.000601562
7.225e-08 0.00202344
7.25e-08 0.00315625
7.275e-08 0.00278125
7.3e-08 0.00160156
7.325e-08 -3.90632e-05
7.35e-08 -0.000929688
7.375e-08 -0.00102344
7.4e-08 -0.000296876
7.425e-08 0.000796874
7.45e-08 0.00223437
7.475e-08 0.0024375
7.5e-08 0.00232812
7.525e-08 0.000804687
7.55e-08 0.000210937
7.575e-08 0.000140624
7.6e-08 0.000789062
7.625e-08 0.00128906
7.65e-08 0.00186719
7.675e-08 0.00183594
7.7e-08 0.000929687
7.725e-08 -0.000101563
7.75e-08 -0.00189844
7.775e-08 -0.00349219
7.8e-08 -0.00352344
7.825e-08 -0.00175
7.85e-08 0.000164062
7.875e-08 0.00153125
7.9e-08 0.0028125
7.925e-08 0.00307031
7.95e-08 0.00267187
7.975e-08 0.00123437
8e-08 0.0010625
8.025e-08 0.0010625
8.05e-08 0.00239062
8.075e-08 0.00198437
8.1e-08 0.00101562
8.125e-08 -0.000664063
8.15e-08 -0.00159375
8.175e-08 -0.0024375
8.2e-08 -0.002125
8.225e-08 -0.0015625
8.25e-08 -0.000281251
8.275e-08 0.000859374
8.3e-08 0.00146094
8.325e-08 0.00114062
8.35e-08 0.00121875
8.375e-08 0.00191406
8.4e-08 0.0026875
8.425e-08 0.0025625
8.45e-08 0.00207812
8.475e-08 0.00235937
8.5e-08 0.00238281
8.525e-08 0.00170312
8.55e-08 0.000273437
8.575e-08 -0.000726563
8.6e-08 -0.000789063
8.625e-08 -0.000460938
8.65e-08 -0.000351563
8.675e-08 -0.000250001
8.7e-08 -0.000562501
8.725e-08 -0.000398438
8.75e-08 -5.46882e-05
8.775e-08 -0.000429688
8.8e-08 -0.000320313
8.825e-08 -0.000250001
8.85e-08 0.00101562
8.875e-08 0.000726562
8.9e-08 0.000164062
8.925e-08 2.34368e-05
8.95e-08 0.000671874
8.975e-08 0.001375
9e-08 0.00122656
9.025e-08 0.00138281
9.05e-08 0.00155469
9.075e-08 0.00109375
9.1e-08 0.000820312
9.125e-08 -0.000601563
9.15e-08 -0.000804688
9.175e-08 -0.000125001
9.2e-08 -7.81257e-05
9.225e-08 7.81184e-06
9.25e-08 -7.81316e-06
9.275e-08 0.000484374
9.3e-08 0.00121875
9.325e-08 0.00207031
9.35e-08 0.00223437
9.375e-08 0.00242969
9.4e-08 0.00227344
9.425e-08 0.00248437
9.45e-08 0.00203906
9.475e-08 0.000999999
9.5e-08 0.000242187
9.525e-08 -0.000492188
9.55e-08 -0.000937501
9.575e-08 -0.000867188
9.6e-08 -0.000460938
9.625e-08 0.000460937
9.65e-08 0.00125
9.675e-08 0.00114062
9.7e-08 0.000984374
9.725e-08 0.000695312
9.75e-08 0.00122656
9.775e-08 0.000765624
9.8e-08 0.000835937
9.825e-08 0.000390624
9.85e-08 0.000164062
9.875e-08 -0.000140626
9.9e-08 -0.000734376
9.925e-08 -0.00164063
9.95e-08 -0.00139063
9.975e-08 -0.000953126
1e-07 -7.81257e-05
1.0025e-07 -0.000125001
1.005e-07 0.000140624
1.0075e-07 0.000507812
1.01e-07 0.00124219
1.0125e-07 0.00133594
1.015e-07 0.00167969
1.0175e-07 0.00151562
1.02e-07 0.00182031
1.0225e-07 0.00135937
1.025e-07 0.000890624
1.0275e-07 7.81184e-06
1.03e-07 0.000343749
1.0325e-07 0.000562499
1.035e-07 0.00102344
1.0375e-07 0.000578124
1.04e-07 0.000320312
1.0425e-07 0.000789062
1.045e-07 0.0013125
1.0475e-07 0.00153906
1.05e-07 0.00130469
1.0525e-07 0.00132031
1.055e-07 0.00157812
1.0575e-07 0.00155469
1.06e-07 0.00116406
1.0625e-07 0.000609374
1.065e-07 0.00102344
1.0675e-07 0.000882812
1.07e-07 0.00130469
1.0725e-07 0.000671874
1.075e-07 0.000859374
1.0775e-07 0.00164844
1.08e-07 0.00128906
1.0825e-07 0.000812499
1.085e-07 -6.55651e-10
1.0875e-07 -0.000671876
1.09e-07 -0.000781251
1.0925e-07 -0.00125781
1.095e-07 -0.00153906
1.0975e-07 -0.00144531
1.1e-07 -0.000664063
1.1025e-07 -0.000289063
1.105e-07 -0.000179688
1.1075e-07 -0.000226563
1.11e-07 0.000367187
1.1125e-07 0.00132812
1.115e-07 0.00184375
1.1175e-07 0.00146875
1.12e-07 0.00177344
1.1225e-07 0.00188281
1.125e-07 0.00175781
1.1275e-07 0.00121875
1.13e-07 0.000640624
1.1325e-07 0.000531249
1.135e-07 0.000351562
1.1375e-07 0.000648437
1.14e-07 2.34368e-05
1.1425e-07 -0.000156251
1.145e-07 0.000328124
1.1475e-07 0.000945312
1.15e-07 0.00119531
1.1525e-07 0.00125781
1.155e-07 0.00146875
1.1575e-07 0.0018125
1.16e-07 0.00210156
1.1625e-07 0.00158594
1.165e-07 0.00123437
1.1675e-07 0.00141406
1.17e-07 0.00160156
1.1725e-07 0.00139062
1.175e-07 0.000820312
1.1775e-07 0.000656249
1.18e-07 0.000742187
1.1825e-07 0.000601562
1.185e-07 0.000195312
1.1875e-07 -0.000171876
1.19e-07 -0.000398438
1.1925e-07 -0.000578126
1.195e-07 -0.000343751
1.1975e-07 -0.000195313
1.2e-07 -0.000632813
1.2025e-07 -0.000562501
1.205e-07 -0.000250001
1.2075e-07 4.68743e-05
1.21e-07 9.37493e-05
1.2125e-07 0.000281249
1.215e-07 0.000695312
1.2175e-07 0.00127344
1.22e-07 0.00119531
1.2225e-07 0.000874999
1.225e-07 0.000945312
1.2275e-07 0.000453124
1.23e-07 0.000312499
1.2325e-07 6.24993e-05
1.235e-07 -0.000257813
1.2375e-07 -0.000140626
1.24e-07 -1.56257e-05
1.2425e-07 7.81184e-06
1.245e-07 -0.000148438
1.2475e-07 0.000421874
1.25e-07 0.000960937
1.2525e-07 0.00135156
1.255e-07 0.00163281
1.2575e-07 0.00172656
1.26e-07 0.00186719
1.2625e-07 0.00205469
1.265e-07 0.00189844
1.2675e-07 0.00127344
1.27e-07 0.00116406
1.2725e-07 0.000679687
1.275e-07 0.000546874
1.2775e-07 -0.000179688
1.28e-07 -0.000242188
1.2825e-07 -0.000328126
1.285e-07 0.000226562
1.2875e-07 -3.12507e-05
1.29e-07 0.000429687
1.2925e-07 0.000460937
1.295e-07 0.000835937
1.2975e-07 0.000914062
1.3e-07 0.000968749
1.3025e-07 0.001125
1.305e-07 0.00121875
1.3075e-07 0.00117187
1.31e-07 0.000789062
1.3125e-07 0.000359374
1.315e-07 0.000296874
1.3175e-07 6.24993e-05
1.32e-07 -1.56257e-05
1.3225e-07 -0.000523438
1.325e-07 -0.000367188
1.3275e-07 -0.000265626
1.33e-07 -0.000343751
1.3325e-07 -6.25007e-05
1.335e-07 -6.55651e-10
1.3375e-07 9.37493e-05
1.34e-07 0.000374999
1.3425e-07 0.000460937
1.345e-07 0.000546874
1.3475e-07 -0.000125001
1.35e-07 -0.00103906
1.3525e-07 -0.00204688
1.355e-07 -0.00288281
1.3575e-07 -0.00384375
1.36e-07 -0.00271094
1.3625e-07 -0.00222656
1.365e-07 -6.55651e-10
1.3675e-07 0.0025
1.37e-07 0.00167187
1.3725e-07 -0.00666406
1.375e-07 -0.0172344
1.3775e-07 0.0163047
1.38e-07 0.113469
1.3825e-07 0.182125
1.385e-07 0.184344
1.3875e-07 0.15882
1.39e-07 0.127086
1.3925e-07 0.0917422
1.395e-07 0.0625781
1.3975e-07 0.0472344
1.4e-07 0.0437344
1.4025e-07 0.0435156
1.405e-07 0.0401484
1.4075e-07 0.03325
1.41e-07 0.0223516
1.4125e-07 0.00647656
1.415e-07 -0.0154219
1.4175e-07 -0.0404844
1.42e-07 -0.0625781
1.4225e-07 -0.0798047
1.425e-07 -0.0926094
1.4275e-07 -0.0999531
1.43e-07 -0.101648
1.4325e-07 -0.0999922
1.435e-07 -0.100195
1.4375e-07 -0.103148
1.44e-07 -0.106453
1.4425e-07 -0.104195
1.445e-07 -0.0925234
1.4475e-07 -0.0813906
1.45e-07 -0.0752969
1.4525e-07 -0.0695469
1.455e-07 -0.0610234
1.4575e-07 -0.0511172
1.46e-07 -0.0422891
1.4625e-07 -0.0340625
1.465e-07 -0.0255
1.4675e-07 -0.0162031
1.47e-07 -0.00698438
1.4725e-07 0.00186719
1.475e-07 0.0115
1.4775e-07 0.0232578
1.48e-07 0.0344219
1.4825e-07 0.0416406
1.485e-07 0.04875
1.4875e-07 0.0554141
1.49e-07 0.0604141
1.4925e-07 0.062875
1.495e-07 0.0641719
1.4975e-07 0.0643906
1.5e-07 0.0638516
1.5025e-07 0.0606797
1.505e-07 0.054625
1.5075e-07 0.0472813
1.51e-07 0.0408203
1.5125e-07 0.0337656
1.515e-07 0.0238672
1.5175e-07 0.0128203
1.52e-07 0.00375781
1.5225e-07 -0.00214844
1.525e-07 -0.00717969
1.5275e-07 -0.0129766
1.53e-07 -0.0181484
1.5325e-07 -0.0218672
1.535e-07 -0.0236641
1.5375e-07 -0.0263828
1.54e-07 -0.0289063
1.5425e-07 -0.0304766
1.545e-07 -0.030125
1.5475e-07 -0.0291719
1.55e-07 -0.0282969
1.5525e-07 -0.0275938
1.555e-07 -0.0259063
1.5575e-07 -0.0237188
1.56e-07 -0.0225469
1.5625e-07 -0.0221563
1.565e-07 -0.0220156
1.5675e-07 -0.0207109
1.57e-07 -0.0188984
1.5725e-07 -0.0170703
1.575e-07 -0.0144922
1.5775e-07 -0.0113984
1.58e-07 -0.006625
1.5825e-07 -0.00246094
1.585e-07 0.00170312
1.5875e-07 0.00638281
1.59e-07 0.0119531
1.5925e-07 0.0171953
1.595e-07 0.0216719
1.5975e-07 0.0250625
1.6e-07 0.0276953
1.6025e-07 0.0298828
1.605e-07 0.031125
1.6075e-07 0.0300547
1.61e-07 0.0285859
1.6125e-07 0.0263281
1.615e-07 0.0239922
1.6175e-07 0.0204219
1.62e-07 0.0166016
1.6225e-07 0.0126953
1.625e-07 0.00917187
1.6275e-07 0.00586719
1.63e-07 0.00233594
1.6325e-07 -0.00135156
1.635e-07 -0.00421875
1.6375e-07 -0.00650781
1.64e-07 -0.00839844
1.6425e-07 -0.0106797
1.645e-07 -0.0128906
1.6475e-07 -0.0142109
1.65e-07 -0.0154375
1.6525e-07 -0.0167109
1.655e-07 -0.0174688
1.6575e-07 -0.0185938
1.66e-07 -0.0187891
1.6625e-07 -0.0186016
1.665e-07 -0.0185
1.6675e-07 -0.0182109
1.67e-07 -0.0167891
1.6725e-07 -0.0150703
1.675e-07 -0.0135
1.6775e-07 -0.0119453
1.68e-07 -0.00966406
1.6825e-07 -0.007
1.685e-07 -0.003875
1.6875e-07 -0.00142969
1.69e-07 0.00167969
1.6925e-07 0.00450781
1.695e-07 0.00708594
1.6975e-07 0.0100703
1.7e-07 0.0122578
1.7025e-07 0.0138984
1.705e-07 0.0156953
1.7075e-07 0.016875
1.71e-07 0.0178281
1.7125e-07 0.017875
1.715e-07 0.0180469
1.7175e-07 0.0176563
1.72e-07 0.01675
1.7225e-07 0.0154453
1.725e-07 0.0137969
1.7275e-07 0.0119219
1.73e-07 0.0105312
1.7325e-07 0.008875
1.735e-07 0.00671875
1.7375e-07 0.00532031
1.74e-07 0.00353125
1.7425e-07 0.00205469
1.745e-07 -1.56257e-05
1.7475e-07 -0.00184375
1.75e-07 -0.00363281
1.7525e-07 -0.00532031
1.755e-07 -0.00678906
1.7575e-07 -0.00821875
1.76e-07 -0.00952344
1.7625e-07 -0.0105234
1.765e-07 -0.0109375
1.7675e-07 -0.0115156
1.77e-07 -0.0122813
1.7725e-07 -0.0122031
1.775e-07 -0.0120313
1.7775e-07 -0.0114219
1.78e-07 -0.0107578
1.7825e-07 -0.0100156
1.785e-07 -0.00832813
1.7875e-07 -0.00665625
1.79e-07 -0.00516406
1.7925e-07 -0.00335938
1.795e-07 -0.00185156
1.7975e-07 7.03118e-05
1.8e-07 0.00191406
1.8025e-07 0.00304687
1.805e-07 0.00434375
1.8075e-07 0.00547656
1.81e-07 0.00713281
1.8125e-07 0.00760937
1.815e-07 0.00826562
1.8175e-07 0.00878125
1.82e-07 0.00926562
1.8225e-07 0.00919531
1.825e-07 0.00910156
1.8275e-07 0.00865625
1.83e-07 0.00827344
1.8325e-07 0.0075
1.835e-07 0.00728906
1.8375e-07 0.00617969
1.84e-07 0.00548437
1.8425e-07 0.00421094
1.845e-07 0.00367187
1.8475e-07 0.00236719
1.85e-07 0.00139062
1.8525e-07 0.000203124
1.855e-07 -0.000382813
1.8575e-07 -0.00128125
1.86e-07 -0.00200781
1.8625e-07 -0.00297656
1.865e-07 -0.00332813
1.8675e-07 -0.00410938
1.87e-07 -0.00482031
1.8725e-07 -0.0050625
1.875e-07 -0.00540625
1.8775e-07 -0.0053125
1.88e-07 -0.00513281
1.8825e-07 -0.0049375
1.885e-07 -0.00449219
1.8875e-07 -0.00398438
1.89e-07 -0.00329688
1.8925e-07 -0.00267969
1.895e-07 -0.00192188
1.8975e-07 -0.00142969
1.9e-07 -0.000492188
1.9025e-07 7.03118e-05
1.905e-07 0.000945312
1.9075e-07 0.001625
1.91e-07 0.00214062
1.9125e-07 0.00282031
1.915e-07 0.00352344
1.9175e-07 0.00403906
1.92e-07 0.00424219
1.9225e-07 0.00438281
1.925e-07 0.00492969
1.9275e-07 0.00480469
1.93e-07 0.00461719
1.9325e-07 0.00455469
1.935e-07 0.00426562
1.9375e-07 0.00426562
1.94e-07 0.00363281
1.9425e-07 0.00335937
1.945e-07 0.00298437
1.9475e-07 0.0023125
1.95e-07 0.00157031
1.9525e-07 0.00105469
1.955e-07 0.000648437
1.9575e-07 0.000124999
1.96e-07 -7.81257e-05
1.9625e-07 -0.000781251
1.965e-07 -0.000765626
1.9675e-07 -0.00104688
1.97e-07 -0.00128906
1.9725e-07 -0.00166406
1.975e-07 -0.00175781
1.9775e-07 -0.001875
1.98e-07 -0.00189063
1.9825e-07 -0.00197656
1.985e-07 -0.0020625
1.9875e-07 -0.00199219
1.99e-07 -0.00216406
1.9925e-07 -0.00209375
1.995e-07 -0.00175
1.9975e-07 -0.0015
2e-07 -0.000875001
2.0025e-07 -0.000703126
2.005e-07 0.000148437
2.0075e-07 0.000499999
2.01e-07 0.000820312
2.0125e-07 0.00132031
2.015e-07 0.00171094
2.0175e-07 0.00197656
2.02e-07 0.00232812
2.0225e-07 0.00235937
2.025e-07 0.00253906
2.0275e-07 0.0028125
2.03e-07 0.00272656
2.0325e-07 0.00299219
2.035e-07 0.00280469
2.0375e-07 0.00283594
2.04e-07 0.00289844
2.0425e-07 0.00232031
2.045e-07 0.00238281
2.0475e-07 0.00200781
2.05e-07 0.00157031
2.0525e-07 0.0013125
2.055e-07 0.00119531
2.0575e-07 0.000796874
2.06e-07 0.000765624
2.0625e-07 0.000249999
2.065e-07 0.000179687
2.0675e-07 -7.03132e-05
2.07e-07 -0.000343751
2.0725e-07 -0.000453126
2.075e-07 -0.000695313
2.0775e-07 -0.000593751
2.08e-07 -0.000640626
2.0825e-07 -0.00103125
2.085e-07 -0.000687501
2.0875e-07 -0.000890626
2.09e-07 -0.00102344
2.0925e-07 -0.00103906
2.095e-07 -0.000867188
2.0975e-07 -0.000664063
2.1e-07 -0.000773438
2.1025e-07 -0.000625001
2.105e-07 -0.000593751
2.1075e-07 -0.000382813
2.11e-07 -0.000203126
2.1125e-07 -9.37507e-05
2.115e-07 0.000406249
2.1175e-07 0.000281249
2.12e-07 0.000726562
2.1225e-07 0.000984374
2.125e-07 0.000999999
2.1275e-07 0.00130469
2.13e-07 0.00148437
2.1325e-07 0.00146094
2.135e-07 0.00159375
2.1375e-07 0.0015625
2.14e-07 0.00171875
2.1425e-07 0.00148437
2.145e-07 0.00161719
2.1475e-07 0.00158594
2.15e-07 0.00173437
2.1525e-07 0.001375
2.155e-07 0.00133594
2.1575e-07 0.00117969
2.16e-07 0.00128906
2.1625e-07 0.000999999
2.165e-07 0.00100781
2.1675e-07 0.00100781
2.17e-07 0.000687499
2.1725e-07 0.000523437
2.175e-07 0.000539062
2.1775e-07 0.000335937
2.18e-07 0.000218749
2.1825e-07 9.37493e-05
2.185e-07 -7.81316e-06
2.1875e-07 5.46868e-05
2.19e-07 -0.000101563
2.1925e-07 -0.000335938
2.195e-07 -0.000359376
2.1975e-07 -0.000429688
2.2e-07 -0.000710938
2.2025e-07 -0.000484376
2.205e-07 -0.000601563
2.2075e-07 -0.000554688
2.21e-07 -0.000296876
2.2125e-07 -0.000304688
2.215e-07 -7.81316e-06
2.2175e-07 9.37493e-05
2.22e-07 0.000164062
2.2225e-07 -2.34382e-05
2.225e-07 0.000429687
2.2275e-07 0.000601562
2.23e-07 0.000531249
2.2325e-07 0.000632812
2.235e-07 0.000640624
2.2375e-07 0.000531249
2.24e-07 0.000609374
2.2425e-07 0.000679687
2.245e-07 0.000992187
2.2475e-07 0.000921874
