-2.5e-08 0.000570312
-2.475e-08 0.000687499
-2.45e-08 0.000453124
-2.425e-08 0.000546874
-2.4e-08 0.000679687
-2.375e-08 0.000468749
-2.35e-08 0.000601562
-2.325e-08 0.000609374
-2.3e-08 0.000453124
-2.275e-08 0.000671874
-2.25e-08 0.000609374
-2.225e-08 0.000546874
-2.2e-08 0.000601562
-2.175e-08 0.000843749
-2.15e-08 0.000499999
-2.125e-08 0.000601562
-2.1e-08 0.000609374
-2.075e-08 0.000398437
-2.05e-08 0.000476562
-2.025e-08 0.000531249
-2e-08 0.000570312
-1.975e-08 0.000687499
-1.95e-08 0.000476562
-1.925e-08 0.000601562
-1.9e-08 0.000468749
-1.875e-08 0.000593749
-1.85e-08 0.000585937
-1.825e-08 0.000445312
-1.8e-08 0.000523437
-1.775e-08 0.000554687
-1.75e-08 0.000328124
-1.725e-08 0.000414062
-1.7e-08 0.000570312
-1.675e-08 0.000687499
-1.65e-08 0.000687499
-1.625e-08 0.000617187
-1.6e-08 0.000578124
-1.575e-08 0.000468749
-1.55e-08 0.000437499
-1.525e-08 0.000742187
-1.5e-08 0.000476562
-1.475e-08 0.000570312
-1.45e-08 0.000468749
-1.425e-08 0.000546874
-1.4e-08 0.000406249
-1.375e-08 0.000624999
-1.35e-08 0.000671874
-1.325e-08 0.000687499
-1.3e-08 0.000507812
-1.275e-08 0.000507812
-1.25e-08 0.000617187
-1.225e-08 0.000578124
-1.2e-08 0.000843749
-1.175e-08 0.000453124
-1.15e-08 0.000609374
-1.125e-08 0.000539062
-1.1e-08 0.000515624
-1.075e-08 0.000593749
-1.05e-08 0.000585937
-1.025e-08 0.000546874
-1e-08 0.000460937
-9.75e-09 0.000968749
-9.5e-09 0.000531249
-9.25e-09 0.000632812
-9e-09 0.000601562
-8.75e-09 0.000390624
-8.5e-09 0.000687499
-8.25e-09 0.000468749
-8e-09 0.000617187
-7.75e-09 0.000507812
-7.5e-09 0.000624999
-7.25e-09 0.000874999
-7e-09 0.000312499
-6.75e-09 0.000828124
-6.5e-09 0.000726562
-6.25e-09 0.000570312
-6e-09 0.000312499
-5.75e-09 0.000953124
-5.5e-09 0.000492187
-5.25e-09 0.000585937
-5e-09 0.000437499
-4.75e-09 0.000851562
-4.5e-09 0.000804687
-4.25e-09 0.000679687
-4e-09 0.000882812
-3.75e-09 0.000406249
-3.5e-09 0.000859374
-3.25e-09 0.000585937
-3e-09 0.000687499
-2.75e-09 0.000406249
-2.5e-09 0.000531249
-2.25e-09 0.000460937
-2e-09 0.000773437
-1.75e-09 0.000429687
-1.5e-09 0.000460937
-1.25e-09 0.000742187
-1e-09 0.000531249
-7.5e-10 0.000617187
-5e-10 0.000609374
-2.5e-10 0.000609374
0 0.000648437
2.5e-10 0.000617187
5e-10 0.000757812
7.5e-10 0.00100781
1e-09 0.00240625
1.25e-09 0.00554687
1.5e-09 0.00600781
1.75e-09 -0.00275
2e-09 -0.003625
2.25e-09 0.00520312
2.5e-09 0.0103203
2.75e-09 0.00738281
3e-09 0.00450781
3.25e-09 0.00296875
3.5e-09 0.00128125
3.75e-09 9.37493e-05
4e-09 -0.00141406
4.25e-09 -0.000953126
4.5e-09 -0.00119531
4.75e-09 -0.00159375
5e-09 -0.00178906
5.25e-09 -0.00136719
5.5e-09 -0.000945313
5.75e-09 -0.00159375
6e-09 -0.00226563
6.25e-09 -0.00261719
6.5e-09 -0.00220313
6.75e-09 -0.00205469
7e-09 -0.00220313
7.25e-09 -0.0020625
7.5e-09 -0.00130469
7.75e-09 -0.000664063
8e-09 -0.000703126
8.25e-09 -0.00163281
8.5e-09 -0.00197656
8.75e-09 0.000687499
9e-09 0.00154687
9.25e-09 0.00171094
9.5e-09 0.000507812
9.75e-09 0.000382812
1e-08 0.000406249
1.025e-08 0.000578124
1.05e-08 0.000898437
1.075e-08 0.00149219
1.1e-08 0.00147656
1.125e-08 0.00167969
1.15e-08 0.00155469
1.175e-08 0.00182031
1.2e-08 0.00211719
1.225e-08 0.00221094
1.25e-08 0.00223437
1.275e-08 0.00210156
1.3e-08 0.00264062
1.325e-08 0.00284375
1.35e-08 0.00250781
1.375e-08 0.00200781
1.4e-08 0.00263281
1.425e-08 0.00360937
1.45e-08 0.00153125
1.475e-08 -0.00153906
1.5e-08 -0.00269531
1.525e-08 -0.000601563
1.55e-08 0.000148437
1.575e-08 -0.000132813
1.6e-08 -6.25007e-05
1.625e-08 -0.000320313
1.65e-08 -0.000890626
1.675e-08 -0.00130469
1.7e-08 -0.00221875
1.725e-08 -0.00223438
1.75e-08 -0.0025
1.775e-08 -0.00228125
1.8e-08 -0.00198438
1.825e-08 -0.00158594
1.85e-08 -0.00110938
1.875e-08 -0.000703126
1.9e-08 -0.000140626
1.925e-08 0.000289062
1.95e-08 0.000531249
1.975e-08 0.000367187
2e-08 0.000906249
2.025e-08 0.001125
2.05e-08 0.00157812
2.075e-08 0.00267187
2.1e-08 0.00269531
2.125e-08 0.00244531
2.15e-08 0.00249219
2.175e-08 0.00244531
2.2e-08 0.00235937
2.225e-08 0.00225781
2.25e-08 0.00236719
2.275e-08 0.00255469
2.3e-08 0.00223437
2.325e-08 0.00228906
2.35e-08 0.00235937
2.375e-08 0.00188281
2.4e-08 0.00178906
2.425e-08 0.00125781
2.45e-08 0.00110937
2.475e-08 0.00100781
2.5e-08 0.000507812
2.525e-08 0.000406249
2.55e-08 3.90618e-05
2.575e-08 -0.000125001
2.6e-08 -0.000312501
2.625e-08 -0.000359376
2.65e-08 -0.000757813
2.675e-08 -0.000859376
2.7e-08 -0.000773438
2.725e-08 -0.000703126
2.75e-08 -0.000914063
2.775e-08 -0.000851563
2.8e-08 -0.00110156
2.825e-08 -0.00104688
2.85e-08 -0.000835938
2.875e-08 -0.000687501
2.9e-08 -0.000273438
2.925e-08 -6.25007e-05
2.95e-08 0.000124999
2.975e-08 0.000445312
3e-08 0.000874999
3.025e-08 0.000765624
3.05e-08 0.000992187
3.075e-08 0.000765624
3.1e-08 0.000718749
3.125e-08 0.00101562
3.15e-08 0.00124219
3.175e-08 0.00138281
3.2e-08 0.00153125
3.225e-08 0.00140625
3.25e-08 0.00141406
3.275e-08 0.00186719
3.3e-08 0.00165625
3.325e-08 0.00164062
3.35e-08 0.00144531
3.375e-08 0.00136719
3.4e-08 0.00139062
3.425e-08 0.00146094
3.45e-08 0.000820312
3.475e-08 0.000929687
3.5e-08 0.000710937
3.525e-08 0.000601562
3.55e-08 0.000531249
3.575e-08 0.000460937
3.6e-08 0.000234374
3.625e-08 0.000265624
3.65e-08 0.000374999
3.675e-08 -4.68757e-05
3.7e-08 -3.90632e-05
3.725e-08 -0.000343751
3.75e-08 -0.000390626
3.775e-08 -0.000679688
3.8e-08 -0.00103125
3.825e-08 -0.000515626
3.85e-08 0.000320312
3.875e-08 0.000343749
3.9e-08 0.000226562
3.925e-08 2.34368e-05
3.95e-08 0.000257812
3.975e-08 0.000218749
4e-08 0.000773437
4.025e-08 0.000570312
4.05e-08 0.000546874
4.075e-08 0.000789062
4.1e-08 0.000968749
4.125e-08 0.000664062
4.15e-08 0.000820312
4.175e-08 0.00104687
4.2e-08 0.00134375
4.225e-08 0.00132031
4.25e-08 0.00140625
4.275e-08 0.0013125
4.3e-08 0.00119531
4.325e-08 0.00124219
4.35e-08 0.00127344
4.375e-08 0.000757812
4.4e-08 0.000914062
4.425e-08 0.000929687
4.45e-08 0.000734374
4.475e-08 0.000812499
4.5e-08 0.000648437
4.525e-08 0.00103906
4.55e-08 0.000773437
4.575e-08 0.000656249
4.6e-08 0.000406249
4.625e-08 0.000695312
4.65e-08 0.000820312
4.675e-08 0.000765624
4.7e-08 0.000562499
4.725e-08 0.000460937
4.75e-08 0.000429687
4.775e-08 0.000523437
4.8e-08 0.000117187
4.825e-08 -0.000484376
4.85e-08 -0.00100781
4.875e-08 -0.000187501
4.9e-08 0.000749999
4.925e-08 0.000437499
4.95e-08 4.68743e-05
4.975e-08 -0.000117188
5e-08 0.000609374
5.025e-08 0.000703124
5.05e-08 0.000335937
5.075e-08 0.000679687
5.1e-08 0.000468749
5.125e-08 0.000632812
5.15e-08 0.000765624
5.175e-08 0.000507812
5.2e-08 0.000281249
5.225e-08 0.000460937
5.25e-08 0.000531249
5.275e-08 0.000429687
5.3e-08 0.000820312
5.325e-08 0.000749999
5.35e-08 0.000632812
5.375e-08 0.000812499
5.4e-08 0.000749999
5.425e-08 0.000757812
5.45e-08 0.000765624
5.475e-08 0.000640624
5.5e-08 0.000507812
5.525e-08 0.000789062
5.55e-08 0.000703124
5.575e-08 0.000921874
5.6e-08 0.000726562
5.625e-08 0.000945312
5.65e-08 0.000671874
5.675e-08 0.00109375
5.7e-08 0.000749999
5.725e-08 0.000679687
5.75e-08 0.000281249
5.775e-08 0.000601562
5.8e-08 0.000515624
5.825e-08 0.000445312
5.85e-08 0.000382812
5.875e-08 0.000523437
5.9e-08 0.00104687
5.925e-08 0.000726562
5.95e-08 0.000789062
5.975e-08 0.000617187
6e-08 0.000609374
6.025e-08 0.000726562
6.05e-08 0.000273437
6.075e-08 0.000468749
6.1e-08 0.000124999
6.125e-08 8.59368e-05
6.15e-08 9.37493e-05
6.175e-08 0.000156249
6.2e-08 0.000640624
6.225e-08 0.000210937
6.25e-08 0.000499999
6.275e-08 0.000664062
6.3e-08 0.000585937
6.325e-08 0.000632812
6.35e-08 0.000562499
6.375e-08 0.000468749
6.4e-08 0.000507812
6.425e-08 0.000359374
6.45e-08 0.000492187
6.475e-08 0.000273437
6.5e-08 0.000468749
6.525e-08 0.000742187
6.55e-08 0.000749999
6.575e-08 0.000765624
6.6e-08 0.000742187
6.625e-08 0.000749999
6.65e-08 0.000351562
6.675e-08 0.000296874
6.7e-08 0.000484374
6.725e-08 0.000507812
6.75e-08 0.000773437
6.775e-08 0.000640624
6.8e-08 0.000773437
6.825e-08 0.000882812
6.85e-08 0.000789062
6.875e-08 0.00103125
6.9e-08 0.000679687
6.925e-08 0.000765624
6.95e-08 0.000914062
6.975e-08 0.000890624
7e-08 0.000789062
7.025e-08 0.000515624
7.05e-08 0.000406249
7.075e-08 0.000749999
7.1e-08 0.000515624
7.125e-08 0.000929687
7.15e-08 0.000718749
7.175e-08 0.000843749
7.2e-08 0.000445312
7.225e-08 0.000257812
7.25e-08 3.12493e-05
7.275e-08 0.000265624
7.3e-08 0.000374999
7.325e-08 0.000812499
7.35e-08 0.000515624
7.375e-08 0.000148437
7.4e-08 8.59368e-05
7.425e-08 1.56243e-05
7.45e-08 0.000171874
7.475e-08 0.000546874
7.5e-08 0.000992187
7.525e-08 0.001375
7.55e-08 0.000999999
7.575e-08 0.000742187
7.6e-08 0.000585937
7.625e-08 0.000718749
7.65e-08 0.00111719
7.675e-08 0.00153125
7.7e-08 0.00188281
7.725e-08 0.00179687
7.75e-08 0.00114844
7.775e-08 0.000109374
7.8e-08 -0.000648438
7.825e-08 -0.000906251
7.85e-08 -0.000570313
7.875e-08 0.000492187
7.9e-08 0.000953124
7.925e-08 0.0011875
7.95e-08 0.00107031
7.975e-08 0.000382812
8e-08 0.000148437
8.025e-08 0.000101562
8.05e-08 0.000382812
8.075e-08 0.000531249
8.1e-08 0.000429687
8.125e-08 -0.000328126
8.15e-08 -0.000835938
8.175e-08 -0.00101563
8.2e-08 -0.00108594
8.225e-08 -0.000648438
8.25e-08 -3.90632e-05
8.275e-08 0.000999999
8.3e-08 0.00225781
8.325e-08 0.0024375
8.35e-08 0.00203906
8.375e-08 0.00189844
8.4e-08 0.00136719
8.425e-08 0.00132812
8.45e-08 0.000906249
8.475e-08 0.000710937
8.5e-08 5.46868e-05
8.525e-08 -0.000343751
8.55e-08 -0.000929688
8.575e-08 -0.00152344
8.6e-08 -0.00147656
8.625e-08 -0.000914063
8.65e-08 0.000117187
8.675e-08 0.00110937
8.7e-08 0.0014375
8.725e-08 0.00177344
8.75e-08 0.00194531
8.775e-08 0.00241406
8.8e-08 0.00189844
8.825e-08 0.00172656
8.85e-08 0.00138281
8.875e-08 0.000742187
8.9e-08 0.000109374
8.925e-08 -0.000601563
8.95e-08 -0.000992188
8.975e-08 -0.00121875
9e-08 -0.000835938
9.025e-08 -0.000554688
9.05e-08 0.000226562
9.075e-08 0.00121094
9.1e-08 0.00125781
9.125e-08 0.00130469
9.15e-08 0.00113281
9.175e-08 0.00110156
9.2e-08 0.000812499
9.225e-08 0.000906249
9.25e-08 0.000429687
9.275e-08 0.000304687
9.3e-08 -3.90632e-05
9.325e-08 0.000929687
9.35e-08 0.000859374
9.375e-08 0.00111719
9.4e-08 0.00174219
9.425e-08 0.00246875
9.45e-08 0.00301562
9.475e-08 0.00260937
9.5e-08 0.00203906
9.525e-08 0.000773437
9.55e-08 0.000656249
9.575e-08 -6.25007e-05
9.6e-08 -0.000304688
9.625e-08 -0.000695313
9.65e-08 -0.000789063
9.675e-08 -0.000828126
9.7e-08 -0.00103125
9.725e-08 -0.00109375
9.75e-08 -0.00113281
9.775e-08 -0.000460938
9.8e-08 -3.90632e-05
9.825e-08 0.000499999
9.85e-08 0.000921874
9.875e-08 0.000882812
9.9e-08 0.00107031
9.925e-08 0.000664062
9.95e-08 0.000234374
9.975e-08 0.000265624
1e-07 0.000656249
1.0025e-07 0.00116406
1.005e-07 0.000992187
1.0075e-07 0.000585937
1.01e-07 0.000257812
1.0125e-07 0.000343749
1.015e-07 0.000343749
1.0175e-07 0.000187499
1.02e-07 0.000617187
1.0225e-07 0.000656249
1.025e-07 0.000468749
1.0275e-07 0.000312499
1.03e-07 -0.000539063
1.0325e-07 -0.000601563
1.035e-07 -0.000335938
1.0375e-07 0.000218749
1.04e-07 0.00107812
1.0425e-07 0.00201562
1.045e-07 0.00232812
1.0475e-07 0.00295312
1.05e-07 0.00280469
1.0525e-07 0.00251562
1.055e-07 0.00224219
1.0575e-07 0.00188281
1.06e-07 0.00153125
1.0625e-07 0.000804687
1.065e-07 -0.000265626
1.0675e-07 -0.000906251
1.07e-07 -0.0015625
1.0725e-07 -0.00199219
1.075e-07 -0.00175
1.0775e-07 -0.00139063
1.08e-07 -0.000437501
1.0825e-07 0.000624999
1.085e-07 0.00127344
1.0875e-07 0.00182031
1.09e-07 0.00196094
1.0925e-07 0.00146094
1.095e-07 0.00134375
1.0975e-07 0.000867187
1.1e-07 0.000742187
1.1025e-07 0.000999999
1.105e-07 0.000187499
1.1075e-07 -0.000234376
1.11e-07 -0.00107813
1.1125e-07 -0.000765626
1.115e-07 -0.000609376
1.1175e-07 -0.000125001
1.12e-07 0.000374999
1.1225e-07 0.000843749
1.125e-07 0.000992187
1.1275e-07 0.000882812
1.13e-07 0.0011875
1.1325e-07 0.00126562
1.135e-07 0.00117187
1.1375e-07 0.00107031
1.14e-07 0.000640624
1.1425e-07 0.000695312
1.145e-07 0.000648437
1.1475e-07 0.000562499
1.15e-07 0.000664062
1.1525e-07 0.000773437
1.155e-07 0.000835937
1.1575e-07 0.000812499
1.16e-07 0.000999999
1.1625e-07 0.000976562
1.165e-07 0.000999999
1.1675e-07 0.000679687
1.17e-07 0.000679687
1.1725e-07 0.000687499
1.175e-07 0.000226562
1.1775e-07 0.000156249
1.18e-07 -0.000117188
1.1825e-07 0.000367187
1.185e-07 0.000468749
1.1875e-07 0.000789062
1.19e-07 0.000632812
1.1925e-07 0.000859374
1.195e-07 0.00125781
1.1975e-07 0.00161719
1.2e-07 0.000953124
1.2025e-07 0.000867187
1.205e-07 0.000421874
1.2075e-07 0.000140624
1.21e-07 -0.000273438
1.2125e-07 -0.000445313
1.215e-07 -0.000851563
1.2175e-07 -0.000601563
1.22e-07 -0.000570313
1.2225e-07 0.000132812
1.225e-07 6.24993e-05
1.2275e-07 0.000773437
1.23e-07 0.000890624
1.2325e-07 0.00117187
1.235e-07 0.000984374
1.2375e-07 0.000999999
1.24e-07 0.000992187
1.2425e-07 0.000882812
1.245e-07 0.000859374
1.2475e-07 0.000835937
1.25e-07 0.000882812
1.2525e-07 0.000570312
1.255e-07 0.00110156
1.2575e-07 0.000515624
1.26e-07 0.000203124
1.2625e-07 0.000429687
1.265e-07 0.000437499
1.2675e-07 0.000601562
1.27e-07 0.000578124
1.2725e-07 0.000710937
1.275e-07 0.000406249
1.2775e-07 0.000476562
1.28e-07 0.000257812
1.2825e-07 0.000226562
1.285e-07 0.000296874
1.2875e-07 0.000476562
1.29e-07 0.000749999
1.2925e-07 0.00109375
1.295e-07 0.00105469
1.2975e-07 0.00123437
1.3e-07 0.00136719
1.3025e-07 0.00136719
1.305e-07 0.00111719
1.3075e-07 0.000843749
1.31e-07 0.000484374
1.3125e-07 -2.34382e-05
1.315e-07 -1.56257e-05
1.3175e-07 -0.000703126
1.32e-07 -0.000320313
1.3225e-07 -0.000703126
1.325e-07 -0.000367188
1.3275e-07 -0.000179688
1.33e-07 0.000109374
1.3325e-07 0.000804687
1.335e-07 0.000945312
1.3375e-07 0.00133594
1.34e-07 0.00139062
1.3425e-07 0.00135937
1.345e-07 0.000773437
1.3475e-07 -0.000484376
1.35e-07 -0.00528906
1.3525e-07 -0.0107031
1.355e-07 0.00407031
1.3575e-07 0.0563438
1.36e-07 0.105
1.3625e-07 0.11975
1.365e-07 0.116031
1.3675e-07 0.0992188
1.37e-07 0.0879688
1.3725e-07 0.0895703
1.375e-07 0.0750859
1.3775e-07 0.0390625
1.38e-07 -0.000351563
1.3825e-07 -0.0292344
1.385e-07 -0.0335156
1.3875e-07 -0.00498438
1.39e-07 0.0113281
1.3925e-07 -0.0131641
1.395e-07 -0.0492656
1.3975e-07 -0.0722031
1.4e-07 -0.0896484
1.4025e-07 -0.104914
1.405e-07 -0.105805
1.4075e-07 -0.10432
1.41e-07 -0.115383
1.4125e-07 -0.134969
1.415e-07 -0.15193
1.4175e-07 -0.165406
1.42e-07 -0.163977
1.4225e-07 -0.139078
1.425e-07 -0.108531
1.4275e-07 -0.0903516
1.43e-07 -0.0822188
1.4325e-07 -0.0743984
1.435e-07 -0.0639297
1.4375e-07 -0.041375
1.44e-07 -0.008125
1.4425e-07 0.0242813
1.445e-07 0.0439844
1.4475e-07 0.0524609
1.45e-07 0.0570781
1.4525e-07 0.0650781
1.455e-07 0.0786328
1.4575e-07 0.0929688
1.46e-07 0.104023
1.4625e-07 0.107102
1.465e-07 0.102344
1.4675e-07 0.0929453
1.47e-07 0.0853281
1.4725e-07 0.0819375
1.475e-07 0.0809688
1.4775e-07 0.0765391
1.48e-07 0.0667891
1.4825e-07 0.0542109
1.485e-07 0.04275
1.4875e-07 0.0346328
1.49e-07 0.0277891
1.4925e-07 0.0200781
1.495e-07 0.0100937
1.4975e-07 -0.00114063
1.5e-07 -0.0107344
1.5025e-07 -0.0160703
1.505e-07 -0.0207109
1.5075e-07 -0.0274922
1.51e-07 -0.0363047
1.5125e-07 -0.0444766
1.515e-07 -0.0493203
1.5175e-07 -0.0511328
1.52e-07 -0.0511016
1.5225e-07 -0.0525859
1.525e-07 -0.0546641
1.5275e-07 -0.0559844
1.53e-07 -0.0527266
1.5325e-07 -0.0459219
1.535e-07 -0.0359609
1.5375e-07 -0.0276484
1.54e-07 -0.0217656
1.5425e-07 -0.0165625
1.545e-07 -0.0110859
1.5475e-07 -0.00254688
1.55e-07 0.00732812
1.5525e-07 0.0173672
1.555e-07 0.0243984
1.5575e-07 0.0276641
1.56e-07 0.0303594
1.5625e-07 0.0346094
1.565e-07 0.0408594
1.5675e-07 0.0459141
1.57e-07 0.0479375
1.5725e-07 0.0473516
1.575e-07 0.0460078
1.5775e-07 0.0447969
1.58e-07 0.0445313
1.5825e-07 0.0439688
1.585e-07 0.0416016
1.5875e-07 0.0352813
1.59e-07 0.0286953
1.5925e-07 0.0226328
1.595e-07 0.0181797
1.5975e-07 0.0144844
1.6e-07 0.00894531
1.6025e-07 0.00148437
1.605e-07 -0.00559375
1.6075e-07 -0.0112031
1.61e-07 -0.0149063
1.6125e-07 -0.0172813
1.615e-07 -0.0206953
1.6175e-07 -0.0248906
1.62e-07 -0.0296719
1.6225e-07 -0.0318516
1.625e-07 -0.0324844
1.6275e-07 -0.0314609
1.63e-07 -0.0308359
1.6325e-07 -0.0306094
1.635e-07 -0.0306484
1.6375e-07 -0.0292813
1.64e-07 -0.0260234
1.6425e-07 -0.0208594
1.645e-07 -0.0158125
1.6475e-07 -0.0117031
1.65e-07 -0.00846094
1.6525e-07 -0.00444531
1.655e-07 0.000648437
1.6575e-07 0.00690625
1.66e-07 0.0112891
1.6625e-07 0.0148438
1.665e-07 0.0164844
1.6675e-07 0.0183906
1.67e-07 0.0212422
1.6725e-07 0.0244531
1.675e-07 0.0270469
1.6775e-07 0.0280156
1.68e-07 0.0273594
1.6825e-07 0.0261641
1.685e-07 0.0258672
1.6875e-07 0.0262109
1.69e-07 0.026125
1.6925e-07 0.0243516
1.695e-07 0.0211953
1.6975e-07 0.0177422
1.7e-07 0.0144609
1.7025e-07 0.0125547
1.705e-07 0.0100391
1.7075e-07 0.00746094
1.71e-07 0.00349219
1.7125e-07 -0.000632813
1.715e-07 -0.00400781
1.7175e-07 -0.00614063
1.72e-07 -0.00775
1.7225e-07 -0.0100391
1.725e-07 -0.0126016
1.7275e-07 -0.0155625
1.73e-07 -0.0176797
1.7325e-07 -0.0185391
1.735e-07 -0.018
1.7375e-07 -0.0180313
1.74e-07 -0.0186328
1.7425e-07 -0.0189297
1.745e-07 -0.018875
1.7475e-07 -0.0171484
1.75e-07 -0.0144688
1.7525e-07 -0.0122031
1.755e-07 -0.0101719
1.7575e-07 -0.00853125
1.76e-07 -0.00650781
1.7625e-07 -0.00394531
1.765e-07 -0.000335938
1.7675e-07 0.00310156
1.77e-07 0.00519531
1.7725e-07 0.00724219
1.775e-07 0.00841406
1.7775e-07 0.0105312
1.78e-07 0.0128047
1.7825e-07 0.0149375
1.785e-07 0.0158281
1.7875e-07 0.0155781
1.79e-07 0.0152734
1.7925e-07 0.0152109
1.795e-07 0.015375
1.7975e-07 0.0154219
1.8e-07 0.0144297
1.8025e-07 0.0124844
1.805e-07 0.0102812
1.8075e-07 0.00853906
1.81e-07 0.00705469
1.8125e-07 0.00575781
1.815e-07 0.00422656
1.8175e-07 0.00233594
1.82e-07 8.59368e-05
1.8225e-07 -0.00151563
1.825e-07 -0.00298438
1.8275e-07 -0.0035
1.83e-07 -0.00467969
1.8325e-07 -0.00595313
1.835e-07 -0.00745313
1.8375e-07 -0.00786719
1.84e-07 -0.00802344
1.8425e-07 -0.00754688
1.845e-07 -0.00742188
1.8475e-07 -0.00748438
1.85e-07 -0.00758594
1.8525e-07 -0.00730469
1.855e-07 -0.00667969
1.8575e-07 -0.005375
1.86e-07 -0.0044375
1.8625e-07 -0.00394531
1.865e-07 -0.00342969
1.8675e-07 -0.00285938
1.87e-07 -0.00176563
1.8725e-07 -0.000500001
1.875e-07 0.000898437
1.8775e-07 0.00207031
1.88e-07 0.00260937
1.8825e-07 0.00311719
1.885e-07 0.00394531
1.8875e-07 0.00507812
1.89e-07 0.00582031
1.8925e-07 0.00629687
1.895e-07 0.00660156
1.8975e-07 0.00661719
1.9e-07 0.00653125
1.9025e-07 0.00703906
1.905e-07 0.00717187
1.9075e-07 0.00689062
1.91e-07 0.00644531
1.9125e-07 0.00552344
1.915e-07 0.00445312
1.9175e-07 0.00382031
1.92e-07 0.00323437
1.9225e-07 0.00238281
1.925e-07 0.00125781
1.9275e-07 -1.56257e-05
1.93e-07 -0.000882813
1.9325e-07 -0.00108594
1.935e-07 -0.00147656
1.9375e-07 -0.00170313
1.94e-07 -0.0025
1.9425e-07 -0.00279688
1.945e-07 -0.00345313
1.9475e-07 -0.00323438
1.95e-07 -0.00320313
1.9525e-07 -0.00288281
1.955e-07 -0.00284375
1.9575e-07 -0.00323438
1.96e-07 -0.00305469
1.9625e-07 -0.00298438
1.965e-07 -0.00250781
1.9675e-07 -0.002
1.97e-07 -0.00166406
1.9725e-07 -0.00165625
1.975e-07 -0.00121094
1.9775e-07 -0.000734376
1.98e-07 0.000296874
1.9825e-07 0.00107812
1.985e-07 0.00132812
1.9875e-07 0.00150781
1.99e-07 0.00166406
1.9925e-07 0.00197656
1.995e-07 0.00240625
1.9975e-07 0.00342187
2e-07 0.00342187
2.0025e-07 0.00380469
2.005e-07 0.003625
2.0075e-07 0.0035625
2.01e-07 0.00399219
2.0125e-07 0.00419531
2.015e-07 0.00391406
2.0175e-07 0.00378125
2.02e-07 0.00325
2.0225e-07 0.00289844
2.025e-07 0.002375
2.0275e-07 0.00242187
2.03e-07 0.00191406
2.0325e-07 0.00108594
2.035e-07 0.000585937
2.0375e-07 0.000148437
2.04e-07 8.59368e-05
2.0425e-07 0.000101562
2.045e-07 -0.000312501
2.0475e-07 -0.000500001
2.05e-07 -0.00107031
2.0525e-07 -0.00121094
2.055e-07 -0.0010625
2.0575e-07 -0.001375
2.06e-07 -0.00144531
2.0625e-07 -0.00178125
2.065e-07 -0.00184375
2.0675e-07 -0.00210938
2.07e-07 -0.00175781
2.0725e-07 -0.00152344
2.075e-07 -0.00117188
2.0775e-07 -0.0010625
2.08e-07 -0.000828126
2.0825e-07 -0.000546876
2.085e-07 -9.37507e-05
2.0875e-07 0.000179687
2.09e-07 0.000546874
2.0925e-07 0.000789062
2.095e-07 0.000757812
2.0975e-07 0.000624999
2.1e-07 0.000859374
2.1025e-07 0.00130469
2.105e-07 0.00159375
2.1075e-07 0.00159375
2.11e-07 0.00177344
2.1125e-07 0.00158594
2.115e-07 0.00178906
2.1175e-07 0.00184375
2.12e-07 0.0021875
2.1225e-07 0.00207812
2.125e-07 0.00182812
2.1275e-07 0.00186719
2.13e-07 0.00179687
2.1325e-07 0.00138281
2.135e-07 0.0013125
2.1375e-07 0.00125
2.14e-07 0.000992187
2.1425e-07 0.000945312
2.145e-07 0.000515624
2.1475e-07 0.000695312
2.15e-07 0.000562499
2.1525e-07 0.000578124
2.155e-07 0.000640624
2.1575e-07 0.000195312
2.16e-07 0.000132812
2.1625e-07 0.000320312
2.165e-07 0.000218749
2.1675e-07 0.000523437
2.17e-07 -0.000109376
2.1725e-07 -0.000257813
2.175e-07 -0.000171876
2.1775e-07 -0.000257813
2.18e-07 3.12493e-05
2.1825e-07 0.000164062
2.185e-07 -1.56257e-05
2.1875e-07 -6.55651e-10
2.19e-07 -0.000109376
2.1925e-07 0.000117187
2.195e-07 0.000398437
2.1975e-07 0.000460937
2.2e-07 0.000609374
2.2025e-07 0.000664062
2.205e-07 0.000359374
2.2075e-07 0.000593749
2.21e-07 0.000953124
2.2125e-07 0.000789062
2.215e-07 0.00114844
2.2175e-07 0.000914062
2.22e-07 0.000882812
2.2225e-07 0.00101562
2.225e-07 0.00121875
2.2275e-07 0.00121094
2.23e-07 0.00110156
2.2325e-07 0.00102344
2.235e-07 0.000953124
2.2375e-07 0.000976562
2.24e-07 0.000929687
2.2425e-07 0.00100781
2.245e-07 0.000843749
2.2475e-07 0.000679687
