-2.5e-08 0.000554687
-2.475e-08 0.000609374
-2.45e-08 0.000703124
-2.425e-08 0.000499999
-2.4e-08 0.000492187
-2.375e-08 0.000484374
-2.35e-08 0.000531249
-2.325e-08 0.000359374
-2.3e-08 0.000726562
-2.275e-08 0.000546874
-2.25e-08 0.000742187
-2.225e-08 0.000398437
-2.2e-08 0.000601562
-2.175e-08 0.000468749
-2.15e-08 0.000601562
-2.125e-08 0.000421874
-2.1e-08 0.000429687
-2.075e-08 0.000539062
-2.05e-08 0.000640624
-2.025e-08 0.000562499
-2e-08 0.000679687
-1.975e-08 0.000367187
-1.95e-08 0.000648437
-1.925e-08 0.000523437
-1.9e-08 0.000624999
-1.875e-08 0.000671874
-1.85e-08 0.000507812
-1.825e-08 0.000554687
-1.8e-08 0.000499999
-1.775e-08 0.000249999
-1.75e-08 0.000515624
-1.725e-08 0.000632812
-1.7e-08 0.000437499
-1.675e-08 0.000468749
-1.65e-08 0.000554687
-1.625e-08 0.000546874
-1.6e-08 0.000531249
-1.575e-08 0.000671874
-1.55e-08 0.000656249
-1.525e-08 0.000390624
-1.5e-08 0.000546874
-1.475e-08 0.000601562
-1.45e-08 0.000617187
-1.425e-08 0.000679687
-1.4e-08 0.000664062
-1.375e-08 0.000398437
-1.35e-08 0.000664062
-1.325e-08 0.000468749
-1.3e-08 0.000679687
-1.275e-08 0.000562499
-1.25e-08 0.000421874
-1.225e-08 0.000609374
-1.2e-08 0.000609374
-1.175e-08 0.000484374
-1.15e-08 0.000648437
-1.125e-08 0.000312499
-1.1e-08 0.000570312
-1.075e-08 0.000578124
-1.05e-08 0.000640624
-1.025e-08 0.000390624
-1e-08 0.000445312
-9.75e-09 0.000632812
-9.5e-09 0.000632812
-9.25e-09 0.000374999
-9e-09 0.000609374
-8.75e-09 0.000445312
-8.5e-09 0.000585937
-8.25e-09 0.000304687
-8e-09 0.000742187
-7.75e-09 0.000351562
-7.5e-09 0.000734374
-7.25e-09 0.000679687
-7e-09 0.000390624
-6.75e-09 0.000921874
-6.5e-09 0.000476562
-6.25e-09 0.000695312
-6e-09 0.000328124
-5.75e-09 0.000695312
-5.5e-09 0.000734374
-5.25e-09 0.000343749
-5e-09 0.000562499
-4.75e-09 0.000593749
-4.5e-09 0.000749999
-4.25e-09 7.81243e-05
-4e-09 0.000906249
-3.75e-09 0.000203124
-3.5e-09 0.000851562
-3.25e-09 0.000281249
-3e-09 0.000624999
-2.75e-09 0.000421874
-2.5e-09 0.000570312
-2.25e-09 0.000882812
-2e-09 0.000468749
-1.75e-09 0.000664062
-1.5e-09 0.000406249
-1.25e-09 0.000523437
-1e-09 0.000726562
-7.5e-10 0.000710937
-5e-10 0.000453124
-2.5e-10 0.000890624
0 0.000374999
2.5e-10 0.000757812
5e-10 0.000429687
7.5e-10 0.00116406
1e-09 0.00164844
1.25e-09 0.00465625
1.5e-09 0.007375
1.75e-09 -0.000382813
2e-09 -0.00528906
2.25e-09 0.00249219
2.5e-09 0.0104609
2.75e-09 0.0083125
3e-09 0.00553125
3.25e-09 0.00322656
3.5e-09 0.002375
3.75e-09 7.81184e-06
4e-09 -0.000804688
4.25e-09 -0.00121094
4.5e-09 -0.000773438
4.75e-09 -0.00129688
5e-09 -0.00200781
5.25e-09 -0.00140625
5.5e-09 -0.000953126
5.75e-09 -0.00132031
6e-09 -0.00204688
6.25e-09 -0.00245313
6.5e-09 -0.00217969
6.75e-09 -0.00239063
7e-09 -0.00225
7.25e-09 -0.00223438
7.5e-09 -0.00159375
7.75e-09 -0.000773438
8e-09 -0.000437501
8.25e-09 -0.00139063
8.5e-09 -0.00215625
8.75e-09 -7.81257e-05
9e-09 0.00157812
9.25e-09 0.00185156
9.5e-09 0.00103906
9.75e-09 0.000515624
1e-08 0.000414062
1.025e-08 0.000523437
1.05e-08 0.000859374
1.075e-08 0.000984374
1.1e-08 0.00184375
1.125e-08 0.00154687
1.15e-08 0.00191406
1.175e-08 0.00125781
1.2e-08 0.0021875
1.225e-08 0.00210156
1.25e-08 0.0025
1.275e-08 0.00204687
1.3e-08 0.00246094
1.325e-08 0.00282812
1.35e-08 0.00264062
1.375e-08 0.00210937
1.4e-08 0.00240625
1.425e-08 0.00321875
1.45e-08 0.00276562
1.475e-08 -0.000656251
1.5e-08 -0.00302344
1.525e-08 -0.00135938
1.55e-08 9.37493e-05
1.575e-08 0.000249999
1.6e-08 0.000164062
1.625e-08 -0.000390626
1.65e-08 -0.000414063
1.675e-08 -0.00125781
1.7e-08 -0.00192188
1.725e-08 -0.00267969
1.75e-08 -0.00232813
1.775e-08 -0.00203125
1.8e-08 -0.00202344
1.825e-08 -0.00161719
1.85e-08 -0.00121875
1.875e-08 -0.000843751
1.9e-08 -0.000335938
1.925e-08 0.000218749
1.95e-08 0.000414062
1.975e-08 0.000335937
2e-08 0.00110937
2.025e-08 0.000898437
2.05e-08 0.00167969
2.075e-08 0.00228906
2.1e-08 0.00257812
2.125e-08 0.00249219
2.15e-08 0.00230469
2.175e-08 0.00244531
2.2e-08 0.00235156
2.225e-08 0.00236719
2.25e-08 0.00240625
2.275e-08 0.00244531
2.3e-08 0.00207812
2.325e-08 0.00226562
2.35e-08 0.0021875
2.375e-08 0.00219531
2.4e-08 0.00176562
2.425e-08 0.00157031
2.45e-08 0.00132031
2.475e-08 0.00114062
2.5e-08 0.000921874
2.525e-08 0.000554687
2.55e-08 3.90618e-05
2.575e-08 -0.000484376
2.6e-08 -0.000156251
2.625e-08 -0.000515626
2.65e-08 -0.000414063
2.675e-08 -0.00105469
2.7e-08 -0.000773438
2.725e-08 -0.000984376
2.75e-08 -0.000773438
2.775e-08 -0.000921876
2.8e-08 -0.000890626
2.825e-08 -0.00139063
2.85e-08 -0.000726563
2.875e-08 -0.001
2.9e-08 -0.000289063
2.925e-08 -0.000156251
2.95e-08 0.000117187
2.975e-08 0.000234374
3e-08 0.000757812
3.025e-08 0.000593749
3.05e-08 0.000765624
3.075e-08 0.000585937
3.1e-08 0.000953124
3.125e-08 0.000804687
3.15e-08 0.00114062
3.175e-08 0.00113281
3.2e-08 0.001625
3.225e-08 0.00119531
3.25e-08 0.00141406
3.275e-08 0.00138281
3.3e-08 0.00149219
3.325e-08 0.00139062
3.35e-08 0.0016875
3.375e-08 0.0011875
3.4e-08 0.00146094
3.425e-08 0.00121094
3.45e-08 0.00138281
3.475e-08 0.000867187
3.5e-08 0.000804687
3.525e-08 0.000460937
3.55e-08 0.000671874
3.575e-08 0.000296874
3.6e-08 0.000437499
3.625e-08 0.000359374
3.65e-08 0.000218749
3.675e-08 1.56243e-05
3.7e-08 -2.34382e-05
3.725e-08 -0.000609376
3.75e-08 -0.000101563
3.775e-08 -0.000460938
3.8e-08 -0.000828126
3.825e-08 -0.00110156
3.85e-08 -0.000164063
3.875e-08 9.37493e-05
3.9e-08 0.000374999
3.925e-08 5.46868e-05
3.95e-08 -7.81316e-06
3.975e-08 0.000296874
4e-08 0.000593749
4.025e-08 0.000359374
4.05e-08 0.000460937
4.075e-08 0.000515624
4.1e-08 0.000890624
4.125e-08 0.000570312
4.15e-08 0.000617187
4.175e-08 0.000703124
4.2e-08 0.00132031
4.225e-08 0.00121875
4.25e-08 0.00152344
4.275e-08 0.00126562
4.3e-08 0.00109375
4.325e-08 0.00124219
4.35e-08 0.00120312
4.375e-08 0.00109375
4.4e-08 0.000843749
4.425e-08 0.000789062
4.45e-08 0.00107031
4.475e-08 0.000421874
4.5e-08 0.000914062
4.525e-08 0.00103906
4.55e-08 0.00103125
4.575e-08 0.000445312
4.6e-08 0.000406249
4.625e-08 0.000460937
4.65e-08 0.000882812
4.675e-08 0.000804687
4.7e-08 0.000781249
4.725e-08 0.000468749
4.75e-08 0.000554687
4.775e-08 0.000624999
4.8e-08 0.000484374
4.825e-08 -0.000257813
4.85e-08 -0.000875001
4.875e-08 -0.000492188
4.9e-08 0.000601562
4.925e-08 0.000945312
4.95e-08 0.000367187
4.975e-08 -0.000218751
5e-08 0.000554687
5.025e-08 0.000710937
5.05e-08 0.000773437
5.075e-08 0.000515624
5.1e-08 0.000828124
5.125e-08 0.000828124
5.15e-08 0.000656249
5.175e-08 0.000320312
5.2e-08 0.000499999
5.225e-08 0.000593749
5.25e-08 0.000742187
5.275e-08 0.000656249
5.3e-08 0.000820312
5.325e-08 0.000757812
5.35e-08 0.000734374
5.375e-08 0.000820312
5.4e-08 0.00103125
5.425e-08 0.000929687
5.45e-08 0.000921874
5.475e-08 0.000781249
5.5e-08 0.000906249
5.525e-08 0.000460937
5.55e-08 0.00101562
5.575e-08 0.000890624
5.6e-08 0.000960937
5.625e-08 0.000695312
5.65e-08 0.000859374
5.675e-08 0.000914062
5.7e-08 0.000874999
5.725e-08 0.000812499
5.75e-08 0.000710937
5.775e-08 0.000648437
5.8e-08 0.000531249
5.825e-08 0.000429687
5.85e-08 0.000585937
5.875e-08 0.000757812
5.9e-08 0.000937499
5.925e-08 0.000867187
5.95e-08 0.000789062
5.975e-08 0.000796874
6e-08 0.000773437
6.025e-08 0.000570312
6.05e-08 0.000554687
6.075e-08 0.000320312
6.1e-08 0.000328124
6.125e-08 -0.000109376
6.15e-08 0.000296874
6.175e-08 -1.56257e-05
6.2e-08 0.000484374
6.225e-08 0.000492187
6.25e-08 0.000421874
6.275e-08 0.000492187
6.3e-08 0.000898437
6.325e-08 0.000695312
6.35e-08 0.000523437
6.375e-08 0.000328124
6.4e-08 0.000617187
6.425e-08 0.000390624
6.45e-08 0.000640624
6.475e-08 0.000398437
6.5e-08 0.000554687
6.525e-08 0.000562499
6.55e-08 0.000906249
6.575e-08 0.000609374
6.6e-08 0.000492187
6.625e-08 0.000648437
6.65e-08 0.000632812
6.675e-08 0.000249999
6.7e-08 0.000203124
6.725e-08 0.000242187
6.75e-08 0.000562499
6.775e-08 0.000367187
6.8e-08 0.000796874
6.825e-08 0.000851562
6.85e-08 0.00105469
6.875e-08 0.000749999
6.9e-08 0.00107031
6.925e-08 0.000437499
6.95e-08 0.000843749
6.975e-08 0.000570312
7e-08 0.000914062
7.025e-08 0.000789062
7.05e-08 0.000687499
7.075e-08 0.000617187
7.1e-08 0.000601562
7.125e-08 0.000671874
7.15e-08 0.000742187
7.175e-08 0.000585937
7.2e-08 0.000484374
7.225e-08 0.000453124
7.25e-08 0.000445312
7.275e-08 -4.68757e-05
7.3e-08 0.000210937
7.325e-08 0.000171874
7.35e-08 0.000531249
7.375e-08 0.000226562
7.4e-08 0.000476562
7.425e-08 0.000312499
7.45e-08 0.000679687
7.475e-08 0.000445312
7.5e-08 0.000726562
7.525e-08 0.000421874
7.55e-08 0.000445312
7.575e-08 0.000328124
7.6e-08 0.000515624
7.625e-08 0.000281249
7.65e-08 0.000687499
7.675e-08 0.000390624
7.7e-08 0.000914062
7.725e-08 0.000734374
7.75e-08 0.000749999
7.775e-08 0.000328124
7.8e-08 0.000296874
7.825e-08 -0.000171876
7.85e-08 0.000343749
7.875e-08 0.000148437
7.9e-08 0.000265624
7.925e-08 0.000234374
7.95e-08 0.000281249
7.975e-08 0.000226562
8e-08 0.000437499
8.025e-08 0.000335937
8.05e-08 0.000570312
8.075e-08 0.000523437
8.1e-08 0.000749999
8.125e-08 0.000460937
8.15e-08 0.000843749
8.175e-08 0.000632812
8.2e-08 0.000789062
8.225e-08 0.000539062
8.25e-08 0.000671874
8.275e-08 0.000406249
8.3e-08 0.00111719
8.325e-08 0.00103125
8.35e-08 0.000664062
8.375e-08 0.000507812
8.4e-08 0.000999999
8.425e-08 0.00157031
8.45e-08 0.00182031
8.475e-08 0.00175
8.5e-08 0.00135156
8.525e-08 0.000726562
8.55e-08 0.000617187
8.575e-08 0.000484374
8.6e-08 0.000656249
8.625e-08 0.000640624
8.65e-08 0.000289062
8.675e-08 0.000156249
8.7e-08 -0.000203126
8.725e-08 -7.81257e-05
8.75e-08 8.59368e-05
8.775e-08 7.81184e-06
8.8e-08 -0.000281251
8.825e-08 0.000437499
8.85e-08 0.000890624
8.875e-08 0.000835937
8.9e-08 0.000484374
8.925e-08 7.81243e-05
8.95e-08 0.000390624
8.975e-08 7.03118e-05
9e-08 0.000109374
9.025e-08 -0.000250001
9.05e-08 -0.000210938
9.075e-08 -0.000226563
9.1e-08 2.34368e-05
9.125e-08 -0.000132813
9.15e-08 -0.000265626
9.175e-08 -0.000101563
9.2e-08 0.000484374
9.225e-08 0.000726562
9.25e-08 0.00140625
9.275e-08 0.00142187
9.3e-08 0.00189844
9.325e-08 0.00207812
9.35e-08 0.0018125
9.375e-08 0.0014375
9.4e-08 0.00132031
9.425e-08 0.00149219
9.45e-08 0.00127344
9.475e-08 0.00110156
9.5e-08 0.00103125
9.525e-08 0.000531249
9.55e-08 0.000726562
9.575e-08 6.24993e-05
9.6e-08 0.000109374
9.625e-08 9.37493e-05
9.65e-08 3.90618e-05
9.675e-08 -7.03132e-05
9.7e-08 0.000195312
9.725e-08 0.000476562
9.75e-08 0.000703124
9.775e-08 0.000492187
9.8e-08 0.000382812
9.825e-08 0.000507812
9.85e-08 0.00108594
9.875e-08 0.00129687
9.9e-08 0.00157812
9.925e-08 0.000874999
9.95e-08 0.000468749
9.975e-08 -7.81257e-05
1e-07 -7.81257e-05
1.0025e-07 2.34368e-05
1.005e-07 -0.000210938
1.0075e-07 -0.000179688
1.01e-07 0.000296874
1.0125e-07 0.000304687
1.015e-07 0.000617187
1.0175e-07 0.00113281
1.02e-07 0.00145312
1.0225e-07 0.00171094
1.025e-07 0.00201562
1.0275e-07 0.00164062
1.03e-07 0.001875
1.0325e-07 0.00171094
1.035e-07 0.00129687
1.0375e-07 0.000468749
1.04e-07 0.000132812
1.0425e-07 -0.000359376
1.045e-07 -0.000507813
1.0475e-07 -0.000757813
1.05e-07 -0.000875001
1.0525e-07 -0.000414063
1.055e-07 0.000257812
1.0575e-07 0.000328124
1.06e-07 0.00108594
1.0625e-07 0.00153125
1.065e-07 0.00191406
1.0675e-07 0.00208594
1.07e-07 0.00189062
1.0725e-07 0.00153125
1.075e-07 0.000968749
1.0775e-07 0.000218749
1.08e-07 -0.000187501
1.0825e-07 -0.000953126
1.085e-07 -0.000976563
1.0875e-07 -0.00126563
1.09e-07 -0.000820313
1.0925e-07 -0.000851563
1.095e-07 -0.000656251
1.0975e-07 -0.000125001
1.1e-07 0.000843749
1.1025e-07 0.00138281
1.105e-07 0.00188281
1.1075e-07 0.00164062
1.11e-07 0.00196094
1.1125e-07 0.00208594
1.115e-07 0.002125
1.1175e-07 0.00100781
1.12e-07 0.000906249
1.1225e-07 0.000578124
1.125e-07 0.000374999
1.1275e-07 -0.000148438
1.13e-07 -0.000460938
1.1325e-07 -0.000468751
1.135e-07 -0.000328126
1.1375e-07 -0.000429688
1.14e-07 -0.000453126
1.1425e-07 -8.59382e-05
1.145e-07 0.000554687
1.1475e-07 0.000906249
1.15e-07 0.00167969
1.1525e-07 0.00166406
1.155e-07 0.00207812
1.1575e-07 0.00182031
1.16e-07 0.00179687
1.1625e-07 0.00128906
1.165e-07 0.000945312
1.1675e-07 0.000820312
1.17e-07 0.000593749
1.1725e-07 0.000242187
1.175e-07 -7.03132e-05
1.1775e-07 -0.000203126
1.18e-07 -7.81316e-06
1.1825e-07 -0.000289063
1.185e-07 -0.000171876
1.1875e-07 -0.000500001
1.19e-07 -0.000242188
1.1925e-07 0.000640624
1.195e-07 0.00113281
1.1975e-07 0.00141406
1.2e-07 0.0020625
1.2025e-07 0.00183594
1.205e-07 0.00189844
1.2075e-07 0.00129687
1.21e-07 0.000804687
1.2125e-07 0.000695312
1.215e-07 0.000203124
1.2175e-07 -0.000429688
1.22e-07 -0.000617188
1.2225e-07 -0.000906251
1.225e-07 -0.000679688
1.2275e-07 -0.000781251
1.23e-07 -0.000585938
1.2325e-07 -6.25007e-05
1.235e-07 0.000320312
1.2375e-07 0.000773437
1.24e-07 0.00144531
1.2425e-07 0.00160937
1.245e-07 0.00189844
1.2475e-07 0.00134375
1.25e-07 0.00158594
1.2525e-07 0.0011875
1.255e-07 0.000867187
1.2575e-07 0.000546874
1.26e-07 0.000203124
1.2625e-07 -7.81257e-05
1.265e-07 -0.000367188
1.2675e-07 -0.000476563
1.27e-07 -0.000281251
1.2725e-07 0.000164062
1.275e-07 0.000312499
1.2775e-07 0.000554687
1.28e-07 0.000890624
1.2825e-07 0.000960937
1.285e-07 0.00135937
1.2875e-07 0.00100781
1.29e-07 0.00116406
1.2925e-07 0.0010625
1.295e-07 0.00114062
1.2975e-07 0.000804687
1.3e-07 0.000718749
1.3025e-07 0.000570312
1.305e-07 0.000601562
1.3075e-07 0.000289062
1.31e-07 0.000304687
1.3125e-07 0.000359374
1.315e-07 0.000398437
1.3175e-07 0.000210937
1.32e-07 0.000429687
1.3225e-07 0.000257812
1.325e-07 0.000335937
1.3275e-07 0.000289062
1.33e-07 0.000312499
1.3325e-07 0.000226562
1.335e-07 0.000656249
1.3375e-07 0.000585937
1.34e-07 0.000820312
1.3425e-07 0.000515624
1.345e-07 0.000335937
1.3475e-07 -0.000492188
1.35e-07 -0.000867188
1.3525e-07 -0.00103125
1.355e-07 -0.000671876
1.3575e-07 -0.00285938
1.36e-07 -0.00595313
1.3625e-07 -0.00620313
1.365e-07 -0.00483594
1.3675e-07 -0.00360938
1.37e-07 -0.00329688
1.3725e-07 -0.00982031
1.375e-07 -0.0237109
1.3775e-07 -0.00428125
1.38e-07 0.0926406
1.3825e-07 0.179234
1.385e-07 0.195031
1.3875e-07 0.171781
1.39e-07 0.139523
1.3925e-07 0.101188
1.395e-07 0.0677344
1.3975e-07 0.0461406
1.4e-07 0.0381094
1.4025e-07 0.0382344
1.405e-07 0.0343906
1.4075e-07 0.0274844
1.41e-07 0.0184141
1.4125e-07 0.00575
1.415e-07 -0.0119141
1.4175e-07 -0.0340234
1.42e-07 -0.0544375
1.4225e-07 -0.0709141
1.425e-07 -0.0840391
1.4275e-07 -0.0926875
1.43e-07 -0.09475
1.4325e-07 -0.0936641
1.435e-07 -0.0940391
1.4375e-07 -0.0980469
1.44e-07 -0.103297
1.4425e-07 -0.104742
1.445e-07 -0.0951406
1.4475e-07 -0.0828594
1.45e-07 -0.0751953
1.4525e-07 -0.06875
1.455e-07 -0.058
1.4575e-07 -0.0459219
1.46e-07 -0.0333594
1.4625e-07 -0.0221953
1.465e-07 -0.0115156
1.4675e-07 -0.000671876
1.47e-07 0.00858594
1.4725e-07 0.0168125
1.475e-07 0.0253281
1.4775e-07 0.0333281
1.48e-07 0.0400703
1.4825e-07 0.0424219
1.485e-07 0.0438203
1.4875e-07 0.04475
1.49e-07 0.0446953
1.4925e-07 0.0428828
1.495e-07 0.0405625
1.4975e-07 0.0384609
1.5e-07 0.0374531
1.5025e-07 0.0355547
1.505e-07 0.0318125
1.5075e-07 0.0273672
1.51e-07 0.0258047
1.5125e-07 0.0240078
1.515e-07 0.0203359
1.5175e-07 0.0150938
1.52e-07 0.0111094
1.5225e-07 0.00832031
1.525e-07 0.00639844
1.5275e-07 0.00192969
1.53e-07 -0.00353125
1.5325e-07 -0.00878906
1.535e-07 -0.0139453
1.5375e-07 -0.0201328
1.54e-07 -0.0269219
1.5425e-07 -0.0332188
1.545e-07 -0.0371797
1.5475e-07 -0.0395313
1.55e-07 -0.0408906
1.5525e-07 -0.0415938
1.555e-07 -0.0398281
1.5575e-07 -0.0366172
1.56e-07 -0.0326328
1.5625e-07 -0.0293047
1.565e-07 -0.0252344
1.5675e-07 -0.0200938
1.57e-07 -0.0143438
1.5725e-07 -0.00839063
1.575e-07 -0.00260156
1.5775e-07 0.00340625
1.58e-07 0.00938281
1.5825e-07 0.0150313
1.585e-07 0.0191484
1.5875e-07 0.0230234
1.59e-07 0.0264453
1.5925e-07 0.0294141
1.595e-07 0.0310703
1.5975e-07 0.0312813
1.6e-07 0.0313828
1.6025e-07 0.0311641
1.605e-07 0.0300469
1.6075e-07 0.0274609
1.61e-07 0.0239766
1.6125e-07 0.0207656
1.615e-07 0.0173828
1.6175e-07 0.0135234
1.62e-07 0.00947656
1.6225e-07 0.00548437
1.625e-07 0.00220312
1.6275e-07 -0.00125781
1.63e-07 -0.00417188
1.6325e-07 -0.00761719
1.635e-07 -0.0104766
1.6375e-07 -0.0128906
1.64e-07 -0.0145469
1.6425e-07 -0.0170391
1.645e-07 -0.0187656
1.6475e-07 -0.0202422
1.65e-07 -0.0209922
1.6525e-07 -0.0220156
1.655e-07 -0.0224531
1.6575e-07 -0.0230859
1.66e-07 -0.0224063
1.6625e-07 -0.0215
1.665e-07 -0.020375
1.6675e-07 -0.0189453
1.67e-07 -0.0168203
1.6725e-07 -0.0140938
1.675e-07 -0.0113281
1.6775e-07 -0.00871875
1.68e-07 -0.005625
1.6825e-07 -0.002625
1.685e-07 0.001125
1.6875e-07 0.00392187
1.69e-07 0.0074375
1.6925e-07 0.0104297
1.695e-07 0.0137266
1.6975e-07 0.016625
1.7e-07 0.0188203
1.7025e-07 0.0210469
1.705e-07 0.0227969
1.7075e-07 0.0241875
1.71e-07 0.0248594
1.7125e-07 0.024375
1.715e-07 0.0238672
1.7175e-07 0.0224219
1.72e-07 0.0209844
1.7225e-07 0.0182656
1.725e-07 0.0158438
1.7275e-07 0.0129219
1.73e-07 0.0104687
1.7325e-07 0.00745312
1.735e-07 0.00460156
1.7375e-07 0.00102344
1.74e-07 -0.0016875
1.7425e-07 -0.00486719
1.745e-07 -0.007375
1.7475e-07 -0.0103125
1.75e-07 -0.0117891
1.7525e-07 -0.01375
1.755e-07 -0.0145469
1.7575e-07 -0.0156797
1.76e-07 -0.0161172
1.7625e-07 -0.0158438
1.765e-07 -0.01525
1.7675e-07 -0.0148281
1.77e-07 -0.0139844
1.7725e-07 -0.0128203
1.775e-07 -0.011375
1.7775e-07 -0.0095
1.78e-07 -0.00801563
1.7825e-07 -0.00625781
1.785e-07 -0.004125
1.7875e-07 -0.00227344
1.79e-07 -0.000335938
1.7925e-07 0.00105469
1.795e-07 0.0026875
1.7975e-07 0.0045625
1.8e-07 0.00580469
1.8025e-07 0.00710937
1.805e-07 0.0085
1.8075e-07 0.00935156
1.81e-07 0.0105234
1.8125e-07 0.0111328
1.815e-07 0.0116562
1.8175e-07 0.0113906
1.82e-07 0.0114453
1.8225e-07 0.0111719
1.825e-07 0.0106172
1.8275e-07 0.00964062
1.83e-07 0.00852344
1.8325e-07 0.00725781
1.835e-07 0.00589844
1.8375e-07 0.00471094
1.84e-07 0.00335937
1.8425e-07 0.00196094
1.845e-07 0.000804687
1.8475e-07 -0.000546876
1.85e-07 -0.00182813
1.8525e-07 -0.00310156
1.855e-07 -0.00414063
1.8575e-07 -0.00528906
1.86e-07 -0.00585156
1.8625e-07 -0.00620313
1.865e-07 -0.0065
1.8675e-07 -0.00677344
1.87e-07 -0.00650781
1.8725e-07 -0.00657031
1.875e-07 -0.00588281
1.8775e-07 -0.00551563
1.88e-07 -0.00467969
1.8825e-07 -0.00424219
1.885e-07 -0.0035625
1.8875e-07 -0.00303906
1.89e-07 -0.00225781
1.8925e-07 -0.00155469
1.895e-07 -0.000460938
1.8975e-07 4.68743e-05
1.9e-07 0.00107812
1.9025e-07 0.00158594
1.905e-07 0.00253906
1.9075e-07 0.00265625
1.91e-07 0.0034375
1.9125e-07 0.00364062
1.915e-07 0.00366406
1.9175e-07 0.0040625
1.92e-07 0.00369531
1.9225e-07 0.00386719
1.925e-07 0.00378906
1.9275e-07 0.00353125
1.93e-07 0.00338281
1.9325e-07 0.00333594
1.935e-07 0.00296875
1.9375e-07 0.00255469
1.94e-07 0.00223437
1.9425e-07 0.00160156
1.945e-07 0.00128906
1.9475e-07 0.000773437
1.95e-07 0.000335937
1.9525e-07 0.000453124
1.955e-07 0.000296874
1.9575e-07 -0.000226563
1.96e-07 -7.03132e-05
1.9625e-07 -0.000531251
1.965e-07 -0.000601563
1.9675e-07 -0.000828126
1.97e-07 -0.000828126
1.9725e-07 -0.00103906
1.975e-07 -0.00101563
1.9775e-07 -0.00123438
1.98e-07 -0.00122656
1.9825e-07 -0.00104688
1.985e-07 -0.00103906
1.9875e-07 -0.000984376
1.99e-07 -0.00103125
1.9925e-07 -0.000820313
1.995e-07 -0.000687501
1.9975e-07 -0.000234376
2e-07 0.000367187
2.0025e-07 0.000492187
2.005e-07 0.000968749
2.0075e-07 0.00173437
2.01e-07 0.00207812
2.0125e-07 0.00227344
2.015e-07 0.00240625
2.0175e-07 0.00234375
2.02e-07 0.00298437
2.0225e-07 0.00253906
2.025e-07 0.00278125
2.0275e-07 0.00272656
2.03e-07 0.00302344
2.0325e-07 0.00260937
2.035e-07 0.00275
2.0375e-07 0.00260156
2.04e-07 0.00235156
2.0425e-07 0.00217187
2.045e-07 0.00198437
2.0475e-07 0.00152344
2.05e-07 0.00121875
2.0525e-07 0.00103125
2.055e-07 0.000812499
2.0575e-07 0.000562499
2.06e-07 0.000195312
2.0625e-07 0.000117187
2.065e-07 -0.000312501
2.0675e-07 -0.000523438
2.07e-07 -0.000640626
2.0725e-07 -0.000937501
2.075e-07 -0.00114063
2.0775e-07 -0.00135156
2.08e-07 -0.00146094
2.0825e-07 -0.00144531
2.085e-07 -0.00144531
2.0875e-07 -0.00160938
2.09e-07 -0.001375
2.0925e-07 -0.00139844
2.095e-07 -0.00114844
2.0975e-07 -0.00109375
2.1e-07 -0.000664063
2.1025e-07 -0.000531251
2.105e-07 -0.000257813
2.1075e-07 5.46868e-05
2.11e-07 0.000460937
2.1125e-07 0.000382812
2.115e-07 0.00105469
2.1175e-07 0.000937499
2.12e-07 0.00128125
2.1225e-07 0.00148437
2.125e-07 0.00185937
2.1275e-07 0.00178125
2.13e-07 0.00224219
2.1325e-07 0.00201562
2.135e-07 0.00233594
2.1375e-07 0.00192187
2.14e-07 0.00211719
2.1425e-07 0.00203906
2.145e-07 0.00185937
2.1475e-07 0.00153125
2.15e-07 0.00148437
2.1525e-07 0.00142187
2.155e-07 0.00110156
2.1575e-07 0.00107812
2.16e-07 0.000765624
2.1625e-07 0.000648437
2.165e-07 0.000492187
2.1675e-07 1.56243e-05
2.17e-07 0.000289062
2.1725e-07 -0.000460938
2.175e-07 -0.000492188
2.1775e-07 -0.000750001
2.18e-07 -0.000625001
2.1825e-07 -0.000820313
2.185e-07 -0.00107031
2.1875e-07 -0.000812501
2.19e-07 -0.00107031
2.1925e-07 -0.00123438
2.195e-07 -0.00135156
2.1975e-07 -0.00109375
2.2e-07 -0.00117188
2.2025e-07 -0.00110938
2.205e-07 -0.000953126
2.2075e-07 -0.000851563
2.21e-07 -0.000695313
2.2125e-07 -0.000562501
2.215e-07 -0.000289063
2.2175e-07 -0.000320313
2.22e-07 0.000109374
2.2225e-07 -1.56257e-05
2.225e-07 0.000335937
2.2275e-07 7.81243e-05
2.23e-07 0.000789062
2.2325e-07 0.000624999
2.235e-07 0.000640624
2.2375e-07 0.000765624
2.24e-07 0.00107031
2.2425e-07 0.00113281
2.245e-07 0.00144531
2.2475e-07 0.0011875
