-2.5e-08 0.000703124
-2.475e-08 0.000601562
-2.45e-08 0.000624999
-2.425e-08 0.000640624
-2.4e-08 0.000398437
-2.375e-08 0.000640624
-2.35e-08 0.000429687
-2.325e-08 0.000492187
-2.3e-08 0.000624999
-2.275e-08 0.000640624
-2.25e-08 0.000601562
-2.225e-08 0.000874999
-2.2e-08 0.000374999
-2.175e-08 0.000617187
-2.15e-08 0.000687499
-2.125e-08 0.000679687
-2.1e-08 0.000749999
-2.075e-08 0.000546874
-2.05e-08 0.000562499
-2.025e-08 0.000703124
-2e-08 0.000445312
-1.975e-08 0.000710937
-1.95e-08 0.000656249
-1.925e-08 0.000671874
-1.9e-08 0.000859374
-1.875e-08 0.000531249
-1.85e-08 0.000648437
-1.825e-08 0.000515624
-1.8e-08 0.000617187
-1.775e-08 0.000578124
-1.75e-08 0.000874999
-1.725e-08 0.000523437
-1.7e-08 0.000749999
-1.675e-08 0.000468749
-1.65e-08 0.000453124
-1.625e-08 0.000828124
-1.6e-08 0.000523437
-1.575e-08 0.000828124
-1.55e-08 0.000562499
-1.525e-08 0.000585937
-1.5e-08 0.000656249
-1.475e-08 0.000687499
-1.45e-08 0.000742187
-1.425e-08 0.000507812
-1.4e-08 0.000718749
-1.375e-08 0.000609374
-1.35e-08 0.000546874
-1.325e-08 0.000648437
-1.3e-08 0.000718749
-1.275e-08 0.000593749
-1.25e-08 0.000453124
-1.225e-08 0.000695312
-1.2e-08 0.000687499
-1.175e-08 0.000742187
-1.15e-08 0.000593749
-1.125e-08 0.000593749
-1.1e-08 0.000687499
-1.075e-08 0.000656249
-1.05e-08 0.000851562
-1.025e-08 0.000468749
-1e-08 0.000601562
-9.75e-09 0.000609374
-9.5e-09 0.000726562
-9.25e-09 0.000609374
-9e-09 0.000445312
-8.75e-09 0.000515624
-8.5e-09 0.000742187
-8.25e-09 0.000445312
-8e-09 0.000718749
-7.75e-09 0.000648437
-7.5e-09 0.000468749
-7.25e-09 0.000937499
-7e-09 0.000398437
-6.75e-09 0.000835937
-6.5e-09 0.000296874
-6.25e-09 0.00120312
-6e-09 0.000210937
-5.75e-09 0.000632812
-5.5e-09 0.000804687
-5.25e-09 0.000296874
-5e-09 0.000960937
-4.75e-09 3.12493e-05
-4.5e-09 0.00135156
-4.25e-09 7.81243e-05
-4e-09 0.00107812
-3.75e-09 0.000492187
-3.5e-09 0.000710937
-3.25e-09 0.000601562
-3e-09 0.000656249
-2.75e-09 0.000374999
-2.5e-09 0.000632812
-2.25e-09 0.000695312
-2e-09 0.000445312
-1.75e-09 0.000960937
-1.5e-09 0.000328124
-1.25e-09 0.000789062
-1e-09 0.000320312
-7.5e-10 0.000789062
-5e-10 0.000249999
-2.5e-10 0.00107812
0 0.000609374
2.5e-10 0.000781249
5e-10 0.000523437
7.5e-10 0.000742187
1e-09 0.0011875
1.25e-09 0.00266406
1.5e-09 0.00821094
1.75e-09 0.00396094
2e-09 -0.00632031
2.25e-09 -0.00151563
2.5e-09 0.00882812
2.75e-09 0.00989844
3e-09 0.00654687
3.25e-09 0.00405469
3.5e-09 0.00255469
3.75e-09 0.000804687
4e-09 -0.000570313
4.25e-09 -0.00141406
4.5e-09 -0.000804688
4.75e-09 -0.00119531
5e-09 -0.00169531
5.25e-09 -0.00204688
5.5e-09 -0.000812501
5.75e-09 -0.00104688
6e-09 -0.0018125
6.25e-09 -0.0025625
6.5e-09 -0.00225
6.75e-09 -0.00210938
7e-09 -0.00233594
7.25e-09 -0.00225
7.5e-09 -0.00225
7.75e-09 -0.000664063
8e-09 -0.000351563
8.25e-09 -0.000773438
8.5e-09 -0.00267969
8.75e-09 -0.000945313
9e-09 0.000828124
9.25e-09 0.00215625
9.5e-09 0.00123437
9.75e-09 0.000468749
1e-08 0.000460937
1.025e-08 0.000398437
1.05e-08 0.000718749
1.075e-08 0.000742187
1.1e-08 0.00198437
1.125e-08 0.00132812
1.15e-08 0.00170312
1.175e-08 0.00152344
1.2e-08 0.0019375
1.225e-08 0.00202344
1.25e-08 0.00230469
1.275e-08 0.0021875
1.3e-08 0.00217969
1.325e-08 0.00282812
1.35e-08 0.00260937
1.375e-08 0.00208594
1.4e-08 0.00189844
1.425e-08 0.00303125
1.45e-08 0.00353125
1.475e-08 0.000687499
1.5e-08 -0.00297656
1.525e-08 -0.00213281
1.55e-08 -0.000281251
1.575e-08 2.34368e-05
1.6e-08 3.90618e-05
1.625e-08 -0.000320313
1.65e-08 -0.000414063
1.675e-08 -0.0011875
1.7e-08 -0.00157031
1.725e-08 -0.00250781
1.75e-08 -0.00233594
1.775e-08 -0.00224219
1.8e-08 -0.00222656
1.825e-08 -0.00178906
1.85e-08 -0.00144531
1.875e-08 -0.001
1.9e-08 -0.000570313
1.925e-08 5.46868e-05
1.95e-08 2.34368e-05
1.975e-08 0.000398437
2e-08 0.000749999
2.025e-08 0.00110937
2.05e-08 0.001125
2.075e-08 0.00208594
2.1e-08 0.00271875
2.125e-08 0.00254687
2.15e-08 0.00232031
2.175e-08 0.00242969
2.2e-08 0.00240625
2.225e-08 0.00226562
2.25e-08 0.00235156
2.275e-08 0.00238281
2.3e-08 0.00228125
2.325e-08 0.00226562
2.35e-08 0.00204687
2.375e-08 0.00232031
2.4e-08 0.00189062
2.425e-08 0.00170312
2.45e-08 0.00128125
2.475e-08 0.000921874
2.5e-08 0.000718749
2.525e-08 0.000593749
2.55e-08 0.000343749
2.575e-08 -0.000398438
2.6e-08 -0.000312501
2.625e-08 -0.000367188
2.65e-08 -0.000593751
2.675e-08 -0.000796876
2.7e-08 -0.00111719
2.725e-08 -0.000765626
2.75e-08 -0.000585938
2.775e-08 -0.000710938
2.8e-08 -0.00104688
2.825e-08 -0.00109375
2.85e-08 -0.00103906
2.875e-08 -0.000703126
2.9e-08 -0.000554688
2.925e-08 -0.000296876
2.95e-08 2.34368e-05
2.975e-08 0.000281249
3e-08 0.000679687
3.025e-08 0.000749999
3.05e-08 0.000796874
3.075e-08 0.000554687
3.1e-08 0.000656249
3.125e-08 0.000773437
3.15e-08 0.00110937
3.175e-08 0.00130469
3.2e-08 0.00149219
3.225e-08 0.00155469
3.25e-08 0.00146094
3.275e-08 0.00134375
3.3e-08 0.00167187
3.325e-08 0.00182812
3.35e-08 0.00160937
3.375e-08 0.00132812
3.4e-08 0.00139062
3.425e-08 0.00125
3.45e-08 0.00121875
3.475e-08 0.00108594
3.5e-08 0.000726562
3.525e-08 0.000851562
3.55e-08 0.000531249
3.575e-08 0.000414062
3.6e-08 0.000289062
3.625e-08 0.000374999
3.65e-08 0.000265624
3.675e-08 0.000289062
3.7e-08 0.000257812
3.725e-08 -0.000179688
3.75e-08 -0.000218751
3.775e-08 -0.000273438
3.8e-08 -0.000750001
3.825e-08 -0.00102344
3.85e-08 -0.000382813
3.875e-08 0.000249999
3.9e-08 0.000617187
3.925e-08 0.000476562
3.95e-08 8.59368e-05
3.975e-08 0.000468749
4e-08 0.000492187
4.025e-08 0.000335937
4.05e-08 0.000468749
4.075e-08 0.000554687
4.1e-08 0.000773437
4.125e-08 0.000515624
4.15e-08 0.000773437
4.175e-08 0.000828124
4.2e-08 0.00101562
4.225e-08 0.00121094
4.25e-08 0.00171094
4.275e-08 0.00126562
4.3e-08 0.00121875
4.325e-08 0.00105469
4.35e-08 0.00145312
4.375e-08 0.00115625
4.4e-08 0.000812499
4.425e-08 0.000867187
4.45e-08 0.000906249
4.475e-08 0.000710937
4.5e-08 0.000726562
4.525e-08 0.00103906
4.55e-08 0.000734374
4.575e-08 0.000484374
4.6e-08 0.000632812
4.625e-08 0.000515624
4.65e-08 0.000835937
4.675e-08 0.000921874
4.7e-08 0.000765624
4.725e-08 0.000703124
4.75e-08 0.000664062
4.775e-08 0.000593749
4.8e-08 0.000570312
4.825e-08 6.24993e-05
4.85e-08 -0.001
4.875e-08 -0.000914063
4.9e-08 0.000476562
4.925e-08 0.001125
4.95e-08 0.000367187
4.975e-08 -0.000242188
5e-08 0.000437499
5.025e-08 0.000874999
5.05e-08 0.000859374
5.075e-08 0.000640624
5.1e-08 0.000812499
5.125e-08 0.000742187
5.15e-08 0.000648437
5.175e-08 0.000476562
5.2e-08 0.000703124
5.225e-08 0.000234374
5.25e-08 0.000515624
5.275e-08 0.000617187
5.3e-08 0.000765624
5.325e-08 0.000859374
5.35e-08 0.000718749
5.375e-08 0.000734374
5.4e-08 0.000953124
5.425e-08 0.000992187
5.45e-08 0.000820312
5.475e-08 0.000804687
5.5e-08 0.000710937
5.525e-08 0.000734374
5.55e-08 0.000742187
5.575e-08 0.000820312
5.6e-08 0.000843749
5.625e-08 0.000781249
5.65e-08 0.000968749
5.675e-08 0.000796874
5.7e-08 0.00102344
5.725e-08 0.000882812
5.75e-08 0.000648437
5.775e-08 0.000593749
5.8e-08 0.000507812
5.825e-08 0.000507812
5.85e-08 0.000320312
5.875e-08 0.000476562
5.9e-08 0.000843749
5.925e-08 0.000828124
5.95e-08 0.000960937
5.975e-08 0.000789062
6e-08 0.000570312
6.025e-08 0.000585937
6.05e-08 0.000421874
6.075e-08 0.000226562
6.1e-08 0.000171874
6.125e-08 7.81243e-05
6.15e-08 -9.37507e-05
6.175e-08 -3.12507e-05
6.2e-08 0.000210937
6.225e-08 0.000609374
6.25e-08 0.000664062
6.275e-08 0.000749999
6.3e-08 0.000554687
6.325e-08 0.000492187
6.35e-08 0.000648437
6.375e-08 0.000328124
6.4e-08 0.000617187
6.425e-08 0.000484374
6.45e-08 0.000515624
6.475e-08 0.000382812
6.5e-08 0.000429687
6.525e-08 0.000468749
6.55e-08 0.000820312
6.575e-08 0.000757812
6.6e-08 0.000874999
6.625e-08 0.000468749
6.65e-08 0.000734374
6.675e-08 0.000445312
6.7e-08 0.000585937
6.725e-08 0.000328124
6.75e-08 0.000664062
6.775e-08 0.000664062
6.8e-08 0.00108594
6.825e-08 0.000843749
6.85e-08 0.000695312
6.875e-08 0.00115625
6.9e-08 0.00100781
6.925e-08 0.000820312
6.95e-08 0.000757812
6.975e-08 0.000921874
7e-08 0.00105469
7.025e-08 0.000742187
7.05e-08 0.000867187
7.075e-08 0.000726562
7.1e-08 0.000570312
7.125e-08 0.000984374
7.15e-08 0.000703124
7.175e-08 0.000804687
7.2e-08 0.000781249
7.225e-08 0.000671874
7.25e-08 0.000421874
7.275e-08 0.000343749
7.3e-08 0.000335937
7.325e-08 0.000320312
7.35e-08 0.000468749
7.375e-08 0.000398437
7.4e-08 0.000406249
7.425e-08 0.000640624
7.45e-08 0.000601562
7.475e-08 0.000359374
7.5e-08 0.000546874
7.525e-08 0.000234374
7.55e-08 0.000320312
7.575e-08 0.000242187
7.6e-08 0.000617187
7.625e-08 0.000656249
7.65e-08 0.000515624
7.675e-08 0.000437499
7.7e-08 0.000507812
7.725e-08 0.000843749
7.75e-08 0.000992187
7.775e-08 0.000749999
7.8e-08 0.000406249
7.825e-08 -0.000117188
7.85e-08 6.24993e-05
7.875e-08 2.34368e-05
7.9e-08 0.000257812
7.925e-08 0.000203124
7.95e-08 0.000187499
7.975e-08 5.46868e-05
8e-08 0.000468749
8.025e-08 1.56243e-05
8.05e-08 0.000484374
8.075e-08 0.000585937
8.1e-08 0.000820312
8.125e-08 0.000976562
8.15e-08 0.00113281
8.175e-08 0.00110156
8.2e-08 0.00103906
8.225e-08 0.00107031
8.25e-08 0.000687499
8.275e-08 0.000703124
8.3e-08 0.000953124
8.325e-08 0.00108594
8.35e-08 0.000874999
8.375e-08 0.000617187
8.4e-08 0.000710937
8.425e-08 0.00130469
8.45e-08 0.00164844
8.475e-08 0.00170312
8.5e-08 0.00135937
8.525e-08 0.000804687
8.55e-08 0.000804687
8.575e-08 0.000656249
8.6e-08 0.000765624
8.625e-08 0.000406249
8.65e-08 0.000289062
8.675e-08 -3.90632e-05
8.7e-08 -0.000421876
8.725e-08 -0.000625001
8.75e-08 -0.000484376
8.775e-08 -0.000117188
8.8e-08 -0.000453126
8.825e-08 -0.000148438
8.85e-08 0.000406249
8.875e-08 0.000882812
8.9e-08 0.000867187
8.925e-08 0.000320312
8.95e-08 0.000257812
8.975e-08 0.000624999
9e-08 0.000531249
9.025e-08 0.000296874
9.05e-08 -0.000195313
9.075e-08 -6.55651e-10
9.1e-08 6.24993e-05
9.125e-08 -0.000132813
9.15e-08 -0.000640626
9.175e-08 -0.000484376
9.2e-08 2.34368e-05
9.225e-08 0.000601562
9.25e-08 0.0010625
9.275e-08 0.00103125
9.3e-08 0.001625
9.325e-08 0.0018125
9.35e-08 0.00226562
9.375e-08 0.0019375
9.4e-08 0.00176562
9.425e-08 0.00157812
9.45e-08 0.00178906
9.475e-08 0.00169531
9.5e-08 0.00132031
9.525e-08 0.00128906
9.55e-08 0.000835937
9.575e-08 0.000390624
9.6e-08 5.46868e-05
9.625e-08 -0.000234376
9.65e-08 -0.000156251
9.675e-08 -0.000421876
9.7e-08 -0.000250001
9.725e-08 2.34368e-05
9.75e-08 0.000210937
9.775e-08 0.000414062
9.8e-08 0.000210937
9.825e-08 0.000476562
9.85e-08 0.000781249
9.875e-08 0.00140625
9.9e-08 0.00161719
9.925e-08 0.00121094
9.95e-08 0.000874999
9.975e-08 0.000296874
1e-07 -0.000234376
1.0025e-07 0.000148437
1.005e-07 -0.000218751
1.0075e-07 -0.000421876
1.01e-07 -0.000226563
1.0125e-07 -0.000234376
1.015e-07 0.000249999
1.0175e-07 0.000640624
1.02e-07 0.000992187
1.0225e-07 0.0013125
1.025e-07 0.00191406
1.0275e-07 0.00183594
1.03e-07 0.00188281
1.0325e-07 0.00196875
1.035e-07 0.00167187
1.0375e-07 0.000749999
1.04e-07 0.000171874
1.0425e-07 -0.000242188
1.045e-07 -0.000718751
1.0475e-07 -0.00100781
1.05e-07 -0.00100781
1.0525e-07 -0.000445313
1.055e-07 -8.59382e-05
1.0575e-07 0.000742187
1.06e-07 0.000851562
1.0625e-07 0.00141406
1.065e-07 0.00196094
1.0675e-07 0.00259375
1.07e-07 0.00272656
1.0725e-07 0.00242187
1.075e-07 0.001625
1.0775e-07 0.000882812
1.08e-07 7.81243e-05
1.0825e-07 -0.000773438
1.085e-07 -0.00123438
1.0875e-07 -0.00171094
1.09e-07 -0.00158594
1.0925e-07 -0.00121094
1.095e-07 -0.00170313
1.0975e-07 -0.000640626
1.1e-07 -6.55651e-10
1.1025e-07 0.00122656
1.105e-07 0.00175
1.1075e-07 0.0018125
1.11e-07 0.00213281
1.1125e-07 0.00263281
1.115e-07 0.00267969
1.1175e-07 0.002125
1.12e-07 0.00142187
1.1225e-07 0.000820312
1.125e-07 0.000406249
1.1275e-07 -0.000406251
1.13e-07 -0.000898438
1.1325e-07 -0.00123438
1.135e-07 -0.001
1.1375e-07 -0.00121094
1.14e-07 -0.000773438
1.1425e-07 -0.000773438
1.145e-07 0.000257812
1.1475e-07 0.000874999
1.15e-07 0.00153906
1.1525e-07 0.00210156
1.155e-07 0.00250781
1.1575e-07 0.00246875
1.16e-07 0.00253125
1.1625e-07 0.002
1.165e-07 0.00145312
1.1675e-07 0.00103906
1.17e-07 0.00107031
1.1725e-07 0.000328124
1.175e-07 -0.000250001
1.1775e-07 -0.000382813
1.18e-07 -0.000640626
1.1825e-07 -0.000546876
1.185e-07 -0.000687501
1.1875e-07 -0.000757813
1.19e-07 -0.000312501
1.1925e-07 0.000257812
1.195e-07 0.000796874
1.1975e-07 0.0015
1.2e-07 0.00207812
1.2025e-07 0.00239062
1.205e-07 0.00217969
1.2075e-07 0.00170312
1.21e-07 0.00157812
1.2125e-07 0.000859374
1.215e-07 0.000515624
1.2175e-07 -0.000195313
1.22e-07 -0.000742188
1.2225e-07 -0.00103125
1.225e-07 -0.00107031
1.2275e-07 -0.00146094
1.23e-07 -0.000843751
1.2325e-07 -0.000890626
1.235e-07 -1.56257e-05
1.2375e-07 0.000460937
1.24e-07 0.00116406
1.2425e-07 0.00122656
1.245e-07 0.00154687
1.2475e-07 0.00160937
1.25e-07 0.00188281
1.2525e-07 0.00165625
1.255e-07 0.00114062
1.2575e-07 0.000999999
1.26e-07 0.000429687
1.2625e-07 3.90618e-05
1.265e-07 -0.000179688
1.2675e-07 -0.000656251
1.27e-07 -0.000523438
1.2725e-07 -7.03132e-05
1.275e-07 0.000203124
1.2775e-07 0.000390624
1.28e-07 0.000609374
1.2825e-07 0.00108594
1.285e-07 0.00121094
1.2875e-07 0.00122656
1.29e-07 0.00117187
1.2925e-07 0.00142969
1.295e-07 0.00132812
1.2975e-07 0.00125781
1.3e-07 0.000992187
1.3025e-07 0.00104687
1.305e-07 0.000523437
1.3075e-07 0.000367187
1.31e-07 0.000210937
1.3125e-07 0.000156249
1.315e-07 0.000476562
1.3175e-07 0.000320312
1.32e-07 0.000390624
1.3225e-07 0.000328124
1.325e-07 0.000367187
1.3275e-07 0.000351562
1.33e-07 0.000374999
1.3325e-07 0.000218749
1.335e-07 0.000687499
1.3375e-07 0.000539062
1.34e-07 0.000624999
1.3425e-07 0.000757812
1.345e-07 0.000359374
1.3475e-07 2.34368e-05
1.35e-07 -0.00101563
1.3525e-07 -0.00178125
1.355e-07 -0.00295313
1.3575e-07 -0.00442188
1.36e-07 -0.00300781
1.3625e-07 -0.0028125
1.365e-07 -0.00128906
1.3675e-07 0.00189062
1.37e-07 0.0025
1.3725e-07 -0.00204688
1.375e-07 -0.0177969
1.3775e-07 -0.0055
1.38e-07 0.0913828
1.3825e-07 0.180438
1.385e-07 0.193547
1.3875e-07 0.168102
1.39e-07 0.135508
1.3925e-07 0.0962813
1.395e-07 0.0606719
1.3975e-07 0.0397422
1.4e-07 0.0312188
1.4025e-07 0.0296875
1.405e-07 0.0252422
1.4075e-07 0.01925
1.41e-07 0.0111953
1.4125e-07 -1.56257e-05
1.415e-07 -0.0162656
1.4175e-07 -0.0371328
1.42e-07 -0.055625
1.4225e-07 -0.0694844
1.425e-07 -0.0792891
1.4275e-07 -0.0847031
1.43e-07 -0.0844609
1.4325e-07 -0.08075
1.435e-07 -0.0792813
1.4375e-07 -0.0820625
1.44e-07 -0.0880313
1.4425e-07 -0.0909063
1.445e-07 -0.0839531
1.4475e-07 -0.0739922
1.45e-07 -0.0703281
1.4525e-07 -0.0677891
1.455e-07 -0.0615313
1.4575e-07 -0.0526875
1.46e-07 -0.0435313
1.4625e-07 -0.03475
1.465e-07 -0.025625
1.4675e-07 -0.0156328
1.47e-07 -0.00582031
1.4725e-07 0.00345312
1.475e-07 0.0126016
1.4775e-07 0.0238281
1.48e-07 0.0337031
1.4825e-07 0.0396094
1.485e-07 0.0436172
1.4875e-07 0.0477031
1.49e-07 0.0505
1.4925e-07 0.0508203
1.495e-07 0.0495313
1.4975e-07 0.0486563
1.5e-07 0.0474688
1.5025e-07 0.0449609
1.505e-07 0.0399219
1.5075e-07 0.0335938
1.51e-07 0.0299844
1.5125e-07 0.0266172
1.515e-07 0.0206641
1.5175e-07 0.0129766
1.52e-07 0.00696094
1.5225e-07 0.00300781
1.525e-07 0.000492187
1.5275e-07 -0.00414844
1.53e-07 -0.009625
1.5325e-07 -0.0143672
1.535e-07 -0.018
1.5375e-07 -0.0229766
1.54e-07 -0.0280625
1.5425e-07 -0.0325469
1.545e-07 -0.0352344
1.5475e-07 -0.0359453
1.55e-07 -0.0358594
1.5525e-07 -0.0356719
1.555e-07 -0.0337109
1.5575e-07 -0.0297031
1.56e-07 -0.0260391
1.5625e-07 -0.0230313
1.565e-07 -0.0202344
1.5675e-07 -0.0160703
1.57e-07 -0.0113281
1.5725e-07 -0.00710938
1.575e-07 -0.00288281
1.5775e-07 0.00178125
1.58e-07 0.00648437
1.5825e-07 0.0110391
1.585e-07 0.0138672
1.5875e-07 0.0165938
1.59e-07 0.0201172
1.5925e-07 0.0230859
1.595e-07 0.0252891
1.5975e-07 0.0258828
1.6e-07 0.0266719
1.6025e-07 0.0272422
1.605e-07 0.0276563
1.6075e-07 0.0260313
1.61e-07 0.023875
1.6125e-07 0.0217109
1.615e-07 0.0196406
1.6175e-07 0.0165938
1.62e-07 0.0133047
1.6225e-07 0.00936719
1.625e-07 0.0065
1.6275e-07 0.00325
1.63e-07 -0.000632813
1.6325e-07 -0.00445313
1.635e-07 -0.00823438
1.6375e-07 -0.0110859
1.64e-07 -0.0138359
1.6425e-07 -0.0168906
1.645e-07 -0.0192031
1.6475e-07 -0.0211875
1.65e-07 -0.0229688
1.6525e-07 -0.0234688
1.655e-07 -0.0245703
1.6575e-07 -0.0244375
1.66e-07 -0.0239219
1.6625e-07 -0.0225313
1.665e-07 -0.0211875
1.6675e-07 -0.019375
1.67e-07 -0.0164688
1.6725e-07 -0.0134375
1.675e-07 -0.0100703
1.6775e-07 -0.00715625
1.68e-07 -0.00405469
1.6825e-07 -0.000828126
1.685e-07 0.00292969
1.6875e-07 0.00610937
1.69e-07 0.00889062
1.6925e-07 0.0119922
1.695e-07 0.0148203
1.6975e-07 0.0172969
1.7e-07 0.0191953
1.7025e-07 0.0209453
1.705e-07 0.0221484
1.7075e-07 0.0227734
1.71e-07 0.0224688
1.7125e-07 0.0217188
1.715e-07 0.020875
1.7175e-07 0.0194141
1.72e-07 0.0177891
1.7225e-07 0.0154688
1.725e-07 0.0133047
1.7275e-07 0.0107969
1.73e-07 0.0086875
1.7325e-07 0.00596875
1.735e-07 0.00351562
1.7375e-07 0.000593749
1.74e-07 -0.00175781
1.7425e-07 -0.00426563
1.745e-07 -0.00677344
1.7475e-07 -0.00875
1.75e-07 -0.0110078
1.7525e-07 -0.0118594
1.755e-07 -0.0132188
1.7575e-07 -0.0142578
1.76e-07 -0.0145781
1.7625e-07 -0.0144141
1.765e-07 -0.0142813
1.7675e-07 -0.0132969
1.77e-07 -0.0126563
1.7725e-07 -0.011375
1.775e-07 -0.00980469
1.7775e-07 -0.00817188
1.78e-07 -0.00673438
1.7825e-07 -0.00496875
1.785e-07 -0.00298438
1.7875e-07 -0.001125
1.79e-07 0.000812499
1.7925e-07 0.0018125
1.795e-07 0.00370312
1.7975e-07 0.00486719
1.8e-07 0.00639062
1.8025e-07 0.00729687
1.805e-07 0.00775
1.8075e-07 0.00878125
1.81e-07 0.00982031
1.8125e-07 0.00992969
1.815e-07 0.0102734
1.8175e-07 0.0100859
1.82e-07 0.0100937
1.8225e-07 0.00977344
1.825e-07 0.00898437
1.8275e-07 0.00804687
1.83e-07 0.00714844
1.8325e-07 0.0059375
1.835e-07 0.00504687
1.8375e-07 0.00380469
1.84e-07 0.00260937
1.8425e-07 0.00108594
1.845e-07 0.000320312
1.8475e-07 -0.000851563
1.85e-07 -0.00195313
1.8525e-07 -0.003125
1.855e-07 -0.00363281
1.8575e-07 -0.00424219
1.86e-07 -0.00478125
1.8625e-07 -0.00532031
1.865e-07 -0.00560938
1.8675e-07 -0.00570313
1.87e-07 -0.00557031
1.8725e-07 -0.00542969
1.875e-07 -0.00532031
1.8775e-07 -0.00471875
1.88e-07 -0.00438281
1.8825e-07 -0.00386719
1.885e-07 -0.00359375
1.8875e-07 -0.00317188
1.89e-07 -0.00264063
1.8925e-07 -0.00228125
1.895e-07 -0.001625
1.8975e-07 -0.000867188
1.9e-07 -0.000117188
1.9025e-07 0.000718749
1.905e-07 0.00148437
1.9075e-07 0.00192187
1.91e-07 0.00241406
1.9125e-07 0.00321094
1.915e-07 0.00313281
1.9175e-07 0.00351562
1.92e-07 0.00332812
1.9225e-07 0.00369531
1.925e-07 0.00364062
1.9275e-07 0.00355469
1.93e-07 0.00346094
1.9325e-07 0.00304687
1.935e-07 0.0030625
1.9375e-07 0.00269531
1.94e-07 0.00245312
1.9425e-07 0.00215625
1.945e-07 0.00186719
1.9475e-07 0.00157812
1.95e-07 0.001125
1.9525e-07 0.000906249
1.955e-07 0.000570312
1.9575e-07 0.000429687
1.96e-07 0.000249999
1.9625e-07 0.000234374
1.965e-07 -8.59382e-05
1.9675e-07 -3.12507e-05
1.97e-07 -7.03132e-05
1.9725e-07 -0.000671876
1.975e-07 -0.000570313
1.9775e-07 -0.000921876
1.98e-07 -0.00110156
1.9825e-07 -0.00140625
1.985e-07 -0.00119531
1.9875e-07 -0.00113281
1.99e-07 -0.00121094
1.9925e-07 -0.00114063
1.995e-07 -0.000812501
1.9975e-07 -0.000421876
2e-07 -0.000484376
2.0025e-07 0.000249999
2.005e-07 0.000601562
2.0075e-07 0.000890624
2.01e-07 0.00149219
2.0125e-07 0.00139062
2.015e-07 0.00172656
2.0175e-07 0.00216406
2.02e-07 0.0019375
2.0225e-07 0.00223437
2.025e-07 0.00236719
2.0275e-07 0.00221094
2.03e-07 0.00261719
2.0325e-07 0.00232812
2.035e-07 0.00244531
2.0375e-07 0.00201562
2.04e-07 0.00225
2.0425e-07 0.00183594
2.045e-07 0.00185156
2.0475e-07 0.00148437
2.05e-07 0.00133594
2.0525e-07 0.00121875
2.055e-07 0.000929687
2.0575e-07 0.000648437
2.06e-07 0.000765624
2.0625e-07 0.000593749
2.065e-07 0.000320312
2.0675e-07 0.000265624
2.07e-07 3.12493e-05
2.0725e-07 -0.000304688
2.075e-07 -0.000554688
2.0775e-07 -0.000648438
2.08e-07 -0.000406251
2.0825e-07 -0.000828126
2.085e-07 -0.00107813
2.0875e-07 -0.000851563
2.09e-07 -0.00108594
2.0925e-07 -0.000585938
2.095e-07 -0.000718751
2.0975e-07 -0.000515626
2.1e-07 -0.000500001
2.1025e-07 -0.000164063
2.105e-07 -6.25007e-05
2.1075e-07 0.000148437
2.11e-07 0.000242187
2.1125e-07 0.000476562
2.115e-07 0.000726562
2.1175e-07 0.000789062
2.12e-07 0.000874999
2.1225e-07 0.0011875
2.125e-07 0.00129687
2.1275e-07 0.0015625
2.13e-07 0.00145312
2.1325e-07 0.00148437
2.135e-07 0.00139844
2.1375e-07 0.0014375
2.14e-07 0.0015
2.1425e-07 0.00128125
2.145e-07 0.00128906
2.1475e-07 0.000929687
2.15e-07 0.00116406
2.1525e-07 0.000976562
2.155e-07 0.000835937
2.1575e-07 0.000796874
2.16e-07 0.000664062
2.1625e-07 0.000499999
2.165e-07 0.000570312
2.1675e-07 0.000171874
2.17e-07 0.000273437
2.1725e-07 0.000117187
2.175e-07 0.000109374
2.1775e-07 -0.000117188
2.18e-07 6.24993e-05
2.1825e-07 -0.000226563
2.185e-07 -0.000250001
2.1875e-07 -0.000398438
2.19e-07 -0.000312501
2.1925e-07 -0.000601563
2.195e-07 -0.000523438
2.1975e-07 -0.000578126
2.2e-07 -0.000289063
2.2025e-07 -0.000687501
2.205e-07 -0.000546876
2.2075e-07 -0.000726563
2.21e-07 -0.000460938
2.2125e-07 -0.000671876
2.215e-07 -0.000265626
2.2175e-07 -0.000398438
2.22e-07 3.12493e-05
2.2225e-07 0.000101562
2.225e-07 0.000226562
2.2275e-07 0.000390624
2.23e-07 0.000554687
2.2325e-07 0.000710937
2.235e-07 0.000765624
2.2375e-07 0.000890624
2.24e-07 0.00103125
2.2425e-07 0.00132031
2.245e-07 0.00157031
2.2475e-07 0.00145312
