-2.5e-08 0.000546874
-2.475e-08 0.000421874
-2.45e-08 0.000749999
-2.425e-08 0.000367187
-2.4e-08 0.000695312
-2.375e-08 0.000320312
-2.35e-08 0.000617187
-2.325e-08 0.000476562
-2.3e-08 0.000578124
-2.275e-08 0.000304687
-2.25e-08 0.000531249
-2.225e-08 0.000515624
-2.2e-08 0.000703124
-2.175e-08 0.000882812
-2.15e-08 0.000617187
-2.125e-08 0.000437499
-2.1e-08 0.000632812
-2.075e-08 0.000437499
-2.05e-08 0.000585937
-2.025e-08 0.000601562
-2e-08 0.000617187
-1.975e-08 0.000499999
-1.95e-08 0.000320312
-1.925e-08 0.000624999
-1.9e-08 0.000703124
-1.875e-08 0.000539062
-1.85e-08 0.000648437
-1.825e-08 0.000367187
-1.8e-08 0.000515624
-1.775e-08 0.000468749
-1.75e-08 0.000640624
-1.725e-08 0.000578124
-1.7e-08 0.000515624
-1.675e-08 0.000671874
-1.65e-08 0.000531249
-1.625e-08 0.000609374
-1.6e-08 0.000757812
-1.575e-08 0.000507812
-1.55e-08 0.000609374
-1.525e-08 0.000382812
-1.5e-08 0.000664062
-1.475e-08 0.000421874
-1.45e-08 0.000351562
-1.425e-08 0.000523437
-1.4e-08 0.000632812
-1.375e-08 0.000531249
-1.35e-08 0.000539062
-1.325e-08 0.000367187
-1.3e-08 0.000726562
-1.275e-08 0.000562499
-1.25e-08 0.000624999
-1.225e-08 0.000382812
-1.2e-08 0.00103125
-1.175e-08 0.000476562
-1.15e-08 0.000593749
-1.125e-08 0.000468749
-1.1e-08 0.000710937
-1.075e-08 0.000429687
-1.05e-08 0.000531249
-1.025e-08 0.000710937
-1e-08 0.000374999
-9.75e-09 0.000476562
-9.5e-09 0.000570312
-9.25e-09 0.000546874
-9e-09 0.000539062
-8.75e-09 0.000257812
-8.5e-09 0.000671874
-8.25e-09 0.000507812
-8e-09 0.000742187
-7.75e-09 0.000437499
-7.5e-09 0.000421874
-7.25e-09 0.000781249
-7e-09 0.000164062
-6.75e-09 0.000742187
-6.5e-09 0.000468749
-6.25e-09 0.000562499
-6e-09 0.000757812
-5.75e-09 0.000507812
-5.5e-09 0.000726562
-5.25e-09 0.000414062
-5e-09 0.000695312
-4.75e-09 0.000437499
-4.5e-09 0.000726562
-4.25e-09 0.000140624
-4e-09 0.000804687
-3.75e-09 0.000374999
-3.5e-09 0.000679687
-3.25e-09 0.000484374
-3e-09 0.000585937
-2.75e-09 0.000343749
-2.5e-09 0.000578124
-2.25e-09 0.000617187
-2e-09 0.000570312
-1.75e-09 0.000742187
-1.5e-09 0.000296874
-1.25e-09 0.000937499
-1e-09 0.000640624
-7.5e-10 0.000601562
-5e-10 0.000695312
-2.5e-10 0.000687499
0 0.000351562
2.5e-10 0.000484374
5e-10 0.000999999
7.5e-10 0.000874999
1e-09 0.00235937
1.25e-09 0.005375
1.5e-09 0.00557812
1.75e-09 -0.00132031
2e-09 -0.00385156
2.25e-09 0.0038125
2.5e-09 0.00986719
2.75e-09 0.00789062
3e-09 0.00490625
3.25e-09 0.00308594
3.5e-09 0.00184375
3.75e-09 -0.000210938
4e-09 -0.000812501
4.25e-09 -0.00147656
4.5e-09 -0.000765626
4.75e-09 -0.00175781
5e-09 -0.00175781
5.25e-09 -0.00149219
5.5e-09 -0.00124219
5.75e-09 -0.00147656
6e-09 -0.00214844
6.25e-09 -0.00229688
6.5e-09 -0.00217969
6.75e-09 -0.00235156
7e-09 -0.00232031
7.25e-09 -0.00198438
7.5e-09 -0.00149219
7.75e-09 -0.000531251
8e-09 -0.000742188
8.25e-09 -0.00163281
8.5e-09 -0.00174219
8.75e-09 3.90618e-05
9e-09 0.00171875
9.25e-09 0.00160156
9.5e-09 0.000851562
9.75e-09 0.000437499
1e-08 0.000460937
1.025e-08 0.000374999
1.05e-08 0.000742187
1.075e-08 0.000953124
1.1e-08 0.00160156
1.125e-08 0.00149219
1.15e-08 0.00163281
1.175e-08 0.00136719
1.2e-08 0.00224219
1.225e-08 0.00221094
1.25e-08 0.00217187
1.275e-08 0.00234375
1.3e-08 0.00246094
1.325e-08 0.00278906
1.35e-08 0.00230469
1.375e-08 0.00216406
1.4e-08 0.00253125
1.425e-08 0.00325
1.45e-08 0.00210156
1.475e-08 -0.00135938
1.5e-08 -0.00232031
1.525e-08 -0.00107813
1.55e-08 0.000226562
1.575e-08 -7.03132e-05
1.6e-08 2.34368e-05
1.625e-08 -0.000593751
1.65e-08 -0.000632813
1.675e-08 -0.00165625
1.7e-08 -0.00207031
1.725e-08 -0.00232031
1.75e-08 -0.00244531
1.775e-08 -0.002125
1.8e-08 -0.0016875
1.825e-08 -0.00177344
1.85e-08 -0.00120313
1.875e-08 -0.000492188
1.9e-08 -0.000281251
1.925e-08 -3.90632e-05
1.95e-08 0.000523437
1.975e-08 0.000421874
2e-08 0.000921874
2.025e-08 0.00103906
2.05e-08 0.00182031
2.075e-08 0.00216406
2.1e-08 0.00271875
2.125e-08 0.00225781
2.15e-08 0.00234375
2.175e-08 0.00247656
2.2e-08 0.00239844
2.225e-08 0.00270312
2.25e-08 0.0024375
2.275e-08 0.00228906
2.3e-08 0.00234375
2.325e-08 0.00228906
2.35e-08 0.00217187
2.375e-08 0.00246094
2.4e-08 0.00183594
2.425e-08 0.00135156
2.45e-08 0.00109375
2.475e-08 0.000945312
2.5e-08 0.000679687
2.525e-08 0.000249999
2.55e-08 1.56243e-05
2.575e-08 -0.000250001
2.6e-08 -0.000234376
2.625e-08 -0.000445313
2.65e-08 -0.000718751
2.675e-08 -0.000843751
2.7e-08 -0.000851563
2.725e-08 -0.000710938
2.75e-08 -0.000781251
2.775e-08 -0.000906251
2.8e-08 -0.000976563
2.825e-08 -0.001
2.85e-08 -0.001
2.875e-08 -0.000554688
2.9e-08 -0.000640626
2.925e-08 -0.000179688
2.95e-08 7.81243e-05
2.975e-08 3.12493e-05
3e-08 0.000937499
3.025e-08 0.000960937
3.05e-08 0.000984374
3.075e-08 0.000593749
3.1e-08 0.000812499
3.125e-08 0.00111719
3.15e-08 0.00129687
3.175e-08 0.00147656
3.2e-08 0.00154687
3.225e-08 0.00146094
3.25e-08 0.00182031
3.275e-08 0.00146875
3.3e-08 0.00177344
3.325e-08 0.00159375
3.35e-08 0.00159375
3.375e-08 0.00153125
3.4e-08 0.00157031
3.425e-08 0.00139062
3.45e-08 0.00115625
3.475e-08 0.000968749
3.5e-08 0.000601562
3.525e-08 0.000601562
3.55e-08 0.000531249
3.575e-08 0.000335937
3.6e-08 0.000382812
3.625e-08 0.000343749
3.65e-08 0.000117187
3.675e-08 -0.000101563
3.7e-08 7.03118e-05
3.725e-08 -0.000500001
3.75e-08 -0.000390626
3.775e-08 -0.000539063
3.8e-08 -0.000718751
3.825e-08 -0.000648438
3.85e-08 0.000117187
3.875e-08 0.000507812
3.9e-08 0.000367187
3.925e-08 0.000296874
3.95e-08 0.000164062
3.975e-08 0.000289062
4e-08 0.000249999
4.025e-08 0.000484374
4.05e-08 0.000499999
4.075e-08 0.000570312
4.1e-08 0.000890624
4.125e-08 0.000796874
4.15e-08 0.000703124
4.175e-08 0.000749999
4.2e-08 0.00114844
4.225e-08 0.00125
4.25e-08 0.00148437
4.275e-08 0.00110156
4.3e-08 0.00130469
4.325e-08 0.00127344
4.35e-08 0.0014375
4.375e-08 0.000789062
4.4e-08 0.000867187
4.425e-08 0.000679687
4.45e-08 0.000703124
4.475e-08 0.000390624
4.5e-08 0.000734374
4.525e-08 0.00104687
4.55e-08 0.000671874
4.575e-08 0.000507812
4.6e-08 0.000460937
4.625e-08 0.000515624
4.65e-08 0.00114844
4.675e-08 0.000765624
4.7e-08 0.000804687
4.725e-08 0.000398437
4.75e-08 0.000382812
4.775e-08 0.000398437
4.8e-08 0.000429687
4.825e-08 -0.000492188
4.85e-08 -0.000812501
4.875e-08 -0.000398438
4.9e-08 0.000828124
4.925e-08 0.000445312
4.95e-08 -4.68757e-05
4.975e-08 -0.000132813
5e-08 0.000539062
5.025e-08 0.000734374
5.05e-08 0.000578124
5.075e-08 0.000429687
5.1e-08 0.000835937
5.125e-08 0.000593749
5.15e-08 0.000749999
5.175e-08 0.000578124
5.2e-08 0.000281249
5.225e-08 0.000468749
5.25e-08 0.000234374
5.275e-08 0.000757812
5.3e-08 0.000515624
5.325e-08 0.000718749
5.35e-08 0.000648437
5.375e-08 0.000585937
5.4e-08 0.000953124
5.425e-08 0.000648437
5.45e-08 0.000749999
5.475e-08 0.000843749
5.5e-08 0.000476562
5.525e-08 0.000539062
5.55e-08 0.000437499
5.575e-08 0.000648437
5.6e-08 0.000835937
5.625e-08 0.000531249
5.65e-08 0.000828124
5.675e-08 0.000835937
5.7e-08 0.000851562
5.725e-08 0.000335937
5.75e-08 0.000656249
5.775e-08 0.000414062
5.8e-08 0.000585937
5.825e-08 0.000281249
5.85e-08 0.000703124
5.875e-08 0.000562499
5.9e-08 0.00102344
5.925e-08 0.000703124
5.95e-08 0.000874999
5.975e-08 0.000664062
6e-08 0.000749999
6.025e-08 0.000476562
6.05e-08 0.000507812
6.075e-08 8.59368e-05
6.1e-08 0.000468749
6.125e-08 -0.000148438
6.15e-08 0.000257812
6.175e-08 -0.000132813
6.2e-08 0.000382812
6.225e-08 0.000335937
6.25e-08 0.000695312
6.275e-08 0.000835937
6.3e-08 0.000453124
6.325e-08 0.000601562
6.35e-08 0.000749999
6.375e-08 0.000296874
6.4e-08 0.000656249
6.425e-08 0.000296874
6.45e-08 0.000218749
6.475e-08 0.000460937
6.5e-08 0.000718749
6.525e-08 0.000507812
6.55e-08 0.000804687
6.575e-08 0.000874999
6.6e-08 0.000601562
6.625e-08 0.000617187
6.65e-08 0.000421874
6.675e-08 0.000359374
6.7e-08 0.000523437
6.725e-08 0.000156249
6.75e-08 0.000734374
6.775e-08 0.000835937
6.8e-08 0.000796874
6.825e-08 0.000820312
6.85e-08 0.000726562
6.875e-08 0.000703124
6.9e-08 0.000703124
6.925e-08 0.000492187
6.95e-08 0.000656249
6.975e-08 0.000749999
7e-08 0.000898437
7.025e-08 0.000843749
7.05e-08 0.000749999
7.075e-08 0.000609374
7.1e-08 0.000781249
7.125e-08 0.000726562
7.15e-08 0.00114062
7.175e-08 0.000851562
7.2e-08 0.000890624
7.225e-08 0.000210937
7.25e-08 0.000390624
7.275e-08 0.000304687
7.3e-08 0.000749999
7.325e-08 0.000796874
7.35e-08 0.000734374
7.375e-08 0.000148437
7.4e-08 -0.000171876
7.425e-08 -0.000351563
7.45e-08 3.90618e-05
7.475e-08 0.000210937
7.5e-08 0.000914062
7.525e-08 0.00125781
7.55e-08 0.00130469
7.575e-08 0.000828124
7.6e-08 0.000515624
7.625e-08 0.000164062
7.65e-08 0.000429687
7.675e-08 0.000882812
7.7e-08 0.00110156
7.725e-08 0.0015
7.75e-08 0.00113281
7.775e-08 0.000289062
7.8e-08 -0.000523438
7.825e-08 -0.000671876
7.85e-08 -0.000234376
7.875e-08 0.000898437
7.9e-08 0.00117969
7.925e-08 0.001125
7.95e-08 0.00111719
7.975e-08 0.00103906
8e-08 0.000976562
8.025e-08 0.000398437
8.05e-08 0.000335937
8.075e-08 0.000101562
8.1e-08 0.000187499
8.125e-08 -0.000445313
8.15e-08 -0.000835938
8.175e-08 -0.000937501
8.2e-08 -0.000304688
8.225e-08 0.000335937
8.25e-08 0.000859374
8.275e-08 0.00126562
8.3e-08 0.00197656
8.325e-08 0.00210156
8.35e-08 0.00234375
8.375e-08 0.00177344
8.4e-08 0.00146094
8.425e-08 0.00114062
8.45e-08 0.000953124
8.475e-08 -0.000132813
8.5e-08 -0.000820313
8.525e-08 -0.00160156
8.55e-08 -0.00144531
8.575e-08 -0.00138281
8.6e-08 -0.000867188
8.625e-08 -0.000554688
8.65e-08 0.000812499
8.675e-08 0.00125
8.7e-08 0.00188281
8.725e-08 0.00214062
8.75e-08 0.0024375
8.775e-08 0.00241406
8.8e-08 0.0023125
8.825e-08 0.00160937
8.85e-08 0.00121875
8.875e-08 7.81184e-06
8.9e-08 -0.000320313
8.925e-08 -0.00114844
8.95e-08 -0.00146094
8.975e-08 -0.00139844
9e-08 -0.000976563
9.025e-08 -0.000367188
9.05e-08 0.000328124
9.075e-08 0.000851562
9.1e-08 0.00136719
9.125e-08 0.00133594
9.15e-08 0.00213281
9.175e-08 0.00175
9.2e-08 0.00189844
9.225e-08 0.00159375
9.25e-08 0.00146875
9.275e-08 0.000718749
9.3e-08 0.000304687
9.325e-08 -0.000187501
9.35e-08 0.000124999
9.375e-08 0.000390624
9.4e-08 0.000960937
9.425e-08 0.000874999
9.45e-08 0.00158594
9.475e-08 0.00141406
9.5e-08 0.0013125
9.525e-08 0.000671874
9.55e-08 0.000265624
9.575e-08 0.000273437
9.6e-08 0.0011875
9.625e-08 0.000359374
9.65e-08 0.000960937
9.675e-08 0.000578124
9.7e-08 0.000265624
9.725e-08 -0.000382813
9.75e-08 -0.000695313
9.775e-08 -0.000835938
9.8e-08 -0.000359376
9.825e-08 -0.000523438
9.85e-08 -0.000570313
9.875e-08 -0.000929688
9.9e-08 -0.000117188
9.925e-08 -6.25007e-05
9.95e-08 0.000374999
9.975e-08 0.000374999
1e-07 0.00128125
1.0025e-07 0.00201562
1.005e-07 0.00228125
1.0075e-07 0.00189062
1.01e-07 0.00150781
1.0125e-07 0.00103125
1.015e-07 0.000992187
1.0175e-07 0.000374999
1.02e-07 0.000117187
1.0225e-07 -2.34382e-05
1.025e-07 -0.000632813
1.0275e-07 -0.00119531
1.03e-07 -0.00160938
1.0325e-07 -0.00151563
1.035e-07 -0.001125
1.0375e-07 6.24993e-05
1.04e-07 0.000960937
1.0425e-07 0.00189062
1.045e-07 0.00295312
1.0475e-07 0.00373437
1.05e-07 0.00371094
1.0525e-07 0.00355469
1.055e-07 0.00334375
1.0575e-07 0.0028125
1.06e-07 0.00217969
1.0625e-07 0.000976562
1.065e-07 -0.000460938
1.0675e-07 -0.00174219
1.07e-07 -0.00239844
1.0725e-07 -0.00267969
1.075e-07 -0.00240625
1.0775e-07 -0.00205469
1.08e-07 -0.00103906
1.0825e-07 -0.000203126
1.085e-07 0.000945312
1.0875e-07 0.00158594
1.09e-07 0.00236719
1.0925e-07 0.00257031
1.095e-07 0.00266406
1.0975e-07 0.00215625
1.1e-07 0.00211719
1.1025e-07 0.00157812
1.105e-07 0.000562499
1.1075e-07 -0.000250001
1.11e-07 -0.00104688
1.1125e-07 -0.001125
1.115e-07 -0.00142969
1.1175e-07 -0.00146094
1.12e-07 -0.000656251
1.1225e-07 -0.000750001
1.125e-07 -0.000437501
1.1275e-07 -0.000125001
1.13e-07 0.000742187
1.1325e-07 0.00144531
1.135e-07 0.00182031
1.1375e-07 0.00200781
1.14e-07 0.00221875
1.1425e-07 0.0023125
1.145e-07 0.00214062
1.1475e-07 0.00150781
1.15e-07 0.00140625
1.1525e-07 0.000999999
1.155e-07 0.000656249
1.1575e-07 0.000124999
1.16e-07 -0.000500001
1.1625e-07 -0.000156251
1.165e-07 -0.000492188
1.1675e-07 -0.000726563
1.17e-07 -0.000265626
1.1725e-07 -0.000195313
1.175e-07 0.000507812
1.1775e-07 0.000601562
1.18e-07 0.00104687
1.1825e-07 0.00119531
1.185e-07 0.00183594
1.1875e-07 0.00167969
1.19e-07 0.00192969
1.1925e-07 0.00139062
1.195e-07 0.00184375
1.1975e-07 0.00139062
1.2e-07 0.000820312
1.2025e-07 0.000109374
1.205e-07 -0.000632813
1.2075e-07 -0.00121094
1.21e-07 -0.00145313
1.2125e-07 -0.00139844
1.215e-07 -0.00107031
1.2175e-07 -0.00100781
1.22e-07 -0.000585938
1.2225e-07 0.000484374
1.225e-07 0.00109375
1.2275e-07 0.0011875
1.23e-07 0.00201562
1.2325e-07 0.00224219
1.235e-07 0.0019375
1.2375e-07 0.00186719
1.24e-07 0.00157812
1.2425e-07 0.00120312
1.245e-07 0.000773437
1.2475e-07 -6.55651e-10
1.25e-07 0.000335937
1.2525e-07 -9.37507e-05
1.255e-07 -0.000257813
1.2575e-07 -0.000335938
1.26e-07 -0.000523438
1.2625e-07 -0.000234376
1.265e-07 -6.55651e-10
1.2675e-07 0.000249999
1.27e-07 0.000812499
1.2725e-07 0.00114844
1.275e-07 0.00117187
1.2775e-07 0.00142969
1.28e-07 0.00164062
1.2825e-07 0.0014375
1.285e-07 0.00139844
1.2875e-07 0.000976562
1.29e-07 0.00135937
1.2925e-07 0.000703124
1.295e-07 0.000843749
1.2975e-07 0.000601562
1.3e-07 0.000296874
1.3025e-07 0.000320312
1.305e-07 -3.90632e-05
1.3075e-07 7.81184e-06
1.31e-07 0.000179687
1.3125e-07 -0.000117188
1.315e-07 -2.34382e-05
1.3175e-07 7.03118e-05
1.32e-07 0.000359374
1.3225e-07 0.000468749
1.325e-07 0.000578124
1.3275e-07 0.000734374
1.33e-07 0.000757812
1.3325e-07 0.00140625
1.335e-07 0.00127344
1.3375e-07 0.00142969
1.34e-07 0.00107812
1.3425e-07 0.000648437
1.345e-07 0.000187499
1.3475e-07 -0.001625
1.35e-07 -0.00619531
1.3525e-07 -0.013
1.355e-07 -0.00121875
1.3575e-07 0.0469219
1.36e-07 0.100078
1.3625e-07 0.120438
1.365e-07 0.117828
1.3675e-07 0.102344
1.37e-07 0.0912266
1.3725e-07 0.0914531
1.375e-07 0.0804609
1.3775e-07 0.0464609
1.38e-07 0.00584375
1.3825e-07 -0.0261094
1.385e-07 -0.0334063
1.3875e-07 -0.008375
1.39e-07 0.0121875
1.3925e-07 -0.00604688
1.395e-07 -0.0422109
1.3975e-07 -0.0693047
1.4e-07 -0.0888828
1.4025e-07 -0.10493
1.405e-07 -0.108148
1.4075e-07 -0.107055
1.41e-07 -0.117297
1.4125e-07 -0.137133
1.415e-07 -0.154172
1.4175e-07 -0.165344
1.42e-07 -0.16418
1.4225e-07 -0.141813
1.425e-07 -0.110805
1.4275e-07 -0.0912813
1.43e-07 -0.0831953
1.4325e-07 -0.0757891
1.435e-07 -0.0639844
1.4375e-07 -0.0423984
1.44e-07 -0.0106641
1.4425e-07 0.0202969
1.445e-07 0.0413438
1.4475e-07 0.0512656
1.45e-07 0.0579297
1.4525e-07 0.0648438
1.455e-07 0.0762969
1.4575e-07 0.0900078
1.46e-07 0.101102
1.4625e-07 0.104695
1.465e-07 0.101977
1.4675e-07 0.0943203
1.47e-07 0.0862344
1.4725e-07 0.0807656
1.475e-07 0.0791563
1.4775e-07 0.0759219
1.48e-07 0.0686641
1.4825e-07 0.0571797
1.485e-07 0.0451797
1.4875e-07 0.0365469
1.49e-07 0.0287578
1.4925e-07 0.0213125
1.495e-07 0.0119062
1.4975e-07 0.00235937
1.5e-07 -0.00685156
1.5025e-07 -0.0143984
1.505e-07 -0.0207969
1.5075e-07 -0.0271172
1.51e-07 -0.0349609
1.5125e-07 -0.0428203
1.515e-07 -0.0488438
1.5175e-07 -0.0517188
1.52e-07 -0.0526406
1.5225e-07 -0.0539063
1.525e-07 -0.0563516
1.5275e-07 -0.0566484
1.53e-07 -0.0535625
1.5325e-07 -0.0477031
1.535e-07 -0.0388594
1.5375e-07 -0.03
1.54e-07 -0.0222031
1.5425e-07 -0.0165156
1.545e-07 -0.0106563
1.5475e-07 -0.00296094
1.55e-07 0.00667187
1.5525e-07 0.0167969
1.555e-07 0.0239141
1.5575e-07 0.0287266
1.56e-07 0.0316953
1.5625e-07 0.0353047
1.565e-07 0.0404688
1.5675e-07 0.0447266
1.57e-07 0.0481484
1.5725e-07 0.0480547
1.575e-07 0.0464453
1.5775e-07 0.0443281
1.58e-07 0.0436094
1.5825e-07 0.0423828
1.585e-07 0.0402188
1.5875e-07 0.0353438
1.59e-07 0.0292344
1.5925e-07 0.0230547
1.595e-07 0.0179531
1.5975e-07 0.0129453
1.6e-07 0.008625
1.6025e-07 0.00269531
1.605e-07 -0.0040625
1.6075e-07 -0.00992969
1.61e-07 -0.0141094
1.6125e-07 -0.0171016
1.615e-07 -0.0199688
1.6175e-07 -0.0236328
1.62e-07 -0.0276172
1.6225e-07 -0.0306953
1.625e-07 -0.0318672
1.6275e-07 -0.03175
1.63e-07 -0.0310938
1.6325e-07 -0.0301563
1.635e-07 -0.029625
1.6375e-07 -0.0286406
1.64e-07 -0.0259453
1.6425e-07 -0.0215547
1.645e-07 -0.0164297
1.6475e-07 -0.0117734
1.65e-07 -0.00817188
1.6525e-07 -0.00471094
1.655e-07 -0.000234376
1.6575e-07 0.00492187
1.66e-07 0.00996875
1.6625e-07 0.0136719
1.665e-07 0.0163125
1.6675e-07 0.0176563
1.67e-07 0.0201172
1.6725e-07 0.0229609
1.675e-07 0.0257422
1.6775e-07 0.0272422
1.68e-07 0.0278359
1.6825e-07 0.0268203
1.685e-07 0.0262031
1.6875e-07 0.0258594
1.69e-07 0.0258594
1.6925e-07 0.0246328
1.695e-07 0.0222734
1.6975e-07 0.0189141
1.7e-07 0.0154766
1.7025e-07 0.0127266
1.705e-07 0.0106016
1.7075e-07 0.00796875
1.71e-07 0.00429687
1.7125e-07 0.000367187
1.715e-07 -0.00324219
1.7175e-07 -0.0061875
1.72e-07 -0.00823438
1.7225e-07 -0.00973438
1.725e-07 -0.0121328
1.7275e-07 -0.0149766
1.73e-07 -0.0172109
1.7325e-07 -0.0186016
1.735e-07 -0.0184375
1.7375e-07 -0.0183438
1.74e-07 -0.0182188
1.7425e-07 -0.0185469
1.745e-07 -0.0186328
1.7475e-07 -0.0175313
1.75e-07 -0.0150547
1.7525e-07 -0.0126641
1.755e-07 -0.0101563
1.7575e-07 -0.00867188
1.76e-07 -0.00635156
1.7625e-07 -0.00432813
1.765e-07 -0.0013125
1.7675e-07 0.00176562
1.77e-07 0.00513281
1.7725e-07 0.00660937
1.775e-07 0.00846875
1.7775e-07 0.009875
1.78e-07 0.0119219
1.7825e-07 0.0136484
1.785e-07 0.0156641
1.7875e-07 0.0157656
1.79e-07 0.0155
1.7925e-07 0.0148594
1.795e-07 0.0149531
1.7975e-07 0.0145781
1.8e-07 0.0142891
1.8025e-07 0.0128047
1.805e-07 0.0109531
1.8075e-07 0.0086875
1.81e-07 0.00728125
1.8125e-07 0.00577344
1.815e-07 0.00491406
1.8175e-07 0.00311719
1.82e-07 0.00123437
1.8225e-07 -0.00103125
1.825e-07 -0.00215625
1.8275e-07 -0.00341406
1.83e-07 -0.00379688
1.8325e-07 -0.00526563
1.835e-07 -0.00626563
1.8375e-07 -0.00741406
1.84e-07 -0.00770313
1.8425e-07 -0.00792188
1.845e-07 -0.00741406
1.8475e-07 -0.00732031
1.85e-07 -0.00732031
1.8525e-07 -0.00748438
1.855e-07 -0.00690625
1.8575e-07 -0.00660938
1.86e-07 -0.00501563
1.8625e-07 -0.00416406
1.865e-07 -0.003625
1.8675e-07 -0.00326563
1.87e-07 -0.00217969
1.8725e-07 -0.00121875
1.875e-07 0.000226562
1.8775e-07 0.00145312
1.88e-07 0.00232812
1.8825e-07 0.00320312
1.885e-07 0.00353906
1.8875e-07 0.00429687
1.89e-07 0.0055
1.8925e-07 0.00617969
1.895e-07 0.00682812
1.8975e-07 0.00684375
1.9e-07 0.00707031
1.9025e-07 0.00657031
1.905e-07 0.00714844
1.9075e-07 0.00721875
1.91e-07 0.00682812
1.9125e-07 0.0060625
1.915e-07 0.00495312
1.9175e-07 0.00407031
1.92e-07 0.00317969
1.9225e-07 0.00254687
1.925e-07 0.00175
1.9275e-07 0.000609374
1.93e-07 -0.000671876
1.9325e-07 -0.00120313
1.935e-07 -0.0014375
1.9375e-07 -0.00154688
1.94e-07 -0.00186719
1.9425e-07 -0.00251563
1.945e-07 -0.00307031
1.9475e-07 -0.00336719
1.95e-07 -0.0031875
1.9525e-07 -0.00288281
1.955e-07 -0.00274219
1.9575e-07 -0.00284375
1.96e-07 -0.003125
1.9625e-07 -0.00313281
1.965e-07 -0.00260156
1.9675e-07 -0.00242969
1.97e-07 -0.00174219
1.9725e-07 -0.00174219
1.975e-07 -0.00144531
1.9775e-07 -0.00140625
1.98e-07 -0.000429688
1.9825e-07 0.000437499
1.985e-07 0.00121875
1.9875e-07 0.00144531
1.99e-07 0.00173437
1.9925e-07 0.00189844
1.995e-07 0.00265625
1.9975e-07 0.00313281
2e-07 0.00378906
2.0025e-07 0.00375781
2.005e-07 0.0036875
2.0075e-07 0.00366406
2.01e-07 0.00386719
2.0125e-07 0.00375781
2.015e-07 0.00380469
2.0175e-07 0.00380469
2.02e-07 0.00334375
2.0225e-07 0.00259375
2.025e-07 0.00228125
2.0275e-07 0.00215625
2.03e-07 0.00186719
2.0325e-07 0.0011875
2.035e-07 0.000789062
2.0375e-07 0.000289062
2.04e-07 -0.000367188
2.0425e-07 -5.46882e-05
2.045e-07 -0.000351563
2.0475e-07 -0.000437501
2.05e-07 -0.000429688
2.0525e-07 -0.000984376
2.055e-07 -0.00126563
2.0575e-07 -0.00117969
2.06e-07 -0.00120313
2.0625e-07 -0.00125781
2.065e-07 -0.00110938
2.0675e-07 -0.0018125
2.07e-07 -0.00139844
2.0725e-07 -0.00161719
2.075e-07 -0.00102344
2.0775e-07 -0.000804688
2.08e-07 -0.000515626
2.0825e-07 -0.000796876
2.085e-07 -0.000250001
2.0875e-07 -0.000328126
2.09e-07 -6.25007e-05
2.0925e-07 0.000585937
2.095e-07 0.000867187
2.0975e-07 0.000562499
2.1e-07 0.000585937
2.1025e-07 0.0010625
2.105e-07 0.00110156
2.1075e-07 0.001625
2.11e-07 0.00167187
2.1125e-07 0.00164062
2.115e-07 0.00163281
2.1175e-07 0.00160156
2.12e-07 0.0020625
2.1225e-07 0.00188281
2.125e-07 0.00203906
2.1275e-07 0.00191406
2.13e-07 0.0016875
2.1325e-07 0.00121875
2.135e-07 0.00174219
2.1375e-07 0.00149219
2.14e-07 0.00132812
2.1425e-07 0.0013125
2.145e-07 0.000648437
2.1475e-07 0.000585937
2.15e-07 0.000992187
2.1525e-07 0.000374999
2.155e-07 0.000804687
2.1575e-07 0.000351562
2.16e-07 0.000437499
2.1625e-07 -1.56257e-05
2.165e-07 7.03118e-05
2.1675e-07 0.000203124
2.17e-07 0.000164062
2.1725e-07 -0.000164063
2.175e-07 -0.000375001
2.1775e-07 -0.000343751
2.18e-07 -0.000187501
2.1825e-07 -0.000109376
2.185e-07 3.12493e-05
2.1875e-07 -0.000203126
2.19e-07 0.000226562
2.1925e-07 -0.000218751
2.195e-07 0.000414062
2.1975e-07 0.000242187
2.2e-07 0.000499999
2.2025e-07 0.000648437
2.205e-07 0.000492187
2.2075e-07 0.000656249
2.21e-07 0.000656249
2.2125e-07 0.000929687
2.215e-07 0.000999999
2.2175e-07 0.000984374
2.22e-07 0.00103125
2.2225e-07 0.000999999
2.225e-07 0.000976562
2.2275e-07 0.000914062
2.23e-07 0.00113281
2.2325e-07 0.00107031
2.235e-07 0.00134375
2.2375e-07 0.000789062
2.24e-07 0.00121094
2.2425e-07 0.000859374
2.245e-07 0.00109375
2.2475e-07 0.000835937
