-3e-08 0.00276563
-2.99e-08 0.0021875
-2.98e-08 0
-2.97e-08 -0.0015625
-2.96e-08 -0.00209375
-2.95e-08 -0.0019375
-2.94e-08 -0.00129688
-2.93e-08 0
-2.92e-08 0.00178125
-2.91e-08 0.00242969
-2.9e-08 0.00102344
-2.89e-08 -0.00119531
-2.88e-08 -0.002
-2.87e-08 -0.000375
-2.86e-08 0.0015625
-2.85e-08 0.00170313
-2.84e-08 0.000375
-2.83e-08 0
-2.82e-08 0.00203906
-2.81e-08 0.00395313
-2.8e-08 0.00301563
-2.79e-08 -0.000125
-2.78e-08 -0.002
-2.77e-08 -0.000148438
-2.76e-08 0.00299219
-2.75e-08 0.00399219
-2.74e-08 0.00210938
-2.73e-08 0
-2.72e-08 0.00025
-2.71e-08 0.00160938
-2.7e-08 0.00170313
-2.69e-08 -0.000101563
-2.68e-08 -0.002
-2.67e-08 -0.0019375
-2.66e-08 -0.00065625
-2.65e-08 0.000265625
-2.64e-08 0.000195313
-2.63e-08 0
-2.62e-08 0.0005
-2.61e-08 0.000460938
-2.6e-08 -0.00090625
-2.59e-08 -0.00239844
-2.58e-08 -0.002
-2.57e-08 0.000921875
-2.56e-08 0.003625
-2.55e-08 0.00339844
-2.54e-08 0.000523438
-2.53e-08 -0.002
-2.52e-08 -0.00158594
-2.51e-08 0.0008125
-2.5e-08 0.002625
-2.49e-08 0.00208594
-2.48e-08 0
-2.47e-08 -0.00169531
-2.46e-08 -0.00221875
-2.45e-08 -0.00169531
-2.44e-08 -0.000796875
-2.43e-08 0
-2.42e-08 0.000453125
-2.41e-08 0.000265625
-2.4e-08 -0.000304688
-2.39e-08 -0.000554688
-2.38e-08 0
-2.37e-08 0.00111719
-2.36e-08 0.0019375
-2.35e-08 0.00177344
-2.34e-08 0.000820313
-2.33e-08 0
-2.32e-08 0.000117188
-2.31e-08 0.00127344
-2.3e-08 0.00261719
-2.29e-08 0.00298438
-2.28e-08 0.002
-2.27e-08 8.59375e-05
-2.26e-08 -0.00159375
-2.25e-08 -0.00207031
-2.24e-08 -0.00124219
-2.23e-08 0
-2.22e-08 0.000679688
-2.21e-08 0.000429688
-2.2e-08 -0.000484375
-2.19e-08 -0.00142188
-2.18e-08 -0.002
-2.17e-08 -0.00213281
-2.16e-08 -0.00210156
-2.15e-08 -0.00192188
-2.14e-08 -0.0013125
-2.13e-08 0
-2.12e-08 0.00172656
-2.11e-08 0.00239063
-2.1e-08 0.00111719
-2.09e-08 -0.00100781
-2.08e-08 -0.002
-2.07e-08 -0.00078125
-2.06e-08 0.00127344
-2.05e-08 0.00217188
-2.04e-08 0.00128906
-2.03e-08 0
-2.02e-08 -5.46875e-05
-2.01e-08 0.00119531
-2e-08 0.00264063
-1.99e-08 0.00297656
-1.98e-08 0.002
-1.97e-08 0.000304688
-1.96e-08 -0.001375
-1.95e-08 -0.00246094
-1.94e-08 -0.00258594
-1.93e-08 -0.002
-1.92e-08 -0.00110938
-1.91e-08 -0.00034375
-1.9e-08 0.0003125
-1.89e-08 0.00103906
-1.88e-08 0.002
-1.87e-08 0.00286719
-1.86e-08 0.00267188
-1.85e-08 0.001
-1.84e-08 -0.0010625
-1.83e-08 -0.002
-1.82e-08 -0.000945313
-1.81e-08 0.00108594
-1.8e-08 0.00252344
-1.79e-08 0.00257031
-1.78e-08 0.002
-1.77e-08 0.00178906
-1.76e-08 0.00191406
-1.75e-08 0.00195313
-1.74e-08 0.00183594
-1.73e-08 0.002
-1.72e-08 0.00277344
-1.71e-08 0.00371875
-1.7e-08 0.00403906
-1.69e-08 0.00333594
-1.68e-08 0.002
-1.67e-08 0.000664063
-1.66e-08 -2.34375e-05
-1.65e-08 0.000171875
-1.64e-08 0.00100781
-1.63e-08 0.002
-1.62e-08 0.00264844
-1.61e-08 0.00245313
-1.6e-08 0.00138281
-1.59e-08 0.000289063
-1.58e-08 0
-1.57e-08 0.000554688
-1.56e-08 0.0005
-1.55e-08 -0.000929688
-1.54e-08 -0.00244531
-1.53e-08 -0.002
-1.52e-08 0.00100781
-1.51e-08 0.0036875
-1.5e-08 0.00328906
-1.49e-08 0.0003125
-1.48e-08 -0.002
-1.47e-08 -0.00109375
-1.46e-08 0.00121094
-1.45e-08 0.00197656
-1.44e-08 0.000242188
-1.43e-08 -0.002
-1.42e-08 -0.00226563
-1.41e-08 -0.000875
-1.4e-08 0.000546875
-1.39e-08 0.000703125
-1.38e-08 0
-1.37e-08 -0.0004375
-1.36e-08 -0.000296875
-1.35e-08 0.000304688
-1.34e-08 0.00110156
-1.33e-08 0.002
-1.32e-08 0.00270313
-1.31e-08 0.00250781
-1.3e-08 0.00124219
-1.29e-08 0
-1.28e-08 0
-1.27e-08 0.00139063
-1.26e-08 0.00226563
-1.25e-08 0.00108594
-1.24e-08 -0.00114844
-1.23e-08 -0.002
-1.22e-08 -0.000179688
-1.21e-08 0.00177344
-1.2e-08 0.00129688
-1.19e-08 -0.00101563
-1.18e-08 -0.002
-1.17e-08 0.000484375
-1.16e-08 0.00344531
-1.15e-08 0.00336719
-1.14e-08 0.000351563
-1.13e-08 -0.002
-1.12e-08 -0.000820313
-1.11e-08 0.00144531
-1.1e-08 0.00152344
-1.09e-08 -0.0006875
-1.08e-08 -0.002
-1.07e-08 0.00015625
-1.06e-08 0.00321875
-1.05e-08 0.00367969
-1.04e-08 0.000953125
-1.03e-08 -0.002
-1.02e-08 -0.00221875
-1.01e-08 -0.000765625
-1e-08 0.000210938
-9.9e-09 -2.34375e-05
-9.8e-09 0
-9.7e-09 0.0016875
-9.6e-09 0.00359375
-9.5e-09 0.00373438
-9.4e-09 0.00192969
-9.3e-09 0
-9.2e-09 -0.000414063
-9.1e-09 -0.000117188
-9e-09 -0.00021875
-8.9e-09 -0.000585938
-8.8e-09 0
-8.7e-09 0.00210156
-8.6e-09 0.00388281
-8.5e-09 0.00338281
-8.4e-09 0.000710938
-8.3e-09 -0.002
-8.2e-09 -0.00259375
-8.1e-09 -0.00114063
-8e-09 0.000984375
-7.9e-09 0.00213281
-7.8e-09 0.002
-7.7e-09 0.00117188
-7.6e-09 0.000304688
-7.5e-09 -0.000195313
-7.4e-09 -0.00021875
-7.3e-09 0
-7.2e-09 0.000101563
-7.1e-09 4.6875e-05
-7e-09 -3.125e-05
-6.9e-09 -3.125e-05
-6.8e-09 0
-6.7e-09 -3.125e-05
-6.6e-09 -3.125e-05
-6.5e-09 7.03125e-05
-6.4e-09 0.000164063
-6.3e-09 0
-6.2e-09 -0.000546875
-6.1e-09 -0.00149219
-6e-09 -0.00249219
-5.9e-09 -0.0028125
-5.8e-09 -0.002
-5.7e-09 -0.000179688
-5.6e-09 0.0015
-5.5e-09 0.00215625
-5.4e-09 0.00196875
-5.3e-09 0.002
-5.2e-09 0.00265625
-5.1e-09 0.00260938
-5e-09 0.000882813
-4.9e-09 -0.001375
-4.8e-09 -0.002
-4.7e-09 7.03125e-05
-4.6e-09 0.00302344
-4.5e-09 0.00422656
-4.4e-09 0.00267188
-4.3e-09 0
-4.2e-09 -0.00146875
-4.1e-09 -0.000898438
-4e-09 0.00096875
-3.9e-09 0.00230469
-3.8e-09 0.002
-3.7e-09 0.000242188
-3.6e-09 -0.00153906
-3.5e-09 -0.00202344
-3.4e-09 -0.00114063
-3.3e-09 0
-3.2e-09 0.0008125
-3.1e-09 0.000226563
-3e-09 0.00059375
-2.9e-09 0.00195313
-2.8e-09 0.002
-2.7e-09 0.00148438
-2.6e-09 0.000375
-2.5e-09 0.000210938
-2.4e-09 0.000328125
-2.3e-09 0
-2.2e-09 0.00404688
-2.1e-09 0.0245859
-2e-09 0.0677031
-1.9e-09 0.118891
-1.8e-09 0.16
-1.7e-09 0.173109
-1.6e-09 0.163344
-1.5e-09 0.140289
-1.4e-09 0.117703
-1.3e-09 0.1
-1.2e-09 0.0814531
-1.1e-09 0.0652188
-1e-09 0.0511406
-9e-10 0.0405781
-8e-10 0.032
-7e-10 0.0225156
-6e-10 0.01275
-5e-10 0.00364063
-4e-10 -0.00310938
-3e-10 -0.008
-2e-10 -0.0100781
-1e-10 -0.0134609
0 -0.0188906
1e-10 -0.0238125
2e-10 -0.026
3e-10 -0.0237578
4e-10 -0.0227344
5e-10 -0.0267813
6e-10 -0.0337266
7e-10 -0.038
8e-10 -0.0354141
9e-10 -0.0309219
1e-09 -0.0309453
1.1e-09 -0.0368672
1.2e-09 -0.044
1.3e-09 -0.0465234
1.4e-09 -0.0451328
1.5e-09 -0.0434844
1.6e-09 -0.0445625
1.7e-09 -0.048
1.8e-09 -0.051125
1.9e-09 -0.0533594
2e-09 -0.0544219
2.1e-09 -0.0544609
2.2e-09 -0.054
2.3e-09 -0.0528594
2.4e-09 -0.0521797
2.5e-09 -0.0518438
2.6e-09 -0.0512969
2.7e-09 -0.05
2.8e-09 -0.0475781
2.9e-09 -0.0451328
3e-09 -0.0430859
3.1e-09 -0.0411094
3.2e-09 -0.038
3.3e-09 -0.0334375
3.4e-09 -0.0292734
3.5e-09 -0.0274609
3.6e-09 -0.0283203
3.7e-09 -0.03
3.8e-09 -0.0309063
3.9e-09 -0.0315469
4e-09 -0.0328047
4.1e-09 -0.0341641
4.2e-09 -0.034
4.3e-09 -0.0310781
4.4e-09 -0.0264922
4.5e-09 -0.0218359
4.6e-09 -0.0185313
4.7e-09 -0.016
4.8e-09 -0.0135469
4.9e-09 -0.0121172
5e-09 -0.0122813
5.1e-09 -0.0134141
5.2e-09 -0.014
5.3e-09 -0.0129766
5.4e-09 -0.0110547
5.5e-09 -0.00919531
5.6e-09 -0.00780469
5.7e-09 -0.006
5.8e-09 -0.00282031
5.9e-09 0.00159375
6e-09 0.00628125
6.1e-09 0.00928125
6.2e-09 0.01
6.3e-09 0.00896875
6.4e-09 0.0079375
6.5e-09 0.00854688
6.6e-09 0.0109219
6.7e-09 0.014
6.8e-09 0.0165391
6.9e-09 0.0187969
7e-09 0.0213438
7.1e-09 0.0239375
7.2e-09 0.026
7.3e-09 0.0266016
7.4e-09 0.0262031
7.5e-09 0.0259219
7.6e-09 0.0270234
7.7e-09 0.03
7.8e-09 0.0337969
7.9e-09 0.0370703
8e-09 0.0383125
8.1e-09 0.0374453
8.2e-09 0.036
8.3e-09 0.0348438
8.4e-09 0.0342578
8.5e-09 0.0335156
8.6e-09 0.0325625
8.7e-09 0.032
8.8e-09 0.0319531
8.9e-09 0.0321406
9e-09 0.0315391
9.1e-09 0.0299453
9.2e-09 0.028
9.3e-09 0.0261563
9.4e-09 0.0246953
9.5e-09 0.0232266
9.6e-09 0.0216641
9.7e-09 0.02
9.8e-09 0.0182734
9.9e-09 0.0167422
1e-08 0.0152656
1.01e-08 0.0137891
1.02e-08 0.012
1.03e-08 0.00980469
1.04e-08 0.00732813
1.05e-08 0.00471094
1.06e-08 0.00232813
1.07e-08 0
1.08e-08 -0.00210156
1.09e-08 -0.00360156
1.1e-08 -0.00415625
1.11e-08 -0.004
1.12e-08 -0.004
1.13e-08 -0.00451563
1.14e-08 -0.00542188
1.15e-08 -0.00649219
1.16e-08 -0.00782813
1.17e-08 -0.01
1.18e-08 -0.0128359
1.19e-08 -0.0153047
1.2e-08 -0.0162422
1.21e-08 -0.0154141
1.22e-08 -0.014
1.23e-08 -0.0131797
1.24e-08 -0.0134844
1.25e-08 -0.0145547
1.26e-08 -0.0155391
1.27e-08 -0.016
1.28e-08 -0.0159297
1.29e-08 -0.015875
1.3e-08 -0.0162734
1.31e-08 -0.0171094
1.32e-08 -0.018
1.33e-08 -0.0183906
1.34e-08 -0.0182188
1.35e-08 -0.0178047
1.36e-08 -0.0176484
1.37e-08 -0.018
1.38e-08 -0.0187031
1.39e-08 -0.0196094
1.4e-08 -0.0202813
1.41e-08 -0.020375
1.42e-08 -0.02
1.43e-08 -0.0192422
1.44e-08 -0.0183906
1.45e-08 -0.0176172
1.46e-08 -0.0174063
1.47e-08 -0.018
1.48e-08 -0.01875
1.49e-08 -0.0186641
1.5e-08 -0.0169297
1.51e-08 -0.0142422
1.52e-08 -0.012
1.53e-08 -0.0111563
1.54e-08 -0.0116641
1.55e-08 -0.0121719
1.56e-08 -0.0111328
1.57e-08 -0.008
1.58e-08 -0.00377344
1.59e-08 -0.000648438
1.6e-08 -7.8125e-06
1.61e-08 -0.00119531
1.62e-08 -0.002
1.63e-08 -0.000945313
1.64e-08 0.00110156
1.65e-08 0.00242188
1.66e-08 0.0023125
1.67e-08 0.002
1.68e-08 0.00291406
1.69e-08 0.00485938
1.7e-08 0.00692188
1.71e-08 0.00847656
1.72e-08 0.01
1.73e-08 0.0115625
1.74e-08 0.0122109
1.75e-08 0.0113828
1.76e-08 0.0100547
1.77e-08 0.01
1.78e-08 0.0119531
1.79e-08 0.0148359
1.8e-08 0.0166484
1.81e-08 0.0161172
1.82e-08 0.014
1.83e-08 0.0119297
1.84e-08 0.0114609
1.85e-08 0.0128516
1.86e-08 0.0148516
1.87e-08 0.016
1.88e-08 0.0155234
1.89e-08 0.0143906
1.9e-08 0.0139219
1.91e-08 0.0146875
1.92e-08 0.016
1.93e-08 0.0166094
1.94e-08 0.0163828
1.95e-08 0.0155781
1.96e-08 0.0147266
1.97e-08 0.014
1.98e-08 0.0132031
1.99e-08 0.0123828
2e-08 0.0115781
2.01e-08 0.0113281
2.02e-08 0.012
2.03e-08 0.0130547
2.04e-08 0.0128984
2.05e-08 0.0105391
2.06e-08 0.00746875
2.07e-08 0.006
2.08e-08 0.00698438
2.09e-08 0.00817969
2.1e-08 0.00695313
2.11e-08 0.00339063
2.12e-08 0
2.13e-08 -0.000671875
2.14e-08 0.000953125
2.15e-08 0.00267969
2.16e-08 0.00239063
2.17e-08 0
2.18e-08 -0.00299219
2.19e-08 -0.00532813
2.2e-08 -0.00636719
2.21e-08 -0.00625781
2.22e-08 -0.006
2.23e-08 -0.00629688
2.24e-08 -0.00736719
2.25e-08 -0.00853906
2.26e-08 -0.00882813
2.27e-08 -0.008
2.28e-08 -0.00654688
2.29e-08 -0.00579688
2.3e-08 -0.00659375
2.31e-08 -0.00842188
2.32e-08 -0.01
2.33e-08 -0.0103203
2.34e-08 -0.0100859
2.35e-08 -0.0101719
2.36e-08 -0.0104453
2.37e-08 -0.01
2.38e-08 -0.00848438
2.39e-08 -0.00764063
2.4e-08 -0.00903125
2.41e-08 -0.0119297
2.42e-08 -0.014
2.43e-08 -0.0133594
2.44e-08 -0.011125
2.45e-08 -0.00932031
2.46e-08 -0.00917188
2.47e-08 -0.01
2.48e-08 -0.0106172
2.49e-08 -0.0114219
2.5e-08 -0.0128125
2.51e-08 -0.0140781
2.52e-08 -0.014
2.53e-08 -0.0118203
2.54e-08 -0.00907031
2.55e-08 -0.00741406
2.56e-08 -0.00742969
2.57e-08 -0.008
2.58e-08 -0.00792188
2.59e-08 -0.00786719
2.6e-08 -0.00842188
2.61e-08 -0.00892188
2.62e-08 -0.008
2.63e-08 -0.00510156
2.64e-08 -0.00253125
2.65e-08 -0.00224219
2.66e-08 -0.003625
2.67e-08 -0.004
2.68e-08 -0.0016875
2.69e-08 0.00115625
2.7e-08 0.00200781
2.71e-08 0.000765625
2.72e-08 0
2.73e-08 0.00186719
2.74e-08 0.00485938
2.75e-08 0.00639844
2.76e-08 0.00552344
2.77e-08 0.004
2.78e-08 0.00389063
2.79e-08 0.00514063
2.8e-08 0.00663281
2.81e-08 0.00746094
2.82e-08 0.008
2.83e-08 0.00874219
2.84e-08 0.009625
2.85e-08 0.0102422
2.86e-08 0.0102891
2.87e-08 0.01
2.88e-08 0.00966406
2.89e-08 0.00978125
2.9e-08 0.0102578
2.91e-08 0.0104922
2.92e-08 0.01
2.93e-08 0.00880469
2.94e-08 0.00795313
2.95e-08 0.00839063
2.96e-08 0.0100859
2.97e-08 0.012
2.98e-08 0.0126719
2.99e-08 0.0113359
3e-08 0.00846875
3.01e-08 0.00615625
3.02e-08 0.006
3.03e-08 0.00817969
3.04e-08 0.011
3.05e-08 0.0124063
3.06e-08 0.0116484
3.07e-08 0.01
3.08e-08 0.00891406
3.09e-08 0.0083125
3.1e-08 0.00744531
3.11e-08 0.00641406
3.12e-08 0.006
3.13e-08 0.00654688
3.14e-08 0.00657031
3.15e-08 0.00489063
3.16e-08 0.00264063
3.17e-08 0.002
3.18e-08 0.00389844
3.19e-08 0.00584375
3.2e-08 0.00525781
3.21e-08 0.00239844
3.22e-08 0
3.23e-08 0.000328125
3.24e-08 0.0016875
3.25e-08 0.00157813
3.26e-08 -0.00034375
3.27e-08 -0.002
3.28e-08 -0.00146875
3.29e-08 -0.000234375
3.3e-08 -0.000429688
3.31e-08 -0.00230469
3.32e-08 -0.004
3.33e-08 -0.00375781
3.34e-08 -0.00250781
3.35e-08 -0.00192188
3.36e-08 -0.00273438
3.37e-08 -0.004
3.38e-08 -0.0044375
3.39e-08 -0.00415625
3.4e-08 -0.00401563
3.41e-08 -0.00467969
3.42e-08 -0.006
3.43e-08 -0.00726563
3.44e-08 -0.00797656
3.45e-08 -0.00786719
3.46e-08 -0.00705469
3.47e-08 -0.006
3.48e-08 -0.00523438
3.49e-08 -0.00546875
3.5e-08 -0.00671094
3.51e-08 -0.00789844
3.52e-08 -0.008
3.53e-08 -0.00682813
3.54e-08 -0.00596094
3.55e-08 -0.00650781
3.56e-08 -0.00778125
3.57e-08 -0.008
3.58e-08 -0.00616406
3.59e-08 -0.00428125
3.6e-08 -0.00446875
3.61e-08 -0.00650781
3.62e-08 -0.008
3.63e-08 -0.0069375
3.64e-08 -0.00483594
3.65e-08 -0.00377344
3.66e-08 -0.00410156
3.67e-08 -0.004
3.68e-08 -0.00208594
3.69e-08 -0.000234375
3.7e-08 -0.000554688
3.71e-08 -0.00267188
3.72e-08 -0.004
3.73e-08 -0.00270313
3.74e-08 -0.000617188
3.75e-08 -0.000132813
3.76e-08 -0.00135938
3.77e-08 -0.002
3.78e-08 -0.00034375
3.79e-08 0.00163281
3.8e-08 0.00155469
3.81e-08 -0.0005
3.82e-08 -0.002
3.83e-08 -0.000882813
3.84e-08 0.00125
3.85e-08 0.00207031
3.86e-08 0.00103125
3.87e-08 0
3.88e-08 0.0009375
3.89e-08 0.00302344
3.9e-08 0.00453906
3.91e-08 0.00457813
3.92e-08 0.004
3.93e-08 0.00391406
3.94e-08 0.00401563
3.95e-08 0.00377344
3.96e-08 0.00346875
3.97e-08 0.004
3.98e-08 0.00567188
3.99e-08 0.00746875
4e-08 0.00811719
4.01e-08 0.00728906
4.02e-08 0.006
4.03e-08 0.00534375
4.04e-08 0.00563281
4.05e-08 0.00630469
4.06e-08 0.00651563
4.07e-08 0.006
4.08e-08 0.00503906
4.09e-08 0.0041875
4.1e-08 0.00396875
4.11e-08 0.00467188
4.12e-08 0.006
4.13e-08 0.0070625
4.14e-08 0.00678125
4.15e-08 0.00490625
4.16e-08 0.00278125
4.17e-08 0.002
4.18e-08 0.00317188
4.19e-08 0.00520313
4.2e-08 0.00635156
4.21e-08 0.0056875
4.22e-08 0.004
4.23e-08 0.00259375
4.24e-08 0.00200781
4.25e-08 0.00201563
4.26e-08 0.00211719
4.27e-08 0.002
4.28e-08 0.00157813
4.29e-08 0.000640625
4.3e-08 -0.00071875
4.31e-08 -0.00179688
4.32e-08 -0.002
4.33e-08 -0.00123438
4.34e-08 -0.0003125
4.35e-08 8.59375e-05
4.36e-08 -2.34375e-05
4.37e-08 0
4.38e-08 0.000492188
4.39e-08 0.000476563
4.4e-08 -0.000867188
4.41e-08 -0.00285938
4.42e-08 -0.004
4.43e-08 -0.00335156
4.44e-08 -0.00225
4.45e-08 -0.00224219
4.46e-08 -0.00332031
4.47e-08 -0.004
4.48e-08 -0.00314844
4.49e-08 -0.002125
4.5e-08 -0.00240625
4.51e-08 -0.00364063
4.52e-08 -0.004
4.53e-08 -0.00226563
4.54e-08 -0.00034375
4.55e-08 -0.00040625
4.56e-08 -0.00236719
4.57e-08 -0.004
4.58e-08 -0.00348438
4.59e-08 -0.00228906
4.6e-08 -0.0023125
4.61e-08 -0.00352344
4.62e-08 -0.004
4.63e-08 -0.00235156
4.64e-08 -0.000398438
4.65e-08 -0.00034375
4.66e-08 -0.00228125
4.67e-08 -0.004
4.68e-08 -0.00342188
4.69e-08 -0.0011875
4.7e-08 0.000789063
4.71e-08 0.00104688
4.72e-08 0
4.73e-08 -0.00113281
4.74e-08 -0.00184375
4.75e-08 -0.002125
4.76e-08 -0.00213281
4.77e-08 -0.002
4.78e-08 -0.00183594
4.79e-08 -0.00189063
4.8e-08 -0.00215625
4.81e-08 -0.00230469
4.82e-08 -0.002
4.83e-08 -0.00120313
4.84e-08 -0.000335938
4.85e-08 0.000234375
4.86e-08 0.00028125
4.87e-08 0
4.88e-08 -0.000234375
4.89e-08 -0.000148438
4.9e-08 0.000164063
4.91e-08 0.000296875
4.92e-08 0
4.93e-08 -0.0005
4.94e-08 -0.000445313
4.95e-08 0.0006875
4.96e-08 0.00247656
4.97e-08 0.004
4.98e-08 0.00424219
4.99e-08 0.003
5e-08 0.00096875
5.01e-08 -0.000328125
5.02e-08 0
5.03e-08 0.00173438
5.04e-08 0.00352344
5.05e-08 0.00403906
5.06e-08 0.00315625
5.07e-08 0.002
5.08e-08 0.00163281
5.09e-08 0.00184375
5.1e-08 0.00198438
5.11e-08 0.001875
5.12e-08 0.002
5.13e-08 0.0028125
5.14e-08 0.00375781
5.15e-08 0.00396875
5.16e-08 0.00317969
5.17e-08 0.002
5.18e-08 0.00130469
5.19e-08 0.00153906
5.2e-08 0.00253906
5.21e-08 0.00357031
5.22e-08 0.004
5.23e-08 0.00353906
5.24e-08 0.00252344
5.25e-08 0.0015625
5.26e-08 0.00135156
5.27e-08 0.002
5.28e-08 0.00309375
5.29e-08 0.00391406
5.3e-08 0.00384375
5.31e-08 0.003
5.32e-08 0.002
5.33e-08 0.00125781
5.34e-08 0.000445313
5.35e-08 -0.0005625
5.36e-08 -0.001
5.37e-08 0
5.38e-08 0.00233594
5.39e-08 0.00401563
5.4e-08 0.00328125
5.41e-08 0.000554688
5.42e-08 -0.002
5.43e-08 -0.00238281
5.44e-08 -0.000953125
5.45e-08 0.0006875
5.46e-08 0.000992188
5.47e-08 0
5.48e-08 -0.00127344
5.49e-08 -0.002
5.5e-08 -0.00182031
5.51e-08 -0.000960938
5.52e-08 0
5.53e-08 0.000523438
5.54e-08 0.000351563
5.55e-08 -0.000429688
5.56e-08 -0.00133594
5.57e-08 -0.002
5.58e-08 -0.00224219
5.59e-08 -0.00217188
5.6e-08 -0.00182813
5.61e-08 -0.001125
5.62e-08 0
5.63e-08 0.00105469
5.64e-08 0.000804688
5.65e-08 -0.00121875
5.66e-08 -0.0035
5.67e-08 -0.004
5.68e-08 -0.00185156
5.69e-08 0.0010625
5.7e-08 0.00221094
5.71e-08 0.000679688
5.72e-08 -0.002
5.73e-08 -0.00371875
5.74e-08 -0.00417188
5.75e-08 -0.00388281
5.76e-08 -0.00321094
5.77e-08 -0.002
5.78e-08 -0.000320313
5.79e-08 0.000359375
5.8e-08 -0.000851563
5.81e-08 -0.00295313
5.82e-08 -0.004
5.83e-08 -0.00285156
5.84e-08 -0.000789063
5.85e-08 0.000289063
5.86e-08 -0.000460938
5.87e-08 -0.002
5.88e-08 -0.00272656
5.89e-08 -0.00242969
5.9e-08 -0.00163281
5.91e-08 -0.00084375
5.92e-08 0
5.93e-08 0.000875
5.94e-08 0.000648438
5.95e-08 -0.00100781
5.96e-08 -0.00253906
5.97e-08 -0.002
5.98e-08 0.000929688
5.99e-08 0.00357031
6e-08 0.00353125
6.01e-08 0.00135156
6.02e-08 0
6.03e-08 0.00167188
6.04e-08 0.00480469
6.05e-08 0.00642188
6.06e-08 0.005
6.07e-08 0.002
6.08e-08 -0.00015625
6.09e-08 -0.000476563
6.1e-08 0.0005625
6.11e-08 0.00165625
6.12e-08 0.002
6.13e-08 0.00167188
6.14e-08 0.00167188
6.15e-08 0.00260156
6.16e-08 0.00378125
6.17e-08 0.004
6.18e-08 0.00255469
6.19e-08 0.000625
6.2e-08 -0.000148438
6.21e-08 0.00071875
6.22e-08 0.002
6.23e-08 0.00215625
6.24e-08 0.0009375
6.25e-08 -0.00090625
6.26e-08 -0.00207031
6.27e-08 -0.002
6.28e-08 -0.000773438
6.29e-08 0.0010625
6.3e-08 0.00280469
6.31e-08 0.00378906
6.32e-08 0.004
6.33e-08 0.00360938
6.34e-08 0.00265625
6.35e-08 0.00125781
6.36e-08 0.00015625
6.37e-08 0
6.38e-08 0.000835938
6.39e-08 0.00178906
6.4e-08 0.00191406
6.41e-08 0.0010625
6.42e-08 0
6.43e-08 -0.000445313
6.44e-08 -0.000234375
6.45e-08 0.000171875
6.46e-08 0.000265625
6.47e-08 0
6.48e-08 -0.000265625
6.49e-08 -0.00021875
6.5e-08 0.000289063
6.51e-08 0.00110156
6.52e-08 0.002
6.53e-08 0.00257813
6.54e-08 0.00240625
6.55e-08 0.00144531
6.56e-08 0.00040625
6.57e-08 0
6.58e-08 0.000304688
6.59e-08 0.000328125
6.6e-08 -0.000671875
6.61e-08 -0.00192969
6.62e-08 -0.002
6.63e-08 -0.00025
6.64e-08 0.00158594
6.65e-08 0.00179688
6.66e-08 0.000609375
6.67e-08 0
6.68e-08 0.00121875
6.69e-08 0.00224219
6.7e-08 0.000945313
6.71e-08 -0.00203906
6.72e-08 -0.004
6.73e-08 -0.00291406
6.74e-08 -0.000726563
6.75e-08 -4.6875e-05
6.76e-08 -0.00121875
6.77e-08 -0.002
6.78e-08 -0.000476563
6.79e-08 0.00153906
6.8e-08 0.00167969
6.81e-08 -0.000234375
6.82e-08 -0.002
6.83e-08 -0.00164063
6.84e-08 -0.000390625
6.85e-08 -0.000179688
6.86e-08 -0.00126563
6.87e-08 -0.002
6.88e-08 -0.000914063
6.89e-08 0.00114844
6.9e-08 0.00240625
6.91e-08 0.00178906
6.92e-08 0
6.93e-08 -0.00151563
6.94e-08 -0.00207813
6.95e-08 -0.00182031
6.96e-08 -0.00154688
6.97e-08 -0.002
6.98e-08 -0.00309375
6.99e-08 -0.00398438
