-3e-08 0.000132812
-2.99e-08 -8.34465e-10
-2.98e-08 -0.000218751
-2.97e-08 -0.000195313
-2.96e-08 0.000296874
-2.95e-08 0.00114062
-2.94e-08 0.002
-2.93e-08 0.00241406
-2.92e-08 0.00227344
-2.91e-08 0.00167187
-2.9e-08 0.000851562
-2.89e-08 -8.34465e-10
-2.88e-08 -0.000625001
-2.87e-08 -0.000453126
-2.86e-08 0.000640624
-2.85e-08 0.00180469
-2.84e-08 0.002
-2.83e-08 0.000937499
-2.82e-08 2.34367e-05
-2.81e-08 0.000421874
-2.8e-08 0.00161719
-2.79e-08 0.002
-2.78e-08 0.000749999
-2.77e-08 -0.000195313
-2.76e-08 0.000882812
-2.75e-08 0.00314844
-2.74e-08 0.004
-2.73e-08 0.00177344
-2.72e-08 -0.00117188
-2.71e-08 -0.00192969
-2.7e-08 -5.46883e-05
-2.69e-08 0.002
-2.68e-08 0.00182031
-2.67e-08 0.000499999
-2.66e-08 3.90617e-05
-2.65e-08 0.00102344
-2.64e-08 0.002
-2.63e-08 0.00142969
-2.62e-08 0.000304687
-2.61e-08 0.000148437
-2.6e-08 0.00116406
-2.59e-08 0.002
-2.58e-08 0.0014375
-2.57e-08 0.000374999
-2.56e-08 -7.81333e-06
-2.55e-08 0.000273437
-2.54e-08 -8.34465e-10
-2.53e-08 -0.00142969
-2.52e-08 -0.00228125
-2.51e-08 -0.00107813
-2.5e-08 0.00117187
-2.49e-08 0.002
-2.48e-08 0.000156249
-2.47e-08 -0.00182813
-2.46e-08 -0.00123438
-2.45e-08 0.00169531
-2.44e-08 0.004
-2.43e-08 0.00319531
-2.42e-08 0.000906249
-2.41e-08 -0.000218751
-2.4e-08 0.000726562
-2.39e-08 0.002
-2.38e-08 0.00159375
-2.37e-08 0.000398437
-2.36e-08 6.24992e-05
-2.35e-08 0.00101562
-2.34e-08 0.002
-2.33e-08 0.00164844
-2.32e-08 0.000531249
-2.31e-08 -0.000265626
-2.3e-08 -0.000242188
-2.29e-08 -8.34465e-10
-2.28e-08 -0.000148438
-2.27e-08 -0.000195313
-2.26e-08 0.000437499
-2.25e-08 0.00148437
-2.24e-08 0.002
-2.23e-08 0.00132031
-2.22e-08 0.000328124
-2.21e-08 -1.56258e-05
-2.2e-08 0.000203124
-2.19e-08 -8.34465e-10
-2.18e-08 -0.000960938
-2.17e-08 -0.000828126
-2.16e-08 0.0014375
-2.15e-08 0.00400781
-2.14e-08 0.004
-2.13e-08 0.000320312
-2.12e-08 -0.00338281
-2.11e-08 -0.00333594
-2.1e-08 0.000390624
-2.09e-08 0.004
-2.08e-08 0.00392187
-2.07e-08 0.001375
-2.06e-08 -0.000726563
-2.05e-08 -0.000750001
-2.04e-08 -8.34465e-10
-2.03e-08 -0.000476563
-2.02e-08 -0.00160938
-2.01e-08 -0.00198438
-2e-08 -0.00111719
-1.99e-08 -8.34465e-10
-1.98e-08 0.000257812
-1.97e-08 7.81242e-05
-1.96e-08 0.000117187
-1.95e-08 0.000328124
-1.94e-08 -8.34465e-10
-1.93e-08 -0.00117188
-1.92e-08 -0.00202344
-1.91e-08 -0.00154688
-1.9e-08 -0.000343751
-1.89e-08 -8.34465e-10
-1.88e-08 -0.00121875
-1.87e-08 -0.00217188
-1.86e-08 -0.00117188
-1.85e-08 0.00100781
-1.84e-08 0.002
-1.83e-08 0.000359374
-1.82e-08 -0.0016875
-1.81e-08 -0.00144531
-1.8e-08 0.00128906
-1.79e-08 0.004
-1.78e-08 0.00416406
-1.77e-08 0.00275
-1.76e-08 0.00171875
-1.75e-08 0.00185937
-1.74e-08 0.002
-1.73e-08 0.000890624
-1.72e-08 -3.12508e-05
-1.71e-08 0.000578124
-1.7e-08 0.00195312
-1.69e-08 0.002
-1.68e-08 -0.000226563
-1.67e-08 -0.00204688
-1.66e-08 -0.00101563
-1.65e-08 0.00207812
-1.64e-08 0.004
-1.63e-08 0.0024375
-1.62e-08 -0.000773438
-1.61e-08 -0.00239844
-1.6e-08 -0.000906251
-1.59e-08 0.002
-1.58e-08 0.00351562
-1.57e-08 0.00289844
-1.56e-08 0.00109375
-1.55e-08 -0.000156251
-1.54e-08 -8.34465e-10
-1.53e-08 0.00132031
-1.52e-08 0.00321094
-1.51e-08 0.00457812
-1.5e-08 0.00421875
-1.49e-08 0.002
-1.48e-08 -0.001
-1.47e-08 -0.00235938
-1.46e-08 -0.000984376
-1.45e-08 0.00139062
-1.44e-08 0.002
-1.43e-08 -0.000164063
-1.42e-08 -0.0020625
-1.41e-08 -0.000859376
-1.4e-08 0.0024375
-1.39e-08 0.004
-1.38e-08 0.00126562
-1.37e-08 -0.00278906
-1.36e-08 -0.00397656
-1.35e-08 -0.00130469
-1.34e-08 0.002
-1.33e-08 0.00246094
-1.32e-08 0.000867187
-1.31e-08 -0.000335938
-1.3e-08 0.000351562
-1.29e-08 0.002
-1.28e-08 0.00277344
-1.27e-08 0.00242969
-1.26e-08 0.00160937
-1.25e-08 0.00136719
-1.24e-08 0.002
-1.23e-08 0.00283594
-1.22e-08 0.00267187
-1.21e-08 0.000953124
-1.2e-08 -0.00116406
-1.19e-08 -0.002
-1.18e-08 -0.000718751
-1.17e-08 0.00133594
-1.16e-08 0.00214062
-1.15e-08 0.000687499
-1.14e-08 -0.002
-1.13e-08 -0.00382813
-1.12e-08 -0.00327344
-1.11e-08 -0.000351563
-1.1e-08 0.00277344
-1.09e-08 0.004
-1.08e-08 0.00267969
-1.07e-08 0.000640624
-1.06e-08 -4.68758e-05
-1.05e-08 0.000953124
-1.04e-08 0.002
-1.03e-08 0.00145312
-1.02e-08 0.000320312
-1.01e-08 0.000156249
-1e-08 0.00117969
-9.9e-09 0.002
-9.8e-09 0.0013125
-9.7e-09 0.000234374
-9.6e-09 0.000218749
-9.5e-09 0.00128125
-9.4e-09 0.002
-9.3e-09 0.00128125
-9.2e-09 0.000234374
-9.1e-09 0.000148437
-9e-09 0.001125
-8.9e-09 0.002
-8.8e-09 0.00154687
-8.7e-09 0.000429687
-8.6e-09 -0.000132813
-8.5e-09 0.000585937
-8.4e-09 0.002
-8.3e-09 0.00257812
-8.2e-09 0.00139062
-8.1e-09 -0.00170313
-8e-09 -0.0053125
-7.9e-09 -0.008
-7.8e-09 -0.00865625
-7.7e-09 -0.00722656
-7.6e-09 -0.00475
-7.5e-09 -0.00328906
-7.4e-09 -0.004
-7.3e-09 -0.00645313
-7.2e-09 -0.00914063
-7.1e-09 -0.0103203
-7e-09 -0.00953125
-6.9e-09 -0.008
-6.8e-09 -0.00685938
-6.7e-09 -0.00626563
-6.6e-09 -0.0055625
-6.5e-09 -0.00465625
-6.4e-09 -0.004
-6.3e-09 -0.00373438
-6.2e-09 -0.00286719
-6.1e-09 -0.000796876
-6e-09 0.00136719
-5.9e-09 0.002
-5.8e-09 0.000374999
-5.7e-09 -0.00161719
-5.6e-09 -0.00175
-5.5e-09 0.000609374
-5.4e-09 0.004
-5.3e-09 0.00611719
-5.2e-09 0.00647656
-5.1e-09 0.00538281
-5e-09 0.00370312
-4.9e-09 0.002
-4.8e-09 0.000476562
-4.7e-09 -0.000140626
-4.6e-09 0.000351562
-4.5e-09 0.001375
-4.4e-09 0.002
-4.3e-09 0.00164844
-4.2e-09 0.000570312
-4.1e-09 -0.000445313
-4e-09 -0.000648438
-3.9e-09 -8.34465e-10
-3.8e-09 0.001125
-3.7e-09 0.00191406
-3.6e-09 0.00190625
-3.5e-09 0.00111719
-3.4e-09 -8.34465e-10
-3.3e-09 -0.000750001
-3.2e-09 -0.000562501
-3.1e-09 0.000742187
-3e-09 0.00250781
-2.9e-09 0.004
-2.8e-09 0.00495312
-2.7e-09 0.00567969
-2.6e-09 0.00639062
-2.5e-09 0.00669531
-2.4e-09 0.006
-2.3e-09 0.00414844
-2.2e-09 0.00238281
-2.1e-09 0.00203125
-2e-09 0.00350781
-1.9e-09 0.006
-1.8e-09 0.00815625
-1.7e-09 0.00960937
-1.6e-09 0.0102344
-1.5e-09 0.0102578
-1.4e-09 0.01
-1.3e-09 0.00907812
-1.2e-09 0.00725781
-1.1e-09 0.00452344
-1e-09 0.00232812
-9e-10 0.002
-8e-10 0.00342969
-7e-10 0.00439844
-6e-10 0.0028125
-5e-10 -0.000773438
-4e-10 -0.004
-3e-10 -0.00504688
-2e-10 -0.00545313
-1e-10 -0.00710938
0 -0.00992188
1e-10 -0.012
2e-10 -0.0110391
3e-10 -0.00786719
4e-10 -0.00438281
5e-10 -0.00294531
6e-10 -0.004
7e-10 -0.00613281
8e-10 -0.00776563
9e-10 -0.00777344
1e-09 -0.0066875
1.1e-09 -0.006
1.2e-09 -0.00613281
1.3e-09 -0.00532813
1.4e-09 -0.00195313
1.5e-09 0.00274219
1.6e-09 0.006
1.7e-09 0.00563281
1.8e-09 0.00321875
1.9e-09 0.001375
2e-09 0.001375
2.1e-09 0.002
2.2e-09 0.00171875
2.3e-09 0.00160937
2.4e-09 0.00286719
2.5e-09 0.00490625
2.6e-09 0.006
2.7e-09 0.0049375
2.8e-09 0.00385156
2.9e-09 0.00488281
3e-09 0.00770312
3.1e-09 0.01
3.2e-09 0.00971875
3.3e-09 0.00846875
3.4e-09 0.00802344
3.5e-09 0.0084375
3.6e-09 0.008
3.7e-09 0.00522656
3.8e-09 0.00252344
3.9e-09 0.00238281
4e-09 0.00452344
4.1e-09 0.006
4.2e-09 0.00460156
4.3e-09 0.00164062
4.4e-09 -0.00139063
4.5e-09 -0.00311719
4.6e-09 -0.004
4.7e-09 -0.00614844
4.8e-09 -0.00798438
4.9e-09 -0.0076875
5e-09 -0.00257813
5.1e-09 0.008
5.2e-09 0.0183203
5.3e-09 0.0207734
5.4e-09 0.00782031
5.5e-09 -0.0179531
5.6e-09 -0.048
5.7e-09 -0.0729453
5.8e-09 -0.0890859
5.9e-09 -0.0980313
6e-09 -0.103102
6.1e-09 -0.108
6.2e-09 -0.11093
6.3e-09 -0.110586
6.4e-09 -0.103719
6.5e-09 -0.0924766
6.6e-09 -0.082
6.7e-09 -0.0748047
6.8e-09 -0.0751172
6.9e-09 -0.0810391
7e-09 -0.0892188
7.1e-09 -0.098
7.2e-09 -0.103008
7.3e-09 -0.101953
7.4e-09 -0.0925
7.5e-09 -0.0772266
7.6e-09 -0.06
7.7e-09 -0.0437969
7.8e-09 -0.0292578
7.9e-09 -0.0146172
8e-09 -0.000234376
8.1e-09 0.014
8.2e-09 0.0248516
8.3e-09 0.0282813
8.4e-09 0.02175
8.5e-09 0.00879687
8.6e-09 -0.004
8.7e-09 -0.0112422
8.8e-09 -0.0111641
8.9e-09 -0.00413281
9e-09 0.00739062
9.1e-09 0.022
9.2e-09 0.0379609
9.3e-09 0.0512188
9.4e-09 0.0594766
9.5e-09 0.0629219
9.6e-09 0.066
9.7e-09 0.0720391
9.8e-09 0.0821094
9.9e-09 0.0935156
1e-08 0.101305
1.01e-08 0.104
1.02e-08 0.10068
1.03e-08 0.0960234
1.04e-08 0.0924688
1.05e-08 0.0909297
1.06e-08 0.09
1.07e-08 0.0867266
1.08e-08 0.0833125
1.09e-08 0.0811094
1.1e-08 0.0804531
1.11e-08 0.08
1.12e-08 0.0777813
1.13e-08 0.0770938
1.14e-08 0.0798359
1.15e-08 0.0841797
1.16e-08 0.086
1.17e-08 0.0814688
1.18e-08 0.0720547
1.19e-08 0.0602188
1.2e-08 0.0490313
1.21e-08 0.038
1.22e-08 0.0272656
1.23e-08 0.0185859
1.24e-08 0.0147266
1.25e-08 0.0162578
1.26e-08 0.02
1.27e-08 0.0236563
1.28e-08 0.0255469
1.29e-08 0.0264688
1.3e-08 0.0276875
1.31e-08 0.03
1.32e-08 0.0337422
1.33e-08 0.0380938
1.34e-08 0.0415781
1.35e-08 0.0423828
1.36e-08 0.04
1.37e-08 0.0344375
1.38e-08 0.0265703
1.39e-08 0.0174219
1.4e-08 0.00957031
1.41e-08 0.004
1.42e-08 0.00151562
1.43e-08 0.00128906
1.44e-08 0.00285937
1.45e-08 0.00577344
1.46e-08 0.01
1.47e-08 0.0156094
1.48e-08 0.0213672
1.49e-08 0.0262813
1.5e-08 0.0296094
1.51e-08 0.032
1.52e-08 0.0332422
1.53e-08 0.0320938
1.54e-08 0.0270313
1.55e-08 0.0194688
1.56e-08 0.012
1.57e-08 0.00655469
1.58e-08 0.00316406
1.59e-08 0.000781249
1.6e-08 -0.00100781
1.61e-08 -0.002
1.62e-08 -0.00123438
1.63e-08 0.000695312
1.64e-08 0.00330469
1.65e-08 0.00576562
1.66e-08 0.008
1.67e-08 0.0105156
1.68e-08 0.0129453
1.69e-08 0.0149375
1.7e-08 0.0159922
1.71e-08 0.016
1.72e-08 0.0146172
1.73e-08 0.0118672
1.74e-08 0.00796875
1.75e-08 0.00432031
1.76e-08 0.002
1.77e-08 0.0015
1.78e-08 0.00286719
1.79e-08 0.00513281
1.8e-08 0.00647656
1.81e-08 0.006
1.82e-08 0.00427344
1.83e-08 0.00349219
1.84e-08 0.00517969
1.85e-08 0.00821094
1.86e-08 0.01
1.87e-08 0.00871875
1.88e-08 0.00560156
1.89e-08 0.002875
1.9e-08 0.00196875
1.91e-08 0.002
1.92e-08 0.00150781
1.93e-08 0.000484374
1.94e-08 -0.000250001
1.95e-08 -0.000242188
1.96e-08 -8.34465e-10
1.97e-08 0.000101562
1.98e-08 -1.56258e-05
1.99e-08 0.000148437
2e-08 0.000859374
2.01e-08 0.002
2.02e-08 0.00346875
2.03e-08 0.00510937
2.04e-08 0.00686719
2.05e-08 0.00848437
2.06e-08 0.01
2.07e-08 0.0110781
2.08e-08 0.0118437
2.09e-08 0.012
2.1e-08 0.0113437
2.11e-08 0.01
2.12e-08 0.00804687
2.13e-08 0.0065
2.14e-08 0.0056875
2.15e-08 0.00515625
2.16e-08 0.004
2.17e-08 0.00189062
2.18e-08 0.000242187
2.19e-08 0.000273437
2.2e-08 0.00146094
2.21e-08 0.002
2.22e-08 0.000882812
2.23e-08 -0.000117188
2.24e-08 0.000789062
2.25e-08 0.00296875
2.26e-08 0.004
2.27e-08 0.00235156
2.28e-08 0.000374999
2.29e-08 0.000484374
2.3e-08 0.0020625
2.31e-08 0.002
2.32e-08 -0.00169531
2.33e-08 -0.006375
2.34e-08 -0.00855469
2.35e-08 -0.00748438
2.36e-08 -0.006
2.37e-08 -0.00660938
2.38e-08 -0.00792969
2.39e-08 -0.00725
2.4e-08 -0.0039375
2.41e-08 -8.34465e-10
2.42e-08 0.00209375
2.43e-08 0.00235156
2.44e-08 0.00171875
2.45e-08 0.000976562
2.46e-08 -8.34465e-10
2.47e-08 -0.00164844
2.48e-08 -0.00334375
2.49e-08 -0.00448438
2.5e-08 -0.00459375
2.51e-08 -0.004
2.52e-08 -0.00370313
2.53e-08 -0.00482031
2.54e-08 -0.0075
2.55e-08 -0.009875
2.56e-08 -0.01
2.57e-08 -0.00739063
2.58e-08 -0.00463281
2.59e-08 -0.00417969
2.6e-08 -0.00607813
2.61e-08 -0.008
2.62e-08 -0.00774219
2.63e-08 -0.00642188
2.64e-08 -0.00611719
2.65e-08 -0.00770313
2.66e-08 -0.01
2.67e-08 -0.0110547
2.68e-08 -0.010625
2.69e-08 -0.00938281
2.7e-08 -0.00839063
2.71e-08 -0.008
2.72e-08 -0.00770313
2.73e-08 -0.00682031
2.74e-08 -0.00494531
2.75e-08 -0.00296094
2.76e-08 -0.002
2.77e-08 -0.00257031
2.78e-08 -0.00367188
2.79e-08 -0.00395313
2.8e-08 -0.00307813
2.81e-08 -0.002
2.82e-08 -0.00173438
2.83e-08 -0.00195313
2.84e-08 -0.00185156
2.85e-08 -0.00107813
2.86e-08 -8.34465e-10
2.87e-08 0.000781249
2.88e-08 0.00149219
2.89e-08 0.00264062
2.9e-08 0.00424219
2.91e-08 0.006
2.92e-08 0.00728125
2.93e-08 0.00796875
2.94e-08 0.007875
2.95e-08 0.00710156
2.96e-08 0.006
2.97e-08 0.00474219
2.98e-08 0.00403125
2.99e-08 0.00409375
3e-08 0.00488281
3.01e-08 0.006
3.02e-08 0.00665625
3.03e-08 0.0065
3.04e-08 0.00528906
3.05e-08 0.0035625
3.06e-08 0.002
3.07e-08 0.000968749
3.08e-08 0.000296874
3.09e-08 -0.000343751
3.1e-08 -0.00110938
3.11e-08 -0.002
3.12e-08 -0.00280469
3.13e-08 -0.00358594
3.14e-08 -0.00442188
3.15e-08 -0.00526563
3.16e-08 -0.006
3.17e-08 -0.00604688
3.18e-08 -0.00498438
3.19e-08 -0.00282813
3.2e-08 -0.000773438
3.21e-08 -8.34465e-10
3.22e-08 -0.000976563
3.23e-08 -0.003
3.24e-08 -0.00475
3.25e-08 -0.00503906
3.26e-08 -0.004
3.27e-08 -0.00257031
3.28e-08 -0.00188281
3.29e-08 -0.00239063
3.3e-08 -0.00346094
3.31e-08 -0.004
3.32e-08 -0.00344531
3.33e-08 -0.00242188
3.34e-08 -0.00182813
3.35e-08 -0.00191406
3.36e-08 -0.002
3.37e-08 -0.00139063
3.38e-08 -0.000421876
3.39e-08 0.000242187
3.4e-08 0.000265624
3.41e-08 -8.34465e-10
3.42e-08 -0.000109376
3.43e-08 -1.56258e-05
3.44e-08 -3.12508e-05
3.45e-08 -0.000648438
3.46e-08 -0.002
3.47e-08 -0.00342969
3.48e-08 -0.00311719
3.49e-08 -0.000320313
3.5e-08 0.00292969
3.51e-08 0.004
3.52e-08 0.00200781
3.53e-08 4.68742e-05
3.54e-08 0.000976562
3.55e-08 0.00413281
3.56e-08 0.006
3.57e-08 0.0038125
3.58e-08 -0.000343751
3.59e-08 -0.0026875
3.6e-08 -0.00128125
3.61e-08 0.002
3.62e-08 0.00403906
3.63e-08 0.00435156
3.64e-08 0.00370312
3.65e-08 0.002875
3.66e-08 0.002
3.67e-08 0.00128906
3.68e-08 0.00248437
3.69e-08 0.00603906
3.7e-08 0.00951562
3.71e-08 0.01
3.72e-08 0.00633594
3.73e-08 0.00165625
3.74e-08 -0.000679688
3.75e-08 0.000265624
3.76e-08 0.002
3.77e-08 0.00180469
3.78e-08 0.000507812
3.79e-08 2.34367e-05
3.8e-08 0.000976562
3.81e-08 0.002
3.82e-08 0.00150781
3.83e-08 0.000406249
3.84e-08 2.34367e-05
3.85e-08 0.000367187
3.86e-08 -8.34465e-10
3.87e-08 -0.00185938
3.88e-08 -0.00364844
3.89e-08 -0.00375781
3.9e-08 -0.00254688
3.91e-08 -0.002
3.92e-08 -0.00324219
3.93e-08 -0.00426563
3.94e-08 -0.00292188
3.95e-08 9.37492e-05
3.96e-08 0.002
3.97e-08 0.000859374
3.98e-08 -0.0013125
3.99e-08 -0.00191406
4e-08 -0.000703126
4.01e-08 -8.34465e-10
4.02e-08 -0.00165625
4.03e-08 -0.0036875
4.04e-08 -0.00344531
4.05e-08 -0.000710938
4.06e-08 0.002
4.07e-08 0.00216406
4.08e-08 0.000742187
4.09e-08 -0.000265626
4.1e-08 -0.000132813
4.11e-08 -8.34465e-10
4.12e-08 -0.000835938
4.13e-08 -0.000773438
4.14e-08 0.00144531
4.15e-08 0.00405469
4.16e-08 0.004
4.17e-08 0.000124999
4.18e-08 -0.00353125
4.19e-08 -0.00307031
4.2e-08 0.000929687
4.21e-08 0.004
4.22e-08 0.00260156
4.23e-08 -0.000773438
4.24e-08 -0.00214063
4.25e-08 -0.000296876
4.26e-08 0.002
4.27e-08 0.00171094
4.28e-08 0.000328124
4.29e-08 0.000445312
4.3e-08 0.00242969
4.31e-08 0.004
4.32e-08 0.00301562
4.33e-08 0.000898437
4.34e-08 -0.000343751
4.35e-08 -0.000140626
4.36e-08 -8.34465e-10
4.37e-08 -0.001125
4.38e-08 -0.002125
4.39e-08 -0.00126563
4.4e-08 0.00139062
4.41e-08 0.004
4.42e-08 0.00465625
4.43e-08 0.00319531
4.44e-08 0.000882812
4.45e-08 -0.000382813
4.46e-08 -8.34465e-10
4.47e-08 0.00134375
4.48e-08 0.00211719
4.49e-08 0.00148437
4.5e-08 0.000226562
4.51e-08 -8.34465e-10
4.52e-08 0.00182031
4.53e-08 0.00475
4.54e-08 0.00675781
4.55e-08 0.00632812
4.56e-08 0.004
4.57e-08 0.00136719
4.58e-08 -3.90633e-05
4.59e-08 0.000382812
4.6e-08 0.00211719
4.61e-08 0.004
4.62e-08 0.00489062
4.63e-08 0.00458594
4.64e-08 0.00333594
4.65e-08 0.00170312
4.66e-08 -8.34465e-10
4.67e-08 -0.00154688
4.68e-08 -0.0021875
4.69e-08 -0.00150781
4.7e-08 -0.000335938
4.71e-08 -8.34465e-10
4.72e-08 -0.00101563
4.73e-08 -0.00196094
4.74e-08 -0.00155469
4.75e-08 -0.000320313
4.76e-08 -8.34465e-10
4.77e-08 -0.00134375
4.78e-08 -0.00227344
4.79e-08 -0.000968751
4.8e-08 0.00145312
4.81e-08 0.002
4.82e-08 -0.00100781
4.83e-08 -0.004875
4.84e-08 -0.00607813
4.85e-08 -0.00360938
4.86e-08 -8.34465e-10
4.87e-08 0.00157812
4.88e-08 0.000828124
4.89e-08 -0.000640626
4.9e-08 -0.00100781
4.91e-08 -8.34465e-10
4.92e-08 0.00139062
4.93e-08 0.00213281
4.94e-08 0.00160156
4.95e-08 -2.34383e-05
4.96e-08 -0.002
4.97e-08 -0.00325781
4.98e-08 -0.002875
4.99e-08 -0.000867188
5e-08 0.00122656
5.01e-08 0.002
5.02e-08 0.00138281
5.03e-08 0.00135156
5.04e-08 0.00324219
5.05e-08 0.00564844
5.06e-08 0.006
5.07e-08 0.00314844
5.08e-08 0.000304687
5.09e-08 0.000851562
5.1e-08 0.00459375
5.11e-08 0.008
5.12e-08 0.00770312
5.13e-08 0.00524219
5.14e-08 0.00341406
5.15e-08 0.00350781
5.16e-08 0.004
5.17e-08 0.00307031
5.18e-08 0.00203125
5.19e-08 0.0025625
5.2e-08 0.00453125
5.21e-08 0.006
5.22e-08 0.00523437
5.23e-08 0.00308594
5.24e-08 0.00125781
5.25e-08 0.00105469
5.26e-08 0.002
5.27e-08 0.0028125
5.28e-08 0.0025625
5.29e-08 0.00127344
5.3e-08 7.81242e-05
5.31e-08 -8.34465e-10
5.32e-08 0.00107031
5.33e-08 0.00200781
5.34e-08 0.00155469
5.35e-08 -0.000210938
5.36e-08 -0.002
5.37e-08 -0.00230469
5.38e-08 -0.000968751
5.39e-08 0.000882812
5.4e-08 0.0014375
5.41e-08 -8.34465e-10
5.42e-08 -0.00254688
5.43e-08 -0.004125
5.44e-08 -0.00322656
5.45e-08 -0.000476563
5.46e-08 0.002
5.47e-08 0.00236719
5.48e-08 0.000945312
5.49e-08 -0.000710938
5.5e-08 -0.00103125
5.51e-08 -8.34465e-10
5.52e-08 0.00135937
5.53e-08 0.00207031
5.54e-08 0.00167187
5.55e-08 0.000679687
5.56e-08 -8.34465e-10
5.57e-08 3.12492e-05
5.58e-08 0.000101562
5.59e-08 -0.000359376
5.6e-08 -0.000773438
5.61e-08 -8.34465e-10
5.62e-08 0.00227344
5.63e-08 0.004
5.64e-08 0.00324219
5.65e-08 0.000445312
5.66e-08 -0.002
5.67e-08 -0.00210156
5.68e-08 -0.000742188
5.69e-08 0.000343749
5.7e-08 0.000296874
5.71e-08 -8.34465e-10
5.72e-08 0.000601562
5.73e-08 0.00164062
5.74e-08 0.00207031
5.75e-08 0.00134375
5.76e-08 -8.34465e-10
5.77e-08 -0.000921876
5.78e-08 -0.000625001
5.79e-08 0.000812499
5.8e-08 0.00208594
5.81e-08 0.002
5.82e-08 0.000484374
5.83e-08 -0.000351563
5.84e-08 0.00102344
5.85e-08 0.00338281
5.86e-08 0.004
5.87e-08 0.00142187
5.88e-08 -0.00142969
5.89e-08 -0.00153125
5.9e-08 0.000734374
5.91e-08 0.002
5.92e-08 3.12492e-05
5.93e-08 -0.00203906
5.94e-08 -0.000703126
5.95e-08 0.00338281
5.96e-08 0.006
5.97e-08 0.0038125
5.98e-08 -0.000421876
5.99e-08 -0.00239844
6e-08 -0.000648438
6.01e-08 0.002
6.02e-08 0.00239844
6.03e-08 0.00196094
6.04e-08 0.00271875
6.05e-08 0.00423437
6.06e-08 0.004
6.07e-08 0.000648437
6.08e-08 -0.00203125
6.09e-08 -0.000648438
6.1e-08 0.0035625
6.11e-08 0.006
6.12e-08 0.0035
6.13e-08 -0.000640626
6.14e-08 -0.0020625
6.15e-08 3.12492e-05
6.16e-08 0.002
6.17e-08 0.000406249
6.18e-08 -0.00282813
6.19e-08 -0.0041875
6.2e-08 -0.00246094
6.21e-08 -8.34465e-10
6.22e-08 0.000539062
6.23e-08 5.46867e-05
6.24e-08 0.000476562
6.25e-08 0.00227344
6.26e-08 0.004
6.27e-08 0.00397656
6.28e-08 0.00275781
6.29e-08 0.00147656
6.3e-08 0.000742187
6.31e-08 -8.34465e-10
6.32e-08 -0.00126563
6.33e-08 -0.00205469
6.34e-08 -0.00157031
6.35e-08 -0.000406251
6.36e-08 -8.34465e-10
6.37e-08 -0.00107031
6.38e-08 -0.00205469
6.39e-08 -0.00135938
6.4e-08 0.000640624
6.41e-08 0.002
6.42e-08 0.00138281
6.43e-08 0.000234374
6.44e-08 0.000312499
6.45e-08 0.00151562
6.46e-08 0.002
6.47e-08 0.000429687
6.48e-08 -0.00154688
6.49e-08 -0.00178906
6.5e-08 1.56242e-05
6.51e-08 0.002
6.52e-08 0.00217969
6.53e-08 0.000835937
6.54e-08 -0.000593751
6.55e-08 -0.000828126
6.56e-08 -8.34465e-10
6.57e-08 0.00100781
6.58e-08 0.00177344
6.59e-08 0.00216406
6.6e-08 0.00220312
6.61e-08 0.002
6.62e-08 0.00172656
6.63e-08 0.0018125
6.64e-08 0.00226562
6.65e-08 0.00252344
6.66e-08 0.002
6.67e-08 0.000718749
6.68e-08 -7.81258e-05
6.69e-08 0.000460937
6.7e-08 0.00165625
6.71e-08 0.002
6.72e-08 0.000789062
6.73e-08 -0.000156251
6.74e-08 0.000804687
6.75e-08 0.00296094
6.76e-08 0.004
6.77e-08 0.00242969
6.78e-08 0.000398437
6.79e-08 0.000414062
6.8e-08 0.00246094
6.81e-08 0.004
6.82e-08 0.00283594
6.83e-08 0.000703124
6.84e-08 7.81167e-06
6.85e-08 0.00110937
6.86e-08 0.002
6.87e-08 0.000953124
6.88e-08 -0.000101563
6.89e-08 0.000882812
6.9e-08 0.0031875
6.91e-08 0.004
6.92e-08 0.00158594
6.93e-08 -0.00132031
6.94e-08 -0.00165625
6.95e-08 0.000492187
6.96e-08 0.002
6.97e-08 0.000492187
6.98e-08 -0.00165625
6.99e-08 -0.00135156
