-3e-08 0.000312499
-2.99e-08 -0.000109376
-2.98e-08 0.000554687
-2.97e-08 0.002
-2.96e-08 0.00310937
-2.95e-08 0.00279687
-2.94e-08 0.000914062
-2.93e-08 -0.00117969
-2.92e-08 -0.002
-2.91e-08 -0.000937501
-2.9e-08 0.00111719
-2.89e-08 0.00252344
-2.88e-08 0.00203125
-2.87e-08 -8.34465e-10
-2.86e-08 -0.00207813
-2.85e-08 -0.00257813
-2.84e-08 -0.00100781
-2.83e-08 0.00115625
-2.82e-08 0.002
-2.81e-08 0.000671874
-2.8e-08 -0.00133594
-2.79e-08 -0.00210938
-2.78e-08 -0.0011875
-2.77e-08 -8.34465e-10
-2.76e-08 5.46867e-05
-2.75e-08 -0.000156251
-2.74e-08 0.000593749
-2.73e-08 0.001875
-2.72e-08 0.002
-2.71e-08 2.34367e-05
-2.7e-08 -0.0018125
-2.69e-08 -0.00139844
-2.68e-08 0.000734374
-2.67e-08 0.002
-2.66e-08 0.000773437
-2.65e-08 -0.000312501
-2.64e-08 0.00126562
-2.63e-08 0.00453125
-2.62e-08 0.006
-2.61e-08 0.00325781
-2.6e-08 -0.000718751
-2.59e-08 -0.00215625
-2.58e-08 -0.000234376
-2.57e-08 0.002
-2.56e-08 0.00140625
-2.55e-08 -0.000937501
-2.54e-08 -0.00242188
-2.53e-08 -0.00167188
-2.52e-08 -8.34465e-10
-2.51e-08 0.000640624
-2.5e-08 0.000304687
-2.49e-08 -0.000117188
-2.48e-08 -9.37508e-05
-2.47e-08 -8.34465e-10
-2.46e-08 -0.000203126
-2.45e-08 -0.000226563
-2.44e-08 0.000429687
-2.43e-08 0.00144531
-2.42e-08 0.002
-2.41e-08 0.00144531
-2.4e-08 0.000429687
-2.39e-08 -0.000203126
-2.38e-08 -0.000171876
-2.37e-08 -8.34465e-10
-2.36e-08 -8.34465e-10
-2.35e-08 0.00100781
-2.34e-08 0.00335156
-2.33e-08 0.00510156
-2.32e-08 0.004
-2.31e-08 -0.000226563
-2.3e-08 -0.00369531
-2.29e-08 -0.00302344
-2.28e-08 0.000945312
-2.27e-08 0.004
-2.26e-08 0.00282031
-2.25e-08 -0.000593751
-2.24e-08 -0.00246094
-2.23e-08 -0.000953126
-2.22e-08 0.002
-2.21e-08 0.00333594
-2.2e-08 0.00274219
-2.19e-08 0.00140625
-2.18e-08 0.000499999
-2.17e-08 -8.34465e-10
-2.16e-08 -0.000460938
-2.15e-08 -0.000359376
-2.14e-08 0.000546874
-2.13e-08 0.00163281
-2.12e-08 0.002
-2.11e-08 0.00128906
-2.1e-08 0.000289062
-2.09e-08 -3.12508e-05
-2.08e-08 0.000718749
-2.07e-08 0.002
-2.06e-08 0.00282812
-2.05e-08 0.00255469
-2.04e-08 0.00127344
-2.03e-08 9.37492e-05
-2.02e-08 -8.34465e-10
-2.01e-08 0.00103125
-2e-08 0.0019375
-1.99e-08 0.00167187
-1.98e-08 0.000593749
-1.97e-08 -8.34465e-10
-1.96e-08 0.000734374
-1.95e-08 0.0018125
-1.94e-08 0.00175
-1.93e-08 0.000117187
-1.92e-08 -0.002
-1.91e-08 -0.00288281
-1.9e-08 -0.00147656
-1.89e-08 0.00169531
-1.88e-08 0.00415625
-1.87e-08 0.004
-1.86e-08 0.001125
-1.85e-08 -0.00155469
-1.84e-08 -0.00153906
-1.83e-08 0.000648437
-1.82e-08 0.002
-1.81e-08 0.000460937
-1.8e-08 -0.001625
-1.79e-08 -0.0014375
-1.78e-08 0.000789062
-1.77e-08 0.002
-1.76e-08 -9.37508e-05
-1.75e-08 -0.00316406
-1.74e-08 -0.00382813
-1.73e-08 -0.00124219
-1.72e-08 0.002
-1.71e-08 0.00285937
-1.7e-08 0.00122656
-1.69e-08 -0.000984376
-1.68e-08 -0.00152344
-1.67e-08 -8.34465e-10
-1.66e-08 0.00232031
-1.65e-08 0.00389062
-1.64e-08 0.00366406
-1.63e-08 0.00191406
-1.62e-08 -8.34465e-10
-1.61e-08 -0.000664063
-1.6e-08 0.000726562
-1.59e-08 0.00335937
-1.58e-08 0.0049375
-1.57e-08 0.004
-1.56e-08 0.000867187
-1.55e-08 -0.00167188
-1.54e-08 -0.00149219
-1.53e-08 0.000679687
-1.52e-08 0.002
-1.51e-08 0.000539062
-1.5e-08 -0.00155469
-1.49e-08 -0.00155469
-1.48e-08 0.000539062
-1.47e-08 0.002
-1.46e-08 0.000617187
-1.45e-08 -0.00150781
-1.44e-08 -0.001625
-1.43e-08 0.000421874
-1.42e-08 0.002
-1.41e-08 0.000882812
-1.4e-08 -0.00130469
-1.39e-08 -0.00196875
-1.38e-08 -0.000257813
-1.37e-08 0.002
-1.36e-08 0.00247656
-1.35e-08 0.00108594
-1.34e-08 -0.000953126
-1.33e-08 -0.00208594
-1.32e-08 -0.002
-1.31e-08 -0.00121875
-1.3e-08 -0.000335938
-1.29e-08 0.000226562
-1.28e-08 0.000265624
-1.27e-08 -8.34465e-10
-1.26e-08 -0.000210938
-1.25e-08 -0.000125001
-1.24e-08 0.000132812
-1.23e-08 0.000234374
-1.22e-08 -8.34465e-10
-1.21e-08 -0.000398438
-1.2e-08 -0.000335938
-1.19e-08 0.000523437
-1.18e-08 0.00159375
-1.17e-08 0.002
-1.16e-08 0.00126562
-1.15e-08 0.000296874
-1.14e-08 7.81167e-06
-1.13e-08 0.000265624
-1.12e-08 -8.34465e-10
-1.11e-08 -0.0013125
-1.1e-08 -0.00217969
-1.09e-08 -0.00128125
-1.08e-08 0.000757812
-1.07e-08 0.002
-1.06e-08 0.00125
-1.05e-08 0.000109374
-1.04e-08 0.000507812
-1.03e-08 0.00244531
-1.02e-08 0.004
-1.01e-08 0.00330469
-1e-08 0.001125
-9.9e-09 -0.000742188
-9.8e-09 -0.000960938
-9.7e-09 -8.34465e-10
-9.6e-09 0.000976562
-9.5e-09 0.00172656
-9.4e-09 0.00228906
-9.3e-09 0.00246094
-9.2e-09 0.002
-9.1e-09 0.000945312
-9e-09 0.000101562
-8.9e-09 0.000132812
-8.8e-09 0.000992187
-8.7e-09 0.002
-8.6e-09 0.002375
-8.5e-09 0.0021875
-8.4e-09 0.00185156
-8.3e-09 0.00178906
-8.2e-09 0.002
-8.1e-09 0.0020625
-8e-09 0.00210937
-7.9e-09 0.00183594
-7.8e-09 0.000601562
-7.7e-09 -0.002
-7.6e-09 -0.00530469
-7.5e-09 -0.00661719
-7.4e-09 -0.00453906
-7.3e-09 -0.00114844
-7.2e-09 -8.34465e-10
-7.1e-09 -0.00278125
-7e-09 -0.00669531
-6.9e-09 -0.00821094
-6.8e-09 -0.00690625
-6.7e-09 -0.006
-6.6e-09 -0.00797656
-6.5e-09 -0.0110781
-6.4e-09 -0.0119219
-6.3e-09 -0.00946094
-6.2e-09 -0.006
-6.1e-09 -0.00392188
-6e-09 -0.00272656
-5.9e-09 -0.000851563
-5.8e-09 0.00180469
-5.7e-09 0.004
-5.6e-09 0.00419531
-5.5e-09 0.00285937
-5.4e-09 0.0013125
-5.3e-09 0.000968749
-5.2e-09 0.002
-5.1e-09 0.00332031
-5e-09 0.00409375
-4.9e-09 0.00360156
-4.8e-09 0.00196094
-4.7e-09 -8.34465e-10
-4.6e-09 -0.00128906
-4.5e-09 -0.000851563
-4.4e-09 0.00110156
-4.3e-09 0.00261719
-4.2e-09 0.002
-4.1e-09 -0.000625001
-4e-09 -0.00232813
-3.9e-09 -0.000710938
-3.8e-09 0.00317969
-3.7e-09 0.006
-3.6e-09 0.00528906
-3.5e-09 0.0029375
-3.4e-09 0.00182812
-3.3e-09 0.00285937
-3.2e-09 0.004
-3.1e-09 0.00295312
-3e-09 0.000835937
-2.9e-09 -0.000281251
-2.8e-09 0.000515624
-2.7e-09 0.002
-2.6e-09 0.0024375
-2.5e-09 0.00217187
-2.4e-09 0.00205469
-2.3e-09 0.00224219
-2.2e-09 0.002
-2.1e-09 0.000828124
-2e-09 1.56242e-05
-1.9e-09 0.000390624
-1.8e-09 0.000984374
-1.7e-09 -8.34465e-10
-1.6e-09 -0.00288281
-1.5e-09 -0.00450781
-1.4e-09 -0.00239844
-1.3e-09 0.0018125
-1.2e-09 0.004
-1.1e-09 0.00161719
-1e-09 -0.00253125
-9e-10 -0.00432031
-8e-10 -0.00252344
-7e-10 -8.34465e-10
-6e-10 0.000109374
-5e-10 -0.00139063
-4e-10 -0.00200781
-3e-10 -0.000484376
-2e-10 0.002
-1e-10 0.00353125
0 0.00401562
1e-10 0.00404687
2e-10 0.00408594
3e-10 0.004
4e-10 0.00341406
5e-10 0.00246875
6e-10 0.00157812
7e-10 0.00136719
8e-10 0.002
9e-10 0.00309375
1e-09 0.00392187
1.1e-09 0.00379687
1.2e-09 0.002875
1.3e-09 0.002
1.4e-09 0.00197656
1.5e-09 0.003125
1.6e-09 0.00485937
1.7e-09 0.00602344
1.8e-09 0.006
1.9e-09 0.00473437
2e-09 0.00290625
2.1e-09 0.00122656
2.2e-09 0.000320312
2.3e-09 -8.34465e-10
2.4e-09 -0.000296876
2.5e-09 -0.00125
2.6e-09 -0.00289063
2.7e-09 -0.00414844
2.8e-09 -0.004
2.9e-09 -0.0023125
3e-09 -0.000546876
3.1e-09 0.000140624
3.2e-09 -0.000109376
3.3e-09 -8.34465e-10
3.4e-09 0.00130469
3.5e-09 0.00228125
3.6e-09 0.00104687
3.7e-09 -0.00233594
3.8e-09 -0.006
3.9e-09 -0.00775781
4e-09 -0.007125
4.1e-09 -0.00479688
4.2e-09 -0.0021875
4.3e-09 -8.34465e-10
4.4e-09 0.00140625
4.5e-09 0.00213281
4.6e-09 0.00145312
4.7e-09 -0.000273438
4.8e-09 -0.002
4.9e-09 -0.00417188
5e-09 -0.00563281
5.1e-09 -0.00639063
5.2e-09 -0.00589063
5.3e-09 -0.004
5.4e-09 -0.00310938
5.5e-09 -0.006875
5.6e-09 -0.0187578
5.7e-09 -0.0365469
5.8e-09 -0.056
5.9e-09 -0.0716484
6e-09 -0.0817109
6.1e-09 -0.0851641
6.2e-09 -0.0825469
6.3e-09 -0.076
6.4e-09 -0.0655625
6.5e-09 -0.0547656
6.6e-09 -0.0455234
6.7e-09 -0.0415234
6.8e-09 -0.044
6.9e-09 -0.0497188
7e-09 -0.0560703
7.1e-09 -0.0585156
7.2e-09 -0.0556328
7.3e-09 -0.05
7.4e-09 -0.0430547
7.5e-09 -0.0350781
7.6e-09 -0.0243047
7.7e-09 -0.0115625
7.8e-09 0.002
7.9e-09 0.013875
8e-09 0.0228047
8.1e-09 0.0284219
8.2e-09 0.0319141
8.3e-09 0.036
8.4e-09 0.0392266
8.5e-09 0.0427734
8.6e-09 0.0440938
8.7e-09 0.0434609
8.8e-09 0.044
8.9e-09 0.04425
9e-09 0.0450469
9.1e-09 0.0416406
9.2e-09 0.0306719
9.3e-09 0.012
9.4e-09 -0.0121641
9.5e-09 -0.0369453
9.6e-09 -0.0573672
9.7e-09 -0.0694063
9.8e-09 -0.076
9.9e-09 -0.0775859
1e-08 -0.077375
1.01e-08 -0.0735
1.02e-08 -0.0663125
1.03e-08 -0.058
1.04e-08 -0.0473828
1.05e-08 -0.0372188
1.06e-08 -0.0263906
1.07e-08 -0.0163438
1.08e-08 -0.008
1.09e-08 -0.000382813
1.1e-08 0.00760156
1.11e-08 0.0166094
1.12e-08 0.0245547
1.13e-08 0.03
1.14e-08 0.0315391
1.15e-08 0.0327109
1.16e-08 0.0358672
1.17e-08 0.0408516
1.18e-08 0.046
1.19e-08 0.048
1.2e-08 0.0490859
1.21e-08 0.0513672
1.22e-08 0.0553516
1.23e-08 0.06
1.24e-08 0.0623203
1.25e-08 0.0626406
1.26e-08 0.0612109
1.27e-08 0.0583359
1.28e-08 0.054
1.29e-08 0.0485313
1.3e-08 0.0446719
1.31e-08 0.0440391
1.32e-08 0.0465
1.33e-08 0.05
1.34e-08 0.051375
1.35e-08 0.0528359
1.36e-08 0.0554297
1.37e-08 0.0588359
1.38e-08 0.062
1.39e-08 0.0624453
1.4e-08 0.0616719
1.41e-08 0.0580781
1.42e-08 0.0481094
1.43e-08 0.028
1.44e-08 -0.00120313
1.45e-08 -0.0317578
1.46e-08 -0.0529609
1.47e-08 -0.0574609
1.48e-08 -0.05
1.49e-08 -0.0362578
1.5e-08 -0.0234453
1.51e-08 -0.0129297
1.52e-08 -0.00555469
1.53e-08 -8.34465e-10
1.54e-08 0.006625
1.55e-08 0.0140234
1.56e-08 0.0220625
1.57e-08 0.0284844
1.58e-08 0.032
1.59e-08 0.0321797
1.6e-08 0.0298984
1.61e-08 0.0257188
1.62e-08 0.0223047
1.63e-08 0.022
1.64e-08 0.0239141
1.65e-08 0.0267422
1.66e-08 0.0286641
1.67e-08 0.0297422
1.68e-08 0.032
1.69e-08 0.035875
1.7e-08 0.0394219
1.71e-08 0.0395625
1.72e-08 0.0351484
1.73e-08 0.028
1.74e-08 0.0212656
1.75e-08 0.0169453
1.76e-08 0.0155391
1.77e-08 0.0163594
1.78e-08 0.018
1.79e-08 0.0197656
1.8e-08 0.0222969
1.81e-08 0.0259141
1.82e-08 0.0295547
1.83e-08 0.032
1.84e-08 0.0316484
1.85e-08 0.0305781
1.86e-08 0.0295859
1.87e-08 0.0284609
1.88e-08 0.026
1.89e-08 0.0205938
1.9e-08 0.0147578
1.91e-08 0.00980469
1.92e-08 0.00521875
1.93e-08 -0.002
1.94e-08 -0.0132031
1.95e-08 -0.0272266
1.96e-08 -0.0395625
1.97e-08 -0.0461094
1.98e-08 -0.048
1.99e-08 -0.0448047
2e-08 -0.0385703
2.01e-08 -0.0285859
2.02e-08 -0.0175156
2.03e-08 -0.008
2.04e-08 0.000312499
2.05e-08 0.00891406
2.06e-08 0.0197891
2.07e-08 0.0304688
2.08e-08 0.038
2.09e-08 0.0401406
2.1e-08 0.0411094
2.11e-08 0.0435469
2.12e-08 0.0467969
2.13e-08 0.048
2.14e-08 0.0430781
2.15e-08 0.0365703
2.16e-08 0.0324609
2.17e-08 0.0324453
2.18e-08 0.034
2.19e-08 0.0327734
2.2e-08 0.0286797
2.21e-08 0.0235625
2.22e-08 0.0199453
2.23e-08 0.018
2.24e-08 0.0169687
2.25e-08 0.0151875
2.26e-08 0.0126953
2.27e-08 0.011125
2.28e-08 0.012
2.29e-08 0.0164687
2.3e-08 0.0228594
2.31e-08 0.0285391
2.32e-08 0.0313594
2.33e-08 0.032
2.34e-08 0.0313984
2.35e-08 0.0305859
2.36e-08 0.0291406
2.37e-08 0.0274141
2.38e-08 0.026
2.39e-08 0.0239609
2.4e-08 0.0206641
2.41e-08 0.0146953
2.42e-08 0.00721875
2.43e-08 -8.34465e-10
2.44e-08 -0.005625
2.45e-08 -0.0100469
2.46e-08 -0.0139297
2.47e-08 -0.0172344
2.48e-08 -0.02
2.49e-08 -0.0210156
2.5e-08 -0.0216953
2.51e-08 -0.0223047
2.52e-08 -0.0225547
2.53e-08 -0.022
2.54e-08 -0.0193125
2.55e-08 -0.0158125
2.56e-08 -0.0123438
2.57e-08 -0.0098125
2.58e-08 -0.008
2.59e-08 -0.00620313
2.6e-08 -0.00460156
2.61e-08 -0.00354688
2.62e-08 -0.00339844
2.63e-08 -0.004
2.64e-08 -0.0050625
2.65e-08 -0.00583594
2.66e-08 -0.00601563
2.67e-08 -0.00592188
2.68e-08 -0.006
2.69e-08 -0.00599219
2.7e-08 -0.00405469
2.71e-08 0.000703124
2.72e-08 0.00576562
2.73e-08 0.008
2.74e-08 0.0059375
2.75e-08 0.00280469
2.76e-08 0.00224219
2.77e-08 0.00489062
2.78e-08 0.008
2.79e-08 0.00850781
2.8e-08 0.00799219
2.81e-08 0.00863281
2.82e-08 0.0106406
2.83e-08 0.012
2.84e-08 0.0103516
2.85e-08 0.007375
2.86e-08 0.00516406
2.87e-08 0.00451562
2.88e-08 0.004
2.89e-08 0.00217969
2.9e-08 0.000414062
2.91e-08 8.59367e-05
2.92e-08 0.00115625
2.93e-08 0.002
2.94e-08 0.000953124
2.95e-08 -0.00107813
2.96e-08 -0.00255469
2.97e-08 -0.00260156
2.98e-08 -0.002
2.99e-08 -0.00197656
3e-08 -0.00299219
3.01e-08 -0.0050625
3.02e-08 -0.00801563
3.03e-08 -0.012
3.04e-08 -0.0161641
3.05e-08 -0.0193281
3.06e-08 -0.0199922
3.07e-08 -0.0183125
3.08e-08 -0.016
3.09e-08 -0.0136484
3.1e-08 -0.0113984
3.11e-08 -0.00823438
3.12e-08 -0.00471875
3.13e-08 -0.002
3.14e-08 -0.000531251
3.15e-08 0.000882812
3.16e-08 0.00351562
3.17e-08 0.00696094
3.18e-08 0.01
3.19e-08 0.01125
3.2e-08 0.0127734
3.21e-08 0.0155937
3.22e-08 0.0186406
3.23e-08 0.02
3.24e-08 0.0174062
3.25e-08 0.0126406
3.26e-08 0.00771875
3.27e-08 0.00438281
3.28e-08 0.002
3.29e-08 -0.000906251
3.3e-08 -0.00435938
3.31e-08 -0.00740625
3.32e-08 -0.00867188
3.33e-08 -0.008
3.34e-08 -0.00575
3.35e-08 -0.00314844
3.36e-08 -0.00107031
3.37e-08 -0.000125001
3.38e-08 -8.34465e-10
3.39e-08 -7.81333e-06
3.4e-08 5.46867e-05
3.41e-08 -0.000187501
3.42e-08 -0.000906251
3.43e-08 -0.002
3.44e-08 -0.00351563
3.45e-08 -0.005125
3.46e-08 -0.00692969
3.47e-08 -0.00860156
3.48e-08 -0.01
3.49e-08 -0.0112578
3.5e-08 -0.0129219
3.51e-08 -0.015125
3.52e-08 -0.0175391
3.53e-08 -0.02
3.54e-08 -0.0214766
3.55e-08 -0.0221016
3.56e-08 -0.021625
3.57e-08 -0.0206641
3.58e-08 -0.02
3.59e-08 -0.018875
3.6e-08 -0.0162813
3.61e-08 -0.0111094
3.62e-08 -0.00494531
3.63e-08 -8.34465e-10
3.64e-08 0.00235937
3.65e-08 0.0034375
3.66e-08 0.0049375
3.67e-08 0.006875
3.68e-08 0.008
3.69e-08 0.00700781
3.7e-08 0.00596875
3.71e-08 0.006625
3.72e-08 0.00864844
3.73e-08 0.01
3.74e-08 0.00878906
3.75e-08 0.00667187
3.76e-08 0.0059375
3.77e-08 0.00747656
3.78e-08 0.01
3.79e-08 0.0115469
3.8e-08 0.0119844
3.81e-08 0.0120859
3.82e-08 0.0127031
3.83e-08 0.014
3.84e-08 0.0151484
3.85e-08 0.0159141
3.86e-08 0.015875
3.87e-08 0.0150703
3.88e-08 0.014
3.89e-08 0.0128125
3.9e-08 0.0122109
3.91e-08 0.0117812
3.92e-08 0.010625
3.93e-08 0.008
3.94e-08 0.00414062
3.95e-08 0.000914062
3.96e-08 -0.000328126
3.97e-08 3.90617e-05
3.98e-08 -8.34465e-10
3.99e-08 -0.00158594
4e-08 -0.00351563
4.01e-08 -0.00389063
4.02e-08 -0.00221875
4.03e-08 -8.34465e-10
4.04e-08 0.00103125
4.05e-08 0.000593749
4.06e-08 -0.000546876
4.07e-08 -0.00142969
4.08e-08 -0.002
4.09e-08 -0.00288281
4.1e-08 -0.0046875
4.11e-08 -0.00746094
4.12e-08 -0.0101953
4.13e-08 -0.012
4.14e-08 -0.0120703
4.15e-08 -0.0108359
4.16e-08 -0.00919531
4.17e-08 -0.0086875
4.18e-08 -0.01
4.19e-08 -0.0119609
4.2e-08 -0.0126797
4.21e-08 -0.0105625
4.22e-08 -0.0068125
4.23e-08 -0.004
4.24e-08 -0.00333594
4.25e-08 -0.00286719
4.26e-08 -0.000390626
4.27e-08 0.00342187
4.28e-08 0.006
4.29e-08 0.00529687
4.3e-08 0.00397656
4.31e-08 0.0049375
4.32e-08 0.0079375
4.33e-08 0.01
4.34e-08 0.00838281
4.35e-08 0.00527344
4.36e-08 0.00351562
4.37e-08 0.00382031
4.38e-08 0.004
4.39e-08 0.00207812
4.4e-08 0.000109374
4.41e-08 0.000804687
4.42e-08 0.00426562
4.43e-08 0.008
4.44e-08 0.00949219
4.45e-08 0.00982031
4.46e-08 0.0105859
4.47e-08 0.0118125
4.48e-08 0.012
4.49e-08 0.00975781
4.5e-08 0.00699219
4.51e-08 0.00558594
4.52e-08 0.00584375
4.53e-08 0.006
4.54e-08 0.00416406
4.55e-08 0.00132812
4.56e-08 -0.000906251
4.57e-08 -0.00170313
4.58e-08 -0.002
4.59e-08 -0.00272656
4.6e-08 -0.00366406
4.61e-08 -0.00403906
4.62e-08 -0.00383594
4.63e-08 -0.004
4.64e-08 -0.00480469
4.65e-08 -0.0058125
4.66e-08 -0.00584375
4.67e-08 -0.004375
4.68e-08 -0.002
4.69e-08 0.000328124
4.7e-08 0.00172656
4.71e-08 0.00209375
4.72e-08 0.0019375
4.73e-08 0.002
4.74e-08 0.00260156
4.75e-08 0.00359375
4.76e-08 0.00425
4.77e-08 0.00375
4.78e-08 0.002
4.79e-08 -0.000164063
4.8e-08 -0.000718751
4.81e-08 0.00130469
4.82e-08 0.00435156
4.83e-08 0.006
4.84e-08 0.00510937
4.85e-08 0.00396094
4.86e-08 0.00482812
4.87e-08 0.00710156
4.88e-08 0.008
4.89e-08 0.00555469
4.9e-08 0.00261719
4.91e-08 0.00242969
4.92e-08 0.00523437
4.93e-08 0.008
4.94e-08 0.00773437
4.95e-08 0.00638281
4.96e-08 0.00632812
4.97e-08 0.00765625
4.98e-08 0.008
4.99e-08 0.00522656
5e-08 0.00145312
5.01e-08 -0.000648438
5.02e-08 -0.000382813
5.03e-08 -8.34465e-10
5.04e-08 -0.00164844
5.05e-08 -0.00461719
5.06e-08 -0.00689063
5.07e-08 -0.00709375
5.08e-08 -0.006
5.09e-08 -0.00485156
5.1e-08 -0.00421875
5.11e-08 -0.00371094
5.12e-08 -0.00297656
5.13e-08 -0.002
5.14e-08 -0.000992188
5.15e-08 -0.000187501
5.16e-08 7.03117e-05
5.17e-08 -0.000546876
5.18e-08 -0.002
5.19e-08 -0.00367188
5.2e-08 -0.00427344
5.21e-08 -0.00339063
5.22e-08 -0.00211719
5.23e-08 -0.002
5.24e-08 -0.00360156
5.25e-08 -0.00553125
5.26e-08 -0.005875
5.27e-08 -0.00419531
5.28e-08 -0.002
5.29e-08 -0.000976563
5.3e-08 -0.00145313
5.31e-08 -0.00244531
5.32e-08 -0.00275781
5.33e-08 -0.002
5.34e-08 -0.000296876
5.35e-08 0.00241406
5.36e-08 0.00560937
5.37e-08 0.00777344
5.38e-08 0.008
5.39e-08 0.00625781
5.4e-08 0.00444531
5.41e-08 0.00400781
5.42e-08 0.00498437
5.43e-08 0.006
5.44e-08 0.00561719
5.45e-08 0.00451562
5.46e-08 0.00373437
5.47e-08 0.00378125
5.48e-08 0.004
5.49e-08 0.00342969
5.5e-08 0.0024375
5.51e-08 0.00175
5.52e-08 0.00175
5.53e-08 0.002
5.54e-08 0.00197656
5.55e-08 0.00195312
5.56e-08 0.00214844
5.57e-08 0.00234375
5.58e-08 0.002
5.59e-08 0.000882812
5.6e-08 7.03117e-05
5.61e-08 0.000257812
5.62e-08 0.000710937
5.63e-08 -8.34465e-10
5.64e-08 -0.00226563
5.65e-08 -0.00392188
5.66e-08 -0.00334375
5.67e-08 -0.00171875
5.68e-08 -0.002
5.69e-08 -0.00551563
5.7e-08 -0.00925781
5.71e-08 -0.00951563
5.72e-08 -0.00597656
5.73e-08 -0.002
5.74e-08 -0.000789063
5.75e-08 -0.00153906
5.76e-08 -0.00191406
5.77e-08 -0.000960938
5.78e-08 -8.34465e-10
5.79e-08 -0.000617188
5.8e-08 -0.00172656
5.81e-08 -0.00179688
5.82e-08 -0.000734376
5.83e-08 -8.34465e-10
5.84e-08 -0.000765626
5.85e-08 -0.0018125
5.86e-08 -0.00171875
5.87e-08 -0.000617188
5.88e-08 -8.34465e-10
5.89e-08 -0.000875001
5.9e-08 -0.00194531
5.91e-08 -0.00148438
5.92e-08 0.000398437
5.93e-08 0.002
5.94e-08 0.00203906
5.95e-08 0.00176562
5.96e-08 0.00272656
5.97e-08 0.0046875
5.98e-08 0.006
5.99e-08 0.00529687
6e-08 0.00415625
6.01e-08 0.00438281
6.02e-08 0.0061875
6.03e-08 0.008
6.04e-08 0.00796094
6.05e-08 0.00675
6.06e-08 0.00546094
6.07e-08 0.00473437
6.08e-08 0.004
6.09e-08 0.00247656
6.1e-08 0.000703124
6.11e-08 -0.000437501
6.12e-08 -0.000484376
6.13e-08 -8.34465e-10
6.14e-08 0.000304687
6.15e-08 0.000171874
6.16e-08 -0.000140626
6.17e-08 -0.000242188
6.18e-08 -8.34465e-10
6.19e-08 0.000609374
6.2e-08 0.00152344
6.21e-08 0.00245312
6.22e-08 0.00272656
6.23e-08 0.002
6.24e-08 0.000562499
6.25e-08 -0.000171876
6.26e-08 0.000554687
6.27e-08 0.00183594
6.28e-08 0.002
6.29e-08 0.000304687
6.3e-08 -0.00155469
6.31e-08 -0.00185156
6.32e-08 -0.000695313
6.33e-08 -8.34465e-10
6.34e-08 -0.00123438
6.35e-08 -0.0033125
6.36e-08 -0.00411719
6.37e-08 -0.00264063
6.38e-08 -8.34465e-10
6.39e-08 0.00199219
6.4e-08 0.00239062
6.41e-08 0.00146875
6.42e-08 0.000382812
6.43e-08 -8.34465e-10
6.44e-08 0.000523437
6.45e-08 0.00153125
6.46e-08 0.00228125
6.47e-08 0.00232031
6.48e-08 0.002
6.49e-08 0.00200781
6.5e-08 0.00309375
6.51e-08 0.005
6.52e-08 0.00633594
6.53e-08 0.006
6.54e-08 0.00375781
6.55e-08 0.00104687
6.56e-08 -0.000617188
6.57e-08 -0.000625001
6.58e-08 -8.34465e-10
6.59e-08 0.000117187
6.6e-08 -3.90633e-05
6.61e-08 0.000249999
6.62e-08 0.00111719
6.63e-08 0.002
6.64e-08 0.00223437
6.65e-08 0.00208594
6.66e-08 0.00201562
6.67e-08 0.00211719
6.68e-08 0.002
6.69e-08 0.00132031
6.7e-08 0.000390624
6.71e-08 -0.000265626
6.72e-08 -0.000320313
6.73e-08 -8.34465e-10
6.74e-08 0.000257812
6.75e-08 0.000195312
6.76e-08 -0.000226563
6.77e-08 -0.000976563
6.78e-08 -0.002
6.79e-08 -0.00288281
6.8e-08 -0.00267969
6.81e-08 -0.000984376
6.82e-08 0.0010625
6.83e-08 0.002
6.84e-08 0.00142969
6.85e-08 0.00136719
6.86e-08 0.00328125
6.87e-08 0.00575781
6.88e-08 0.006
6.89e-08 0.00260937
6.9e-08 -0.00110156
6.91e-08 -0.00176563
6.92e-08 0.000445312
6.93e-08 0.002
6.94e-08 0.000273437
6.95e-08 -0.001875
6.96e-08 -0.000937501
6.97e-08 0.00292187
6.98e-08 0.006
6.99e-08 0.00492969
