-1.5e-08 0.000242188
-1.49e-08 0
-1.48e-08 -0.000476563
-1.47e-08 -0.00100781
-1.46e-08 -0.00151563
-1.45e-08 -0.00189063
-1.44e-08 -0.002
-1.43e-08 -0.00180469
-1.42e-08 -0.001375
-1.41e-08 -0.000859375
-1.4e-08 -0.000382813
-1.39e-08 0
-1.38e-08 0.000132813
-1.37e-08 0.000109375
-1.36e-08 3.125e-05
-1.35e-08 -5.46875e-05
-1.34e-08 0
-1.33e-08 0.000265625
-1.32e-08 0.000671875
-1.31e-08 0.00116406
-1.3e-08 0.00165625
-1.29e-08 0.002
-1.28e-08 0.00211719
-1.27e-08 0.00192969
-1.26e-08 0.00146875
-1.25e-08 0.0008125
-1.24e-08 0
-1.23e-08 -0.0008125
-1.22e-08 -0.00145313
-1.21e-08 -0.00190625
-1.2e-08 -0.00210938
-1.19e-08 -0.002
-1.18e-08 -0.0016875
-1.17e-08 -0.00121875
-1.16e-08 -0.000726563
-1.15e-08 -0.0003125
-1.14e-08 0
-1.13e-08 0.000125
-1.12e-08 0.000101563
-1.11e-08 3.125e-05
-1.1e-08 -3.90625e-05
-1.09e-08 0
-1.08e-08 0.000210938
-1.07e-08 0.000554688
-1.06e-08 0.00102344
-1.05e-08 0.00153125
-1.04e-08 0.002
-1.03e-08 0.00234375
-1.02e-08 0.00248438
-1.01e-08 0.00246094
-1e-08 0.00228125
-9.9e-09 0.002
-9.8e-09 0.0016875
-9.7e-09 0.00147656
-9.6e-09 0.00144531
-9.5e-09 0.00160938
-9.4e-09 0.002
-9.3e-09 0.00253125
-9.2e-09 0.00307813
-9.1e-09 0.00357813
-9e-09 0.00391406
-8.9e-09 0.004
-8.8e-09 0.00379688
-8.7e-09 0.003375
-8.6e-09 0.00286719
-8.5e-09 0.00239063
-8.4e-09 0.002
-8.3e-09 0.0018125
-8.2e-09 0.00179688
-8.1e-09 0.001875
-8e-09 0.00198438
-7.9e-09 0.002
-7.8e-09 0.00182813
-7.7e-09 0.00150781
-7.6e-09 0.00103906
-7.5e-09 0.000507813
-7.4e-09 0
-7.3e-09 -0.000375
-7.2e-09 -0.000539063
-7.1e-09 -0.00053125
-7e-09 -0.000359375
-6.9e-09 0
-6.8e-09 0.00040625
-6.7e-09 0.00084375
-6.6e-09 0.00128906
-6.5e-09 0.00167188
-6.4e-09 0.002
-6.3e-09 0.00227344
-6.2e-09 0.00239063
-6.1e-09 0.00239063
-6e-09 0.00225781
-5.9e-09 0.002
-5.8e-09 0.00157813
-5.7e-09 0.00125
-5.6e-09 0.00125
-5.5e-09 0.00157813
-5.4e-09 0.002
-5.3e-09 0.00210938
-5.2e-09 0.00225
-5.1e-09 0.00267188
-5e-09 0.00332813
-4.9e-09 0.004
-4.8e-09 0.00461719
-4.7e-09 0.00482031
-4.6e-09 0.00439844
-4.5e-09 0.00342188
-4.4e-09 0.002
-4.3e-09 7.03125e-05
-4.2e-09 -0.00115625
-4.1e-09 -0.000757813
-4e-09 0.00123438
-3.9e-09 0.004
-3.8e-09 0.008125
-3.7e-09 0.00971875
-3.6e-09 0.00679688
-3.5e-09 -0.000851563
-3.4e-09 -0.016
-3.3e-09 -0.0367109
-3.2e-09 -0.0591016
-3.1e-09 -0.08175
-3e-09 -0.100523
-2.9e-09 -0.112
-2.8e-09 -0.114891
-2.7e-09 -0.108234
-2.6e-09 -0.0961719
-2.5e-09 -0.0812109
-2.4e-09 -0.064
-2.3e-09 -0.0495469
-2.2e-09 -0.0385469
-2.1e-09 -0.0299375
-2e-09 -0.0245625
-1.9e-09 -0.02
-1.8e-09 -0.0142266
-1.7e-09 -0.00884375
-1.6e-09 -0.00282813
-1.5e-09 0.00296094
-1.4e-09 0.008
-1.3e-09 0.0116328
-1.2e-09 0.0134219
-1.1e-09 0.0142891
-1e-09 0.0142969
-9e-10 0.014
-8e-10 0.0142266
-7e-10 0.0147109
-6e-10 0.0156797
-5e-10 0.0169375
-4e-10 0.018
-3e-10 0.0183984
-2e-10 0.0182188
-1e-10 0.0177891
0 0.0171641
1e-10 0.016
2e-10 0.0143125
3e-10 0.0126094
4e-10 0.0111953
5e-10 0.0103281
6e-10 0.01
7e-10 0.01
8e-10 0.0105469
9e-10 0.0115078
1e-09 0.0127031
1.1e-09 0.014
1.2e-09 0.0150313
1.3e-09 0.0157031
1.4e-09 0.016125
1.5e-09 0.01625
1.6e-09 0.016
1.7e-09 0.0156016
1.8e-09 0.0149375
1.9e-09 0.0140938
2e-09 0.0131797
2.1e-09 0.012
2.2e-09 0.0106953
2.3e-09 0.00942969
2.4e-09 0.00813281
2.5e-09 0.00699219
2.6e-09 0.006
2.7e-09 0.00521094
2.8e-09 0.00474219
2.9e-09 0.004375
3e-09 0.00413281
3.1e-09 0.004
3.2e-09 0.00385156
3.3e-09 0.00379688
3.4e-09 0.00379688
3.5e-09 0.00385938
3.6e-09 0.004
3.7e-09 0.00424219
3.8e-09 0.00444531
3.9e-09 0.00449219
4e-09 0.00435938
4.1e-09 0.004
4.2e-09 0.00345313
4.3e-09 0.00289063
4.4e-09 0.002375
4.5e-09 0.00203906
4.6e-09 0.002
4.7e-09 0.00232813
4.8e-09 0.00286719
4.9e-09 0.00341406
5e-09 0.00382813
5.1e-09 0.004
5.2e-09 0.0038125
5.3e-09 0.00338281
5.4e-09 0.00284375
5.5e-09 0.00232031
5.6e-09 0.002
5.7e-09 0.002
5.8e-09 0.0023125
5.9e-09 0.00282031
6e-09 0.00342188
6.1e-09 0.004
6.2e-09 0.00435938
6.3e-09 0.00449219
6.4e-09 0.00444531
6.5e-09 0.00425781
6.6e-09 0.004
6.7e-09 0.0038125
6.8e-09 0.00371094
6.9e-09 0.00372656
7e-09 0.00383594
7.1e-09 0.004
7.2e-09 0.004125
7.3e-09 0.00420313
7.4e-09 0.00421875
7.5e-09 0.00416406
7.6e-09 0.004
7.7e-09 0.00377344
7.8e-09 0.00345313
7.9e-09 0.00300781
8e-09 0.00250781
8.1e-09 0.002
8.2e-09 0.00149219
8.3e-09 0.00120313
8.4e-09 0.00117969
8.5e-09 0.00142969
8.6e-09 0.002
8.7e-09 0.0028125
8.8e-09 0.00358594
8.9e-09 0.00413281
9e-09 0.00432031
9.1e-09 0.004
9.2e-09 0.00317969
9.3e-09 0.002125
9.4e-09 0.00109375
9.5e-09 0.000296875
9.6e-09 0
9.7e-09 0.000296875
9.8e-09 0.00109375
9.9e-09 0.00210938
1e-08 0.00313281
1.01e-08 0.004
1.02e-08 0.00438281
1.03e-08 0.00439063
1.04e-08 0.00425781
1.05e-08 0.00405469
1.06e-08 0.004
1.07e-08 0.00429688
1.08e-08 0.00476563
1.09e-08 0.00532031
1.1e-08 0.00582031
1.11e-08 0.006
1.12e-08 0.00572656
1.13e-08 0.00505469
1.14e-08 0.00410938
1.15e-08 0.00307031
1.16e-08 0.002
1.17e-08 0.00114063
1.18e-08 0.000585938
1.19e-08 0.000203125
1.2e-08 3.125e-05
1.21e-08 0
1.22e-08 -6.25e-05
1.23e-08 -6.25e-05
1.24e-08 -7.03125e-05
1.25e-08 -8.59375e-05
1.26e-08 0
1.27e-08 0.000164063
1.28e-08 0.000453125
1.29e-08 0.000890625
1.3e-08 0.00142188
1.31e-08 0.002
1.32e-08 0.00260156
1.33e-08 0.00297656
1.34e-08 0.00302344
1.35e-08 0.00273438
1.36e-08 0.002
1.37e-08 0.000929688
1.38e-08 -0.000179688
1.39e-08 -0.00117969
1.4e-08 -0.00185938
1.41e-08 -0.002
1.42e-08 -0.00157813
1.43e-08 -0.00071875
1.44e-08 0.000296875
1.45e-08 0.00124219
1.46e-08 0.002
1.47e-08 0.00228125
1.48e-08 0.00223438
1.49e-08 0.00210156
1.5e-08 0.00195313
1.51e-08 0.002
1.52e-08 0.00242969
1.53e-08 0.00299219
1.54e-08 0.00355469
1.55e-08 0.00397656
1.56e-08 0.004
1.57e-08 0.00350781
1.58e-08 0.00267188
1.59e-08 0.00166406
1.6e-08 0.000695313
1.61e-08 0
1.62e-08 -0.000226563
1.63e-08 2.34375e-05
1.64e-08 0.0005625
1.65e-08 0.00128125
1.66e-08 0.002
1.67e-08 0.0024375
1.68e-08 0.00260156
1.69e-08 0.00254688
1.7e-08 0.0023125
1.71e-08 0.002
1.72e-08 0.00175
1.73e-08 0.00161719
1.74e-08 0.00160156
1.75e-08 0.00172656
1.76e-08 0.002
1.77e-08 0.00230469
1.78e-08 0.00267188
1.79e-08 0.00311719
1.8e-08 0.0035625
1.81e-08 0.004
1.82e-08 0.00442188
1.83e-08 0.00466406
1.84e-08 0.00469531
1.85e-08 0.00451563
1.86e-08 0.004
1.87e-08 0.00325
1.88e-08 0.00238281
1.89e-08 0.00146094
1.9e-08 0.000648438
1.91e-08 0
1.92e-08 -0.000429688
1.93e-08 -0.000546875
1.94e-08 -0.000507813
1.95e-08 -0.000328125
1.96e-08 0
1.97e-08 0.00028125
1.98e-08 0.000609375
1.99e-08 0.00101563
2e-08 0.00145313
2.01e-08 0.002
2.02e-08 0.00264844
2.03e-08 0.00322656
2.04e-08 0.00370313
2.05e-08 0.00399219
2.06e-08 0.004
2.07e-08 0.00371875
2.08e-08 0.00324219
2.09e-08 0.00273438
2.1e-08 0.00229688
2.11e-08 0.002
2.12e-08 0.00196094
2.13e-08 0.00207031
2.14e-08 0.00215625
2.15e-08 0.00217188
2.16e-08 0.002
2.17e-08 0.00153125
2.18e-08 0.000984375
2.19e-08 0.00046875
2.2e-08 9.375e-05
2.21e-08 0
2.22e-08 0.000257813
2.23e-08 0.000742188
2.24e-08 0.00128125
2.25e-08 0.00175781
2.26e-08 0.002
2.27e-08 0.00185938
2.28e-08 0.00145313
2.29e-08 0.000914063
2.3e-08 0.000367188
2.31e-08 0
2.32e-08 -4.6875e-05
2.33e-08 0.000226563
2.34e-08 0.000726563
2.35e-08 0.00135156
2.36e-08 0.002
2.37e-08 0.00247656
2.38e-08 0.00270313
2.39e-08 0.00269531
2.4e-08 0.00245313
2.41e-08 0.002
2.42e-08 0.00147656
2.43e-08 0.000960938
2.44e-08 0.000507813
2.45e-08 0.0001875
2.46e-08 0
2.47e-08 -5.46875e-05
2.48e-08 -7.8125e-06
2.49e-08 3.90625e-05
2.5e-08 4.6875e-05
2.51e-08 0
2.52e-08 -0.000171875
2.53e-08 -0.000320313
2.54e-08 -0.000375
2.55e-08 -0.000304688
2.56e-08 0
2.57e-08 0.000539063
2.58e-08 0.001125
2.59e-08 0.00164063
2.6e-08 0.00197656
2.61e-08 0.002
2.62e-08 0.00164063
2.63e-08 0.00108594
2.64e-08 0.00053125
2.65e-08 0.000117188
2.66e-08 0
2.67e-08 0.0003125
2.68e-08 0.000859375
2.69e-08 0.00142188
2.7e-08 0.00185938
2.71e-08 0.002
2.72e-08 0.00167188
2.73e-08 0.00111719
2.74e-08 0.000554688
2.75e-08 0.000117188
2.76e-08 0
2.77e-08 0.000375
2.78e-08 0.000984375
2.79e-08 0.00157813
2.8e-08 0.00200781
2.81e-08 0.002
2.82e-08 0.00139844
2.83e-08 0.00046875
2.84e-08 -0.000578125
2.85e-08 -0.00150781
2.86e-08 -0.002
2.87e-08 -0.00185938
2.88e-08 -0.00115625
2.89e-08 -0.000140625
2.9e-08 0.000976563
2.91e-08 0.002
2.92e-08 0.00257813
2.93e-08 0.00273438
2.94e-08 0.00264063
2.95e-08 0.00234375
2.96e-08 0.002
2.97e-08 0.00185938
2.98e-08 0.00182813
2.99e-08 0.001875
3e-08 0.00195313
3.01e-08 0.002
3.02e-08 0.00185156
3.03e-08 0.00169531
3.04e-08 0.00163281
3.05e-08 0.00169531
3.06e-08 0.002
3.07e-08 0.00257813
3.08e-08 0.00321094
3.09e-08 0.00375
3.1e-08 0.00408594
3.11e-08 0.004
3.12e-08 0.00346094
3.13e-08 0.00260938
3.14e-08 0.00163281
3.15e-08 0.000726563
3.16e-08 0
3.17e-08 -0.000351563
3.18e-08 -0.000375
3.19e-08 -0.00028125
3.2e-08 -0.000117188
3.21e-08 0
3.22e-08 -0.00015625
3.23e-08 -0.000335938
3.24e-08 -0.0004375
3.25e-08 -0.000398438
3.26e-08 0
3.27e-08 0.000804688
3.28e-08 0.00177344
3.29e-08 0.00275781
3.3e-08 0.00355469
3.31e-08 0.004
3.32e-08 0.0039375
3.33e-08 0.0035
3.34e-08 0.0029375
3.35e-08 0.00239844
3.36e-08 0.002
3.37e-08 0.00198438
3.38e-08 0.00214063
3.39e-08 0.00227344
3.4e-08 0.00230469
3.41e-08 0.002
3.42e-08 0.00124219
3.43e-08 0.000289063
3.44e-08 -0.000710938
3.45e-08 -0.00157031
3.46e-08 -0.002
3.47e-08 -0.00190625
3.48e-08 -0.00127344
3.49e-08 -0.00028125
