-2.5e+09 -51.5808
-2.49e+09 -53.4776
-2.48e+09 -50.3058
-2.47e+09 -48.7495
-2.46e+09 -47.8839
-2.45e+09 -47.1089
-2.44e+09 -46.9276
-2.43e+09 -46.8339
-2.42e+09 -46.4589
-2.41e+09 -47.712
-2.4e+09 -47.812
-2.39e+09 -48.0495
-2.38e+09 -47.5558
-2.37e+09 -47.6339
-2.36e+09 -47.2401
-2.35e+09 -47.2401
-2.34e+09 -47.9964
-2.33e+09 -48.2901
-2.32e+09 -47.862
-2.31e+09 -47.2276
-2.3e+09 -46.8776
-2.29e+09 -47.3308
-2.28e+09 -49.1776
-2.27e+09 -50.7651
-2.26e+09 -52.5808
-2.25e+09 -52.8558
-2.24e+09 -52.912
-2.23e+09 -52.9276
-2.22e+09 -53.3151
-2.21e+09 -53.912
-2.2e+09 -54.4026
-2.19e+09 -54.1714
-2.18e+09 -54.7308
-2.17e+09 -54.7995
-2.16e+09 -54.9651
-2.15e+09 -54.8808
-2.14e+09 -55.3026
-2.13e+09 -55.9401
-2.12e+09 -56.2214
-2.11e+09 -56.562
-2.1e+09 -55.5964
-2.09e+09 -55.7901
-2.08e+09 -56.7183
-2.07e+09 -56.8026
-2.06e+09 -58.7339
-2.05e+09 -58.8308
-2.04e+09 -58.912
-2.03e+09 -58.4433
-2.02e+09 -57.9714
-2.01e+09 -58.4308
-2e+09 -58.4776
-1.99e+09 -58.2714
-1.98e+09 -58.6526
-1.97e+09 -58.8714
-1.96e+09 -59.2495
-1.95e+09 -60.237
-1.94e+09 -60.4745
-1.93e+09 -60.662
-1.92e+09 -60.9401
-1.91e+09 -61.1776
-1.9e+09 -59.9933
-1.89e+09 -60.4558
-1.88e+09 -61.3745
-1.87e+09 -63.0995
-1.86e+09 -62.0214
-1.85e+09 -63.4526
-1.84e+09 -62.9714
-1.83e+09 -63.8089
-1.82e+09 -63.6089
-1.81e+09 -65.2464
-1.8e+09 -65.3214
-1.79e+09 -65.2745
-1.78e+09 -64.8589
-1.77e+09 -65.6151
-1.76e+09 -63.9995
-1.75e+09 -65.4026
-1.74e+09 -64.6308
-1.73e+09 -65.1933
-1.72e+09 -65.362
-1.71e+09 -64.0089
-1.7e+09 -63.687
-1.69e+09 -65.0495
-1.68e+09 -66.162
-1.67e+09 -66.4808
-1.66e+09 -68.6776
-1.65e+09 -68.112
-1.64e+09 -68.0839
-1.63e+09 -68.287
-1.62e+09 -67.487
-1.61e+09 -67.5933
-1.6e+09 -66.6526
-1.59e+09 -68.0745
-1.58e+09 -67.3214
-1.57e+09 -68.6558
-1.56e+09 -69.3776
-1.55e+09 -70.1464
-1.54e+09 -72.5745
-1.53e+09 -71.2089
-1.52e+09 -72.362
-1.51e+09 -73.0683
-1.5e+09 -74.9995
-1.49e+09 -74.487
-1.48e+09 -74.712
-1.47e+09 -75.6151
-1.46e+09 -76.6745
-1.45e+09 -75.6808
-1.44e+09 -77.1526
-1.43e+09 -77.0245
-1.42e+09 -76.7808
-1.41e+09 -79.1151
-1.4e+09 -77.9808
-1.39e+09 -81.987
-1.38e+09 -81.4214
-1.37e+09 -83.5026
-1.36e+09 -85.4495
-1.35e+09 -86.037
-1.34e+09 -88.3651
-1.33e+09 -87.5651
-1.32e+09 -88.5276
-1.31e+09 -90.8276
-1.3e+09 -90.087
-1.29e+09 -90.2651
-1.28e+09 -91.8964
-1.27e+09 -90.2308
-1.26e+09 -91.7995
-1.25e+09 -94.9308
-1.24e+09 -91.7901
-1.23e+09 -92.0276
-1.22e+09 -92.6433
-1.21e+09 -91.937
-1.2e+09 -92.2089
-1.19e+09 -92.5151
-1.18e+09 -91.9339
-1.17e+09 -92.2776
-1.16e+09 -91.6339
-1.15e+09 -90.9276
-1.14e+09 -93.4964
-1.13e+09 -93.2995
-1.12e+09 -93.7151
-1.11e+09 -92.0339
-1.1e+09 -92.812
-1.09e+09 -93.2026
-1.08e+09 -92.5401
-1.07e+09 -92.7558
-1.06e+09 -92.0183
-1.05e+09 -92.5558
-1.04e+09 -92.4026
-1.03e+09 -92.4183
-1.02e+09 -91.8745
-1.01e+09 -92.2901
-1e+09 -92.7464
-9.9e+08 -92.9683
-9.8e+08 -92.0714
-9.7e+08 -92.7433
-9.6e+08 -92.6651
-9.5e+08 -93.2558
-9.4e+08 -93.3151
-9.3e+08 -92.7183
-9.2e+08 -91.9526
-9.1e+08 -92.5089
-9e+08 -92.362
-8.9e+08 -93.012
-8.8e+08 -92.4183
-8.7e+08 -93.3808
-8.6e+08 -92.2589
-8.5e+08 -92.0558
-8.4e+08 -92.3808
-8.3e+08 -93.1901
-8.2e+08 -92.087
-8.1e+08 -94.087
-8e+08 -92.8433
-7.9e+08 -93.2558
-7.8e+08 -93.0495
-7.7e+08 -92.5933
-7.6e+08 -92.737
-7.5e+08 -93.0276
-7.4e+08 -93.4464
-7.3e+08 -92.7308
-7.2e+08 -92.1464
-7.1e+08 -92.5151
-7e+08 -92.8714
-6.9e+08 -91.5776
-6.8e+08 -93.0558
-6.7e+08 -92.3401
-6.6e+08 -92.9745
-6.5e+08 -92.987
-6.4e+08 -92.0089
-6.3e+08 -93.4183
-6.2e+08 -92.0776
-6.1e+08 -92.8464
-6e+08 -92.6495
-5.9e+08 -93.2683
-5.8e+08 -94.1058
-5.7e+08 -91.5151
-5.6e+08 -92.6901
-5.5e+08 -92.6058
-5.4e+08 -91.9589
-5.3e+08 -93.2933
-5.2e+08 -93.3089
-5.1e+08 -93.2058
-5e+08 -93.3151
-4.9e+08 -93.2901
-4.8e+08 -93.3308
-4.7e+08 -92.962
-4.6e+08 -93.1964
-4.5e+08 -93.6776
-4.4e+08 -92.9808
-4.3e+08 -92.762
-4.2e+08 -92.9058
-4.1e+08 -92.7464
-4e+08 -92.6901
-3.9e+08 -92.2183
-3.8e+08 -92.0933
-3.7e+08 -93.0089
-3.6e+08 -91.1776
-3.5e+08 -92.3433
-3.4e+08 -91.6839
-3.3e+08 -92.3589
-3.2e+08 -92.1339
-3.1e+08 -91.8433
-3e+08 -92.0651
-2.9e+08 -92.5433
-2.8e+08 -91.9183
-2.7e+08 -92.3589
-2.6e+08 -93.0558
-2.5e+08 -94.1933
-2.4e+08 -92.4776
-2.3e+08 -92.9526
-2.2e+08 -93.6339
-2.1e+08 -92.4308
-2e+08 -93.7526
-1.9e+08 -93.1151
-1.8e+08 -92.8214
-1.7e+08 -94.0214
-1.6e+08 -93.9308
-1.5e+08 -93.4964
-1.4e+08 -94.1776
-1.3e+08 -93.7745
-1.2e+08 -92.8964
-1.1e+08 -93.3339
-1e+08 -93.9308
-9e+07 -93.0526
-8e+07 -93.8776
-7e+07 -93.3433
-6e+07 -92.2933
-5e+07 -93.687
-4e+07 -93.4808
-3e+07 -93.0433
-2e+07 -93.1339
-1e+07 -93.0558
0 -94.7839
1e+07 -93.2464
2e+07 -93.7933
3e+07 -94.1026
4e+07 -94.2308
5e+07 -93.6839
6e+07 -93.1308
7e+07 -93.1089
8e+07 -93.6464
9e+07 -93.5901
1e+08 -92.6308
1.1e+08 -93.9026
1.2e+08 -93.7651
1.3e+08 -94.0745
1.4e+08 -93.1901
1.5e+08 -94.0714
1.6e+08 -93.8839
1.7e+08 -94.0464
1.8e+08 -93.7058
1.9e+08 -93.737
2e+08 -93.8526
2.1e+08 -93.9776
2.2e+08 -93.6464
2.3e+08 -92.7464
2.4e+08 -93.1839
2.5e+08 -94.0245
2.6e+08 -93.9245
2.7e+08 -93.4339
2.8e+08 -93.3183
2.9e+08 -93.9151
3e+08 -92.5745
3.1e+08 -94.0026
3.2e+08 -93.4058
3.3e+08 -93.7308
3.4e+08 -92.8245
3.5e+08 -93.1901
3.6e+08 -93.5651
3.7e+08 -93.1026
3.8e+08 -93.7214
3.9e+08 -93.137
4e+08 -93.5339
4.1e+08 -92.8839
4.2e+08 -93.6089
4.3e+08 -93.5276
4.4e+08 -93.3683
4.5e+08 -93.3245
4.6e+08 -93.437
4.7e+08 -93.0401
4.8e+08 -92.7714
4.9e+08 -92.8339
5e+08 -94.2776
5.1e+08 -93.4651
5.2e+08 -93.7245
5.3e+08 -92.7901
5.4e+08 -92.487
5.5e+08 -93.4026
5.6e+08 -93.6964
5.7e+08 -93.5339
5.8e+08 -93.8183
5.9e+08 -92.9964
6e+08 -94.1776
6.1e+08 -94.187
6.2e+08 -93.3401
6.3e+08 -93.7776
6.4e+08 -93.7839
6.5e+08 -93.1901
6.6e+08 -93.5151
6.7e+08 -92.9339
6.8e+08 -93.712
6.9e+08 -93.6526
7e+08 -93.3589
7.1e+08 -93.5151
7.2e+08 -93.1214
7.3e+08 -93.937
7.4e+08 -94.5526
7.5e+08 -94.0214
7.6e+08 -93.012
7.7e+08 -92.6995
7.8e+08 -92.9245
7.9e+08 -93.2651
8e+08 -93.2901
8.1e+08 -93.3776
8.2e+08 -93.5245
8.3e+08 -93.9745
8.4e+08 -92.8808
8.5e+08 -93.2714
8.6e+08 -92.9808
8.7e+08 -93.6495
8.8e+08 -93.537
8.9e+08 -93.2901
9e+08 -92.8214
9.1e+08 -93.262
9.2e+08 -93.5339
9.3e+08 -93.9526
9.4e+08 -93.2964
9.5e+08 -93.4401
9.6e+08 -93.5183
9.7e+08 -93.1276
9.8e+08 -92.337
9.9e+08 -93.2901
1e+09 -93.4526
1.01e+09 -92.737
1.02e+09 -92.312
1.03e+09 -92.887
1.04e+09 -92.2808
1.05e+09 -93.7964
1.06e+09 -93.3933
1.07e+09 -93.0245
1.08e+09 -93.8026
1.09e+09 -93.2589
1.1e+09 -93.2964
1.11e+09 -93.7901
1.12e+09 -92.9808
1.13e+09 -93.3964
1.14e+09 -93.8183
1.15e+09 -93.5589
1.16e+09 -93.1933
1.17e+09 -92.8808
1.18e+09 -93.1964
1.19e+09 -93.187
1.2e+09 -93.262
1.21e+09 -93.6214
1.22e+09 -93.5026
1.23e+09 -92.4933
1.24e+09 -92.8901
1.25e+09 -95.0901
1.26e+09 -92.7245
1.27e+09 -93.1339
1.28e+09 -93.737
1.29e+09 -93.1745
1.3e+09 -92.9933
1.31e+09 -92.212
1.32e+09 -93.8433
1.33e+09 -93.2589
1.34e+09 -93.1714
1.35e+09 -93.0901
1.36e+09 -93.4089
1.37e+09 -92.7714
1.38e+09 -93.2683
1.39e+09 -93.412
1.4e+09 -92.9995
1.41e+09 -92.9089
1.42e+09 -92.9901
1.43e+09 -93.7745
1.44e+09 -93.4151
1.45e+09 -93.9026
1.46e+09 -94.3464
1.47e+09 -93.7464
1.48e+09 -93.6933
1.49e+09 -92.862
1.5e+09 -92.8651
1.51e+09 -93.4839
1.52e+09 -93.5058
1.53e+09 -93.6495
1.54e+09 -93.4089
1.55e+09 -93.4901
1.56e+09 -93.7339
1.57e+09 -94.0089
1.58e+09 -93.5214
1.59e+09 -93.6526
1.6e+09 -94.1526
1.61e+09 -93.7745
1.62e+09 -94.0589
1.63e+09 -93.8308
1.64e+09 -93.2776
1.65e+09 -93.5058
1.66e+09 -93.4276
1.67e+09 -94.1526
1.68e+09 -93.6776
1.69e+09 -93.8214
1.7e+09 -94.2651
1.71e+09 -93.362
1.72e+09 -94.1933
1.73e+09 -92.9995
1.74e+09 -93.562
1.75e+09 -93.7401
1.76e+09 -93.4839
1.77e+09 -93.7933
1.78e+09 -93.6776
1.79e+09 -94.2901
1.8e+09 -93.612
1.81e+09 -93.187
1.82e+09 -93.5464
1.83e+09 -93.9464
1.84e+09 -93.9745
1.85e+09 -93.6026
1.86e+09 -93.9245
1.87e+09 -93.5526
1.88e+09 -93.9183
1.89e+09 -93.3558
1.9e+09 -92.9339
1.91e+09 -93.762
1.92e+09 -93.1089
1.93e+09 -93.6151
1.94e+09 -93.8683
1.95e+09 -93.6183
1.96e+09 -94.0558
1.97e+09 -93.137
1.98e+09 -93.6433
1.99e+09 -94.1245
2e+09 -94.0964
2.01e+09 -93.987
2.02e+09 -93.6839
2.03e+09 -93.0058
2.04e+09 -94.2151
2.05e+09 -94.2183
2.06e+09 -93.5183
2.07e+09 -93.6558
2.08e+09 -93.3964
2.09e+09 -93.7683
2.1e+09 -93.4589
2.11e+09 -92.8745
2.12e+09 -93.6683
2.13e+09 -94.1714
2.14e+09 -93.9214
2.15e+09 -92.8808
2.16e+09 -92.8995
2.17e+09 -94.0245
2.18e+09 -93.6808
2.19e+09 -93.287
2.2e+09 -93.8401
2.21e+09 -94.0183
2.22e+09 -93.4808
2.23e+09 -93.562
2.24e+09 -93.9245
2.25e+09 -94.0839
2.26e+09 -93.8401
2.27e+09 -93.8183
2.28e+09 -93.6714
2.29e+09 -93.262
2.3e+09 -94.162
2.31e+09 -93.837
2.32e+09 -93.1183
2.33e+09 -93.8995
2.34e+09 -93.4276
2.35e+09 -93.212
2.36e+09 -93.7339
2.37e+09 -93.9026
2.38e+09 -93.2464
2.39e+09 -93.2089
2.4e+09 -94.3839
2.41e+09 -93.962
2.42e+09 -94.3526
2.43e+09 -94.0058
2.44e+09 -93.9589
2.45e+09 -94.1214
2.46e+09 -94.4495
2.47e+09 -94.4745
2.48e+09 -93.4964
2.49e+09 -94.2151
