-3e-07 0.000315312
-2.99e-07 0.0002775
-2.98e-07 0.000441875
-2.97e-07 0.000435937
-2.96e-07 0.000322812
-2.95e-07 0.000337187
-2.94e-07 0.0003625
-2.93e-07 0.000422187
-2.92e-07 0.000460937
-2.91e-07 0.00039125
-2.9e-07 0.000324375
-2.89e-07 0.00041625
-2.88e-07 0.000369375
-2.87e-07 0.000364687
-2.86e-07 0.000331875
-2.85e-07 0.000320625
-2.84e-07 0.000407187
-2.83e-07 0.000402187
-2.82e-07 0.000374375
-2.81e-07 0.000317812
-2.8e-07 0.000374062
-2.79e-07 0.000435312
-2.78e-07 0.00045375
-2.77e-07 0.000395
-2.76e-07 0.000283125
-2.75e-07 0.000404687
-2.74e-07 0.000360625
-2.73e-07 0.000474062
-2.72e-07 0.000405937
-2.71e-07 0.000344375
-2.7e-07 0.00039375
-2.69e-07 0.0004375
-2.68e-07 0.000373437
-2.67e-07 0.000405625
-2.66e-07 0.000381875
-2.65e-07 0.000288125
-2.64e-07 0.000404062
-2.63e-07 0.000315937
-2.62e-07 0.00042
-2.61e-07 0.000414687
-2.6e-07 0.000469375
-2.59e-07 0.000351562
-2.58e-07 0.00038125
-2.57e-07 0.000382812
-2.56e-07 0.00046125
-2.55e-07 0.00037625
-2.54e-07 0.000304375
-2.53e-07 0.000291562
-2.52e-07 0.000330625
-2.51e-07 0.000409062
-2.5e-07 0.00040125
-2.49e-07 0.000355937
-2.48e-07 0.000432812
-2.47e-07 0.000396562
-2.46e-07 0.00039125
-2.45e-07 0.000413125
-2.44e-07 0.000348437
-2.43e-07 0.00033125
-2.42e-07 0.00038
-2.41e-07 0.000305
-2.4e-07 0.000400625
-2.39e-07 0.000403125
-2.38e-07 0.000447187
-2.37e-07 0.0004
-2.36e-07 0.00044
-2.35e-07 0.000283437
-2.34e-07 0.00035875
-2.33e-07 0.000350312
-2.32e-07 0.000411875
-2.31e-07 0.000347812
-2.3e-07 0.000362187
-2.29e-07 0.00033625
-2.28e-07 0.000469375
-2.27e-07 0.000438125
-2.26e-07 0.000398437
-2.25e-07 0.000265625
-2.24e-07 0.000336875
-2.23e-07 0.000412812
-2.22e-07 0.00045625
-2.21e-07 0.000373125
-2.2e-07 0.000370625
-2.19e-07 0.000359062
-2.18e-07 0.000385
-2.17e-07 0.000403437
-2.16e-07 0.000396562
-2.15e-07 0.000359062
-2.14e-07 0.000379687
-2.13e-07 0.000385
-2.12e-07 0.00039375
-2.11e-07 0.000338125
-2.1e-07 0.00039
-2.09e-07 0.00037125
-2.08e-07 0.0004425
-2.07e-07 0.000354062
-2.06e-07 0.000400625
-2.05e-07 0.0003775
-2.04e-07 0.000470312
-2.03e-07 0.000327187
-2.02e-07 0.000367812
-2.01e-07 0.000315312
-2e-07 0.000394062
-1.99e-07 0.000403437
-1.98e-07 0.000486562
-1.97e-07 0.00026125
-1.96e-07 0.00031375
-1.95e-07 0.00032875
-1.94e-07 0.000416875
-1.93e-07 0.000392812
-1.92e-07 0.000459375
-1.91e-07 0.000316875
-1.9e-07 0.00036
-1.89e-07 0.000417187
-1.88e-07 0.000355625
-1.87e-07 0.000346562
-1.86e-07 0.000378125
-1.85e-07 0.000374062
-1.84e-07 0.000412812
-1.83e-07 0.000382812
-1.82e-07 0.00038625
-1.81e-07 0.000381875
-1.8e-07 0.000419062
-1.79e-07 0.000360312
-1.78e-07 0.00042625
-1.77e-07 0.000350625
-1.76e-07 0.000425937
-1.75e-07 0.000375625
-1.74e-07 0.00042875
-1.73e-07 0.000347812
-1.72e-07 0.000379375
-1.71e-07 0.000355
-1.7e-07 0.00041625
-1.69e-07 0.0003425
-1.68e-07 0.0003625
-1.67e-07 0.000359062
-1.66e-07 0.000373125
-1.65e-07 0.000401562
-1.64e-07 0.00043375
-1.63e-07 0.000439062
-1.62e-07 0.000391562
-1.61e-07 0.0003775
-1.6e-07 0.00033875
-1.59e-07 0.000335312
-1.58e-07 0.000377812
-1.57e-07 0.000352187
-1.56e-07 0.000380312
-1.55e-07 0.00040625
-1.54e-07 0.000397812
-1.53e-07 0.000354687
-1.52e-07 0.000455312
-1.51e-07 0.000398437
-1.5e-07 0.000376562
-1.49e-07 0.000364062
-1.48e-07 0.000321875
-1.47e-07 0.000334375
-1.46e-07 0.000436875
-1.45e-07 0.000379375
-1.44e-07 0.0003625
-1.43e-07 0.00038875
-1.42e-07 0.0004225
-1.41e-07 0.000405625
-1.4e-07 0.000394375
-1.39e-07 0.0003425
-1.38e-07 0.000299062
-1.37e-07 0.000306875
-1.36e-07 0.0004325
-1.35e-07 0.000419062
-1.34e-07 0.000432812
-1.33e-07 0.000415937
-1.32e-07 0.000319375
-1.31e-07 0.000397187
-1.3e-07 0.00039
-1.29e-07 0.000369062
-1.28e-07 0.00032125
-1.27e-07 0.000395937
-1.26e-07 0.00033
-1.25e-07 0.000391875
-1.24e-07 0.000435312
-1.23e-07 0.000426562
-1.22e-07 0.000413437
-1.21e-07 0.00040875
-1.2e-07 0.000357812
-1.19e-07 0.000345312
-1.18e-07 0.00038375
-1.17e-07 0.00037
-1.16e-07 0.000360312
-1.15e-07 0.000364687
-1.14e-07 0.00038375
-1.13e-07 0.000396562
-1.12e-07 0.000478125
-1.11e-07 0.000425937
-1.1e-07 0.000337812
-1.09e-07 0.000375625
-1.08e-07 0.000332187
-1.07e-07 0.000394062
-1.06e-07 0.00042
-1.05e-07 0.00041625
-1.04e-07 0.000330625
-1.03e-07 0.000423125
-1.02e-07 0.000404062
-1.01e-07 0.000386875
-1e-07 0.000395625
-9.9e-08 0.000384062
-9.8e-08 0.00027125
-9.7e-08 0.000359687
-9.6e-08 0.000374687
-9.5e-08 0.000471562
-9.4e-08 0.000393125
-9.3e-08 0.000418125
-9.2e-08 0.000340937
-9.1e-08 0.00035375
-9e-08 0.00039
-8.9e-08 0.000384687
-8.8e-08 0.000317812
-8.7e-08 0.00039
-8.6e-08 0.000330937
-8.5e-08 0.000394062
-8.4e-08 0.000431562
-8.3e-08 0.000421562
-8.2e-08 0.000281562
-8.1e-08 0.000392812
-8e-08 0.000389375
-7.9e-08 0.000362187
-7.8e-08 0.000368125
-7.7e-08 0.000373437
-7.6e-08 0.000327187
-7.5e-08 0.000434062
-7.4e-08 0.000434375
-7.3e-08 0.000381875
-7.2e-08 0.000410312
-7.1e-08 0.000424062
-7e-08 0.000289062
-6.9e-08 0.000372187
-6.8e-08 0.00028125
-6.7e-08 0.0003975
-6.6e-08 0.0005025
-6.5e-08 0.000514375
-6.4e-08 0.000368437
-6.3e-08 0.000392812
-6.2e-08 0.000373437
-6.1e-08 0.00045625
-6e-08 0.000349062
-5.9e-08 0.000341875
-5.8e-08 0.00030125
-5.7e-08 0.000389375
-5.6e-08 0.000435312
-5.5e-08 0.000425
-5.4e-08 0.000367812
-5.3e-08 0.000387812
-5.2e-08 0.000400937
-5.1e-08 0.00037125
-5e-08 0.000419687
-4.9e-08 0.000320937
-4.8e-08 0.000296875
-4.7e-08 0.000379062
-4.6e-08 0.00038625
-4.5e-08 0.00036375
-4.4e-08 0.000432812
-4.3e-08 0.000434062
-4.2e-08 0.0004075
-4.1e-08 0.000402812
-4e-08 0.000353437
-3.9e-08 0.000275625
-3.8e-08 0.000350937
-3.7e-08 0.000399375
-3.6e-08 0.00032875
-3.5e-08 0.000373125
-3.4e-08 0.000403125
-3.3e-08 0.0004275
-3.2e-08 0.000445937
-3.1e-08 0.000427187
-3e-08 0.000301875
-2.9e-08 0.0003075
-2.8e-08 0.000311562
-2.7e-08 0.000299062
-2.6e-08 0.000308437
-2.5e-08 0.000440312
-2.4e-08 0.00038375
-2.3e-08 0.000441562
-2.2e-08 0.000411562
-2.1e-08 0.000395937
-2e-08 0.0003475
-1.9e-08 0.000340312
-1.8e-08 0.000343125
-1.7e-08 0.0003
-1.6e-08 0.000425312
-1.5e-08 0.00036
-1.4e-08 0.000417812
-1.3e-08 0.0004025
-1.2e-08 0.000455937
-1.1e-08 0.000401562
-1e-08 0.00041
-9e-09 0.000397187
-8e-09 0.000364375
-7e-09 0.000328437
-6e-09 0.000388437
-5e-09 0.000372812
-4e-09 0.000345
-3e-09 0.000443437
-2e-09 0.000424062
-1e-09 0.00043625
0 0.000439687
1e-09 0.00031375
2e-09 0.000350625
3e-09 0.000409687
4e-09 0.000416562
5e-09 0.000395312
6e-09 0.000390937
7e-09 0.000345
8e-09 0.000405937
9e-09 0.000500312
1e-08 0.0004375
1.1e-08 0.00031625
1.2e-08 0.000354687
1.3e-08 0.000363125
1.4e-08 0.000360937
1.5e-08 0.00037625
1.6e-08 0.000308125
1.7e-08 0.000283125
1.8e-08 0.000449687
1.9e-08 0.000406562
2e-08 0.000448437
2.1e-08 0.00034875
2.2e-08 0.000380937
2.3e-08 0.000300625
2.4e-08 0.00042
2.5e-08 0.00037125
2.6e-08 0.00039125
2.7e-08 0.00036125
2.8e-08 0.000415625
2.9e-08 0.000316875
3e-08 0.000381562
3.1e-08 0.000311562
3.2e-08 0.00043875
3.3e-08 0.00037375
3.4e-08 0.000389375
3.5e-08 0.000287812
3.6e-08 0.000318437
3.7e-08 0.00040375
3.8e-08 0.000437187
3.9e-08 0.000391875
4e-08 0.000443437
4.1e-08 0.00031375
4.2e-08 0.0004325
4.3e-08 0.00045125
4.4e-08 0.00034
4.5e-08 0.000295
4.6e-08 0.00038
4.7e-08 0.0003375
4.8e-08 0.000429375
4.9e-08 0.00042625
5e-08 0.000382812
5.1e-08 0.000354687
5.2e-08 0.000412187
5.3e-08 0.000367187
5.4e-08 0.000443437
5.5e-08 0.00039625
5.6e-08 0.000399375
5.7e-08 0.000342187
5.8e-08 0.000403437
5.9e-08 0.00042125
6e-08 0.000451562
6.1e-08 0.000414375
6.2e-08 0.00042875
6.3e-08 0.000303125
6.4e-08 0.000390625
6.5e-08 0.000398437
6.6e-08 0.000405312
6.7e-08 0.00030375
6.8e-08 0.000423125
6.9e-08 0.000345
7e-08 0.000462812
7.1e-08 0.000405
7.2e-08 0.000396875
7.3e-08 0.000330937
7.4e-08 0.000425625
7.5e-08 0.00033875
7.6e-08 0.00033875
7.7e-08 0.000385
7.8e-08 0.000366875
7.9e-08 0.00035125
8e-08 0.000392812
8.1e-08 0.00040375
8.2e-08 0.000419687
8.3e-08 0.00047875
8.4e-08 0.00039375
8.5e-08 0.000305312
8.6e-08 0.000321562
8.7e-08 0.000345937
8.8e-08 0.000386875
8.9e-08 0.00038875
9e-08 0.000398125
9.1e-08 0.000365312
9.2e-08 0.000382812
9.3e-08 0.000372187
9.4e-08 0.000456875
9.5e-08 0.000335312
9.6e-08 0.000393125
9.7e-08 0.000324062
9.8e-08 0.000395312
9.9e-08 0.000361875
1e-07 0.000414375
1.01e-07 0.000359375
1.02e-07 0.000434375
1.03e-07 0.0004
1.04e-07 0.000400312
1.05e-07 0.000383125
1.06e-07 0.0004125
1.07e-07 0.000364375
1.08e-07 0.000410625
1.09e-07 0.000383125
1.1e-07 0.000385937
1.11e-07 0.000401562
1.12e-07 0.000464375
1.13e-07 0.000380312
1.14e-07 0.000350312
1.15e-07 0.000365312
1.16e-07 0.00040375
1.17e-07 0.000404375
1.18e-07 0.000408437
1.19e-07 0.000373125
1.2e-07 0.0003825
1.21e-07 0.000336875
1.22e-07 0.000384687
1.23e-07 0.000399375
1.24e-07 0.000441562
1.25e-07 0.000422187
1.26e-07 0.000385
1.27e-07 0.000335312
1.28e-07 0.000397812
1.29e-07 0.000400937
1.3e-07 0.000336562
1.31e-07 0.000385312
1.32e-07 0.000355937
1.33e-07 0.000326562
1.34e-07 0.000395937
1.35e-07 0.000400625
1.36e-07 0.0004225
1.37e-07 0.000360312
1.38e-07 0.000371875
1.39e-07 0.000417187
1.4e-07 0.000390625
1.41e-07 0.000379062
1.42e-07 0.0003675
1.43e-07 0.000314687
1.44e-07 0.0003775
1.45e-07 0.000340625
1.46e-07 0.000389687
1.47e-07 0.000421562
1.48e-07 0.000419062
1.49e-07 0.000387812
1.5e-07 0.000352812
1.51e-07 0.00031
1.52e-07 0.0003875
1.53e-07 0.0003875
1.54e-07 0.000395937
1.55e-07 0.000329062
1.56e-07 0.000330625
1.57e-07 0.000445937
1.58e-07 0.000461562
1.59e-07 0.000417187
1.6e-07 0.00033875
1.61e-07 0.000376562
1.62e-07 0.000359375
1.63e-07 0.000413125
1.64e-07 0.00037875
1.65e-07 0.000349062
1.66e-07 0.000379062
1.67e-07 0.000457187
1.68e-07 0.000424062
1.69e-07 0.000414375
1.7e-07 0.000375312
1.71e-07 0.000363437
1.72e-07 0.000355312
1.73e-07 0.000339687
1.74e-07 0.000398437
1.75e-07 0.000380312
1.76e-07 0.000439062
1.77e-07 0.000470312
1.78e-07 0.000394687
1.79e-07 0.000314062
1.8e-07 0.0004025
1.81e-07 0.000407812
1.82e-07 0.000340937
1.83e-07 0.000386875
1.84e-07 0.000311562
1.85e-07 0.00036375
1.86e-07 0.000425625
1.87e-07 0.000413125
1.88e-07 0.000349687
1.89e-07 0.00039125
1.9e-07 0.000344687
1.91e-07 0.000370312
1.92e-07 0.000397812
1.93e-07 0.000414375
1.94e-07 0.000364687
1.95e-07 0.00037125
1.96e-07 0.00040875
1.97e-07 0.000370312
1.98e-07 0.000345625
1.99e-07 0.000346875
2e-07 0.000360625
2.01e-07 0.0003325
2.02e-07 0.000367187
2.03e-07 0.00039625
2.04e-07 0.000409687
2.05e-07 0.000423437
2.06e-07 0.00036375
2.07e-07 0.000302812
2.08e-07 0.000357187
2.09e-07 0.00042375
2.1e-07 0.000399375
2.11e-07 0.000361562
2.12e-07 0.000338437
2.13e-07 0.000343437
2.14e-07 0.000390625
2.15e-07 0.000433125
2.16e-07 0.000393437
2.17e-07 0.000386875
2.18e-07 0.000364687
2.19e-07 0.00036125
2.2e-07 0.000361875
2.21e-07 0.000438437
2.22e-07 0.0003775
2.23e-07 0.000373125
2.24e-07 0.000426875
2.25e-07 0.000355937
2.26e-07 0.000354062
2.27e-07 0.000439062
2.28e-07 0.000479375
2.29e-07 0.000359375
2.3e-07 0.000390937
2.31e-07 0.000290937
2.32e-07 0.000401875
2.33e-07 0.000267812
2.34e-07 0.000259062
2.35e-07 0.000639687
2.36e-07 0.00055625
2.37e-07 0.000429687
2.38e-07 -6.125e-05
2.39e-07 7.96875e-05
2.4e-07 0.0007925
2.41e-07 0.000793125
2.42e-07 0.000491562
2.43e-07 -0.00046
2.44e-07 0.000253125
2.45e-07 0.00107594
2.46e-07 0.000445312
2.47e-07 0.000227187
2.48e-07 -0.000166562
2.49e-07 0.000666562
2.5e-07 0.000769687
2.51e-07 0.00014375
2.52e-07 0.00040625
2.53e-07 0.000322812
2.54e-07 0.00052875
2.55e-07 0.00023
2.56e-07 3.8125e-05
2.57e-07 0.000558437
2.58e-07 0.000534375
2.59e-07 0.000475937
2.6e-07 0.000292812
2.61e-07 0.000256875
2.62e-07 0.000520312
2.63e-07 0.000415
2.64e-07 0.000355
2.65e-07 0.000405
2.66e-07 0.00040375
2.67e-07 0.000290937
2.68e-07 0.000348437
2.69e-07 0.00024375
2.7e-07 0.000498437
2.71e-07 0.000483437
2.72e-07 0.000378437
2.73e-07 0.000485
2.74e-07 0.000285937
2.75e-07 0.000319062
2.76e-07 0.000353125
2.77e-07 0.000373125
2.78e-07 0.000492812
2.79e-07 0.000450937
2.8e-07 0.000339687
2.81e-07 0.00032625
2.82e-07 0.000357812
2.83e-07 0.00049375
2.84e-07 0.00036125
2.85e-07 0.000321562
2.86e-07 0.00028
2.87e-07 0.000355937
2.88e-07 0.000398437
2.89e-07 0.000374687
2.9e-07 0.00034125
2.91e-07 0.000389062
2.92e-07 0.00051875
2.93e-07 0.00035375
2.94e-07 0.000395312
2.95e-07 0.000315312
2.96e-07 0.000491875
2.97e-07 0.000367812
2.98e-07 0.000359687
2.99e-07 0.000276875
3e-07 0.000315312
3.01e-07 0.000479062
3.02e-07 0.00043625
3.03e-07 0.000396875
3.04e-07 0.000325937
3.05e-07 0.0003075
3.06e-07 0.000420937
3.07e-07 0.000435625
3.08e-07 0.00033625
3.09e-07 0.00039
3.1e-07 0.0003175
3.11e-07 0.00044875
3.12e-07 0.000370937
3.13e-07 0.00032875
3.14e-07 0.000342187
3.15e-07 0.000364062
3.16e-07 0.000304375
3.17e-07 0.000425937
3.18e-07 0.000385312
3.19e-07 0.000323437
3.2e-07 0.00042125
3.21e-07 0.000372812
3.22e-07 0.000336562
3.23e-07 0.000340937
3.24e-07 0.000380625
3.25e-07 0.000457187
3.26e-07 0.000434375
3.27e-07 0.0003475
3.28e-07 0.000300625
3.29e-07 0.0003975
3.3e-07 0.000402187
3.31e-07 0.000461562
3.32e-07 0.000364375
3.33e-07 0.000393437
3.34e-07 0.0003525
3.35e-07 0.000446875
3.36e-07 0.000385625
3.37e-07 0.0004325
3.38e-07 0.000372812
3.39e-07 0.000399687
3.4e-07 0.00035875
3.41e-07 0.00034625
3.42e-07 0.00038
3.43e-07 0.000373125
3.44e-07 0.00042125
3.45e-07 0.00038
3.46e-07 0.000370937
3.47e-07 0.000369687
3.48e-07 0.000362812
3.49e-07 0.000380312
3.5e-07 0.000301562
3.51e-07 0.000390625
3.52e-07 0.00040875
3.53e-07 0.000444687
3.54e-07 0.0004225
3.55e-07 0.00037125
3.56e-07 0.0003825
3.57e-07 0.00037375
3.58e-07 0.000428125
3.59e-07 0.000384687
3.6e-07 0.000354687
3.61e-07 0.000399687
3.62e-07 0.000384062
3.63e-07 0.000441875
3.64e-07 0.000429375
3.65e-07 0.0004175
3.66e-07 0.0004025
3.67e-07 0.000402812
3.68e-07 0.00026875
3.69e-07 0.000345625
3.7e-07 0.000305
3.71e-07 0.000395625
3.72e-07 0.000367812
3.73e-07 0.000351562
3.74e-07 0.000335625
3.75e-07 0.000469375
3.76e-07 0.000465
3.77e-07 0.000428125
3.78e-07 0.00036375
3.79e-07 0.000256875
3.8e-07 0.000380625
3.81e-07 0.000350625
3.82e-07 0.000390937
3.83e-07 0.000388437
3.84e-07 0.000356562
3.85e-07 -0.0006425
3.86e-07 0.000580312
3.87e-07 0.0037675
3.88e-07 -0.00104781
3.89e-07 -0.00155937
3.9e-07 -0.00120062
3.91e-07 0.00293031
3.92e-07 0.00229
3.93e-07 0.0003075
3.94e-07 -0.0011225
3.95e-07 -0.00126062
3.96e-07 0.00051125
3.97e-07 0.002455
3.98e-07 0.000417187
3.99e-07 -0.00039
4e-07 -0.000654375
4.01e-07 0.00041625
4.02e-07 0.00105969
4.03e-07 0.0007475
4.04e-07 0.000104687
4.05e-07 -4.28125e-05
4.06e-07 0.000268125
4.07e-07 0.000488125
4.08e-07 0.00108375
4.09e-07 0.000682187
4.1e-07 -0.00013
4.11e-07 -0.000459687
4.12e-07 0.000337187
4.13e-07 0.000961875
4.14e-07 0.00093875
4.15e-07 0.000451875
4.16e-07 -0.000176562
4.17e-07 0.000128437
4.18e-07 0.000814375
4.19e-07 0.00089
4.2e-07 0.000532812
4.21e-07 1.75e-05
4.22e-07 0.0001325
4.23e-07 0.000399687
4.24e-07 0.00046125
4.25e-07 0.000475937
4.26e-07 0.000347187
4.27e-07 0.0001025
4.28e-07 0.000332812
4.29e-07 0.000669375
4.3e-07 0.000613125
4.31e-07 0.000238125
4.32e-07 0.0001575
4.33e-07 0.0003025
4.34e-07 0.000396875
4.35e-07 0.00057625
4.36e-07 0.000203437
4.37e-07 0.00030125
4.38e-07 0.000456562
4.39e-07 0.000408437
4.4e-07 0.000543437
4.41e-07 0.000230625
4.42e-07 0.000320312
4.43e-07 0.000351875
4.44e-07 0.000560312
4.45e-07 0.000385937
4.46e-07 0.000341562
4.47e-07 0.000294375
4.48e-07 0.00038375
4.49e-07 0.000430312
4.5e-07 0.000444375
4.51e-07 0.000550312
4.52e-07 0.000294375
4.53e-07 0.000235625
4.54e-07 0.00025875
4.55e-07 0.000444687
4.56e-07 0.000404687
4.57e-07 0.0004075
4.58e-07 0.000334687
4.59e-07 0.000387187
4.6e-07 0.000365312
4.61e-07 0.000543437
4.62e-07 0.000393125
4.63e-07 0.000370625
4.64e-07 0.000341562
4.65e-07 0.000290312
4.66e-07 0.00044125
4.67e-07 0.000416875
4.68e-07 0.000349062
4.69e-07 0.00035
4.7e-07 0.000398125
4.71e-07 0.000351562
4.72e-07 0.000429375
4.73e-07 0.000369375
4.74e-07 0.000377812
4.75e-07 0.000342187
4.76e-07 0.000402812
4.77e-07 0.00028
4.78e-07 0.000357812
4.79e-07 0.000454062
4.8e-07 0.00043625
4.81e-07 0.00044625
4.82e-07 0.000332812
4.83e-07 0.000309687
4.84e-07 0.000379687
4.85e-07 0.000325625
4.86e-07 0.000411562
4.87e-07 0.000370625
4.88e-07 0.0003725
4.89e-07 0.000368437
4.9e-07 0.0003775
4.91e-07 0.000456562
4.92e-07 0.000470312
4.93e-07 0.000319062
4.94e-07 0.000308437
4.95e-07 0.000420625
4.96e-07 0.00043
4.97e-07 0.000413437
4.98e-07 0.000381562
4.99e-07 0.000282812
5e-07 0.00038
5.01e-07 0.00046125
5.02e-07 0.000403437
5.03e-07 0.000389687
5.04e-07 0.000435937
5.05e-07 0.000255625
5.06e-07 0.0003375
5.07e-07 0.000487187
5.08e-07 0.000424062
5.09e-07 0.000445625
5.1e-07 0.000456875
5.11e-07 0.000280625
5.12e-07 0.00022875
5.13e-07 0.000615625
5.14e-07 0.000368437
5.15e-07 0.000325937
5.16e-07 0.000404062
5.17e-07 0.000340937
5.18e-07 0.000317187
5.19e-07 0.000399375
5.2e-07 0.000463437
5.21e-07 0.000495312
5.22e-07 0.000280937
5.23e-07 0.000292187
5.24e-07 0.000400312
5.25e-07 0.000494375
5.26e-07 0.000359062
5.27e-07 0.00026125
5.28e-07 0.000363437
5.29e-07 0.000492812
5.3e-07 0.0003525
5.31e-07 0.00035
5.32e-07 0.000401562
5.33e-07 0.000343125
5.34e-07 0.000330937
5.35e-07 0.00035
5.36e-07 0.000359062
5.37e-07 0.000440937
5.38e-07 0.000406562
5.39e-07 0.00032
5.4e-07 0.000333125
5.41e-07 0.000433437
5.42e-07 0.000358437
5.43e-07 0.000389062
5.44e-07 0.00040625
5.45e-07 0.000346562
5.46e-07 0.000257187
5.47e-07 0.00039875
5.48e-07 0.000362812
5.49e-07 0.00044875
5.5e-07 0.000432187
5.51e-07 0.000438125
5.52e-07 0.000324687
5.53e-07 0.000388437
5.54e-07 0.000405312
5.55e-07 0.00040375
5.56e-07 0.00035625
5.57e-07 0.000447812
5.58e-07 0.000325312
5.59e-07 0.000446875
5.6e-07 0.000415
5.61e-07 0.00039375
5.62e-07 0.00038
5.63e-07 0.000369687
5.64e-07 0.000288437
5.65e-07 0.00045
5.66e-07 0.000435
5.67e-07 0.0004325
5.68e-07 0.000446562
5.69e-07 0.000372187
5.7e-07 0.000321562
5.71e-07 0.000390625
5.72e-07 0.000382812
5.73e-07 0.00033
5.74e-07 0.000332812
5.75e-07 0.000402812
5.76e-07 0.000418437
5.77e-07 0.000419375
5.78e-07 0.00044875
5.79e-07 0.000384062
5.8e-07 0.000296875
5.81e-07 0.000358125
5.82e-07 0.000336875
5.83e-07 0.000385937
5.84e-07 0.000394062
5.85e-07 0.00040625
5.86e-07 0.00028875
5.87e-07 0.000410625
5.88e-07 0.000390312
5.89e-07 0.000448125
5.9e-07 0.000370937
5.91e-07 0.000421875
5.92e-07 0.00030375
5.93e-07 0.000360625
5.94e-07 0.000405312
5.95e-07 0.000394375
5.96e-07 0.0003925
5.97e-07 0.000398125
5.98e-07 0.000335937
5.99e-07 0.000375625
6e-07 0.00047625
6.01e-07 0.000405937
6.02e-07 0.000366562
6.03e-07 0.00034625
6.04e-07 0.000321562
6.05e-07 0.000350312
6.06e-07 0.000400312
6.07e-07 0.000427187
6.08e-07 0.000365
6.09e-07 0.000372812
6.1e-07 0.000392812
6.11e-07 0.000434062
6.12e-07 0.000439375
6.13e-07 0.0003575
6.14e-07 0.000323125
6.15e-07 0.000405937
6.16e-07 0.000366875
6.17e-07 0.00035
6.18e-07 0.000418125
6.19e-07 0.000368125
6.2e-07 0.000358125
6.21e-07 0.000366875
6.22e-07 0.000391562
6.23e-07 0.000348125
6.24e-07 0.000407812
6.25e-07 0.000410312
6.26e-07 0.000308125
6.27e-07 0.0003625
6.28e-07 0.000396562
6.29e-07 0.00037
6.3e-07 0.000429062
6.31e-07 0.000373437
6.32e-07 0.00035375
6.33e-07 0.000360937
6.34e-07 0.00038375
6.35e-07 0.000400937
6.36e-07 0.00042
6.37e-07 0.000354375
6.38e-07 0.000325625
6.39e-07 0.000287812
6.4e-07 0.000396562
6.41e-07 0.0004025
6.42e-07 0.000377187
6.43e-07 0.000364062
6.44e-07 0.000392187
6.45e-07 0.000340625
6.46e-07 0.00045625
6.47e-07 0.000368437
6.48e-07 0.000342187
6.49e-07 0.000340312
6.5e-07 0.000349687
6.51e-07 0.0003525
6.52e-07 0.000381562
6.53e-07 0.000430937
6.54e-07 0.000405625
6.55e-07 0.000372187
6.56e-07 0.00037875
6.57e-07 0.00034
6.58e-07 0.000393437
6.59e-07 0.000365
6.6e-07 0.0003425
6.61e-07 0.000298437
6.62e-07 0.00042375
6.63e-07 0.000387812
6.64e-07 0.000476562
6.65e-07 0.000433125
6.66e-07 0.000423437
6.67e-07 0.000300937
6.68e-07 0.000327187
6.69e-07 0.00037125
6.7e-07 0.00039
6.71e-07 0.000408125
6.72e-07 0.00034875
6.73e-07 0.00038375
6.74e-07 0.000406875
6.75e-07 0.000460625
6.76e-07 0.000460312
6.77e-07 0.0003875
6.78e-07 0.000370625
6.79e-07 0.000285312
6.8e-07 0.000413125
6.81e-07 0.000409375
6.82e-07 0.000419375
6.83e-07 0.000307187
6.84e-07 0.000399062
6.85e-07 0.000365312
6.86e-07 0.000490937
6.87e-07 0.000405
6.88e-07 0.000383437
6.89e-07 0.000268125
6.9e-07 0.000409687
6.91e-07 0.000302812
6.92e-07 0.00043875
6.93e-07 0.00037875
6.94e-07 0.00036
6.95e-07 0.000339062
6.96e-07 0.0004175
6.97e-07 0.00036625
6.98e-07 0.000442187
6.99e-07 0.000368437
