-3e-08 0.00629687
-2.99e-08 0.00498437
-2.98e-08 0.00146875
-2.97e-08 -0.002
-2.96e-08 -0.00342188
-2.95e-08 -0.00284375
-2.94e-08 -0.00123438
-2.93e-08 0.000421872
-2.92e-08 0.002
-2.91e-08 0.00325
-2.9e-08 0.003
-2.89e-08 0.000484372
-2.88e-08 -0.00317188
-2.87e-08 -0.006
-2.86e-08 -0.0061875
-2.85e-08 -0.00379688
-2.84e-08 -0.000234378
-2.83e-08 0.0020625
-2.82e-08 0.002
-2.81e-08 4.68724e-05
-2.8e-08 -0.00175
-2.79e-08 -0.0016875
-2.78e-08 0.000124997
-2.77e-08 0.002
-2.76e-08 0.00242187
-2.75e-08 0.002125
-2.74e-08 0.0021875
-2.73e-08 0.00254687
-2.72e-08 0.002
-2.71e-08 -0.000203128
-2.7e-08 -0.0019375
-2.69e-08 -0.00132813
-2.68e-08 0.000859372
-2.67e-08 0.002
-2.66e-08 0.000453122
-2.65e-08 -0.00157813
-2.64e-08 -0.001625
-2.63e-08 0.000390622
-2.62e-08 0.002
-2.61e-08 0.0010625
-2.6e-08 -0.00117188
-2.59e-08 -0.00221875
-2.58e-08 -0.000750003
-2.57e-08 0.002
-2.56e-08 0.00378125
-2.55e-08 0.0031875
-2.54e-08 0.000499997
-2.53e-08 -0.00190625
-2.52e-08 -0.002
-2.51e-08 0.000281247
-2.5e-08 0.00204687
-2.49e-08 0.00103125
-2.48e-08 -0.00146875
-2.47e-08 -0.002
-2.46e-08 0.00128125
-2.45e-08 0.00514062
-2.44e-08 0.00554687
-2.43e-08 0.00196875
-2.42e-08 -0.002
-2.41e-08 -0.00251563
-2.4e-08 0.000203122
-2.39e-08 0.00334375
-2.38e-08 0.00396875
-2.37e-08 0.002
-2.36e-08 -0.000703128
-2.35e-08 -0.002125
-2.34e-08 -0.0014375
-2.33e-08 0.000499997
-2.32e-08 0.002
-2.31e-08 0.00165625
-2.3e-08 -0.000593753
-2.29e-08 -0.00328125
-2.28e-08 -0.00401563
-2.27e-08 -0.002
-2.26e-08 0.00140625
-2.25e-08 0.00278125
-2.24e-08 0.000218747
-2.23e-08 -0.0040625
-2.22e-08 -0.006
-2.21e-08 -0.00334375
-2.2e-08 0.000703122
-2.19e-08 0.00204687
-2.18e-08 -1.56276e-05
-2.17e-08 -0.002
-2.16e-08 -0.000765628
-2.15e-08 0.00146875
-2.14e-08 0.0014375
-2.13e-08 -0.000828128
-2.12e-08 -0.002
-2.11e-08 0.000187497
-2.1e-08 0.0021875
-2.09e-08 0.000453122
-2.08e-08 -0.00382813
-2.07e-08 -0.006
-2.06e-08 -0.00301563
-2.05e-08 0.0010625
-2.04e-08 0.00140625
-2.03e-08 -0.00242188
-2.02e-08 -0.006
-2.01e-08 -0.00490625
-2e-08 -0.000406253
-1.99e-08 0.003625
-1.98e-08 0.00410937
-1.97e-08 0.002
-1.96e-08 0.000156247
-1.95e-08 0.000734372
-1.94e-08 0.00360937
-1.93e-08 0.00617187
-1.92e-08 0.006
-1.91e-08 0.0025
-1.9e-08 -0.001125
-1.89e-08 -0.00184375
-1.88e-08 0.000234372
-1.87e-08 0.002
-1.86e-08 0.000781247
-1.85e-08 -0.00142188
-1.84e-08 -0.0016875
-1.83e-08 0.000312497
-1.82e-08 0.002
-1.81e-08 0.000921872
-1.8e-08 -0.00129688
-1.79e-08 -0.00196875
-1.78e-08 -0.000265628
-1.77e-08 0.002
-1.76e-08 0.00279687
-1.75e-08 0.002375
-1.74e-08 0.0018125
-1.73e-08 0.00184375
-1.72e-08 0.002
-1.71e-08 0.00128125
-1.7e-08 -0.000734378
-1.69e-08 -0.00329688
-1.68e-08 -0.0041875
-1.67e-08 -0.002
-1.66e-08 0.002625
-1.65e-08 0.00589062
-1.64e-08 0.00485937
-1.63e-08 0.000812497
-1.62e-08 -0.002
-1.61e-08 -0.000812503
-1.6e-08 0.0015
-1.59e-08 0.00134375
-1.58e-08 -0.00107813
-1.57e-08 -0.002
-1.56e-08 0.00126562
-1.55e-08 0.0051875
-1.54e-08 0.00534375
-1.53e-08 0.00153125
-1.52e-08 -0.002
-1.51e-08 -0.00146875
-1.5e-08 0.0010625
-1.49e-08 0.0019375
-1.48e-08 7.81224e-05
-1.47e-08 -0.002
-1.46e-08 -0.00145313
-1.45e-08 0.000828122
-1.44e-08 0.002625
-1.43e-08 0.0026875
-1.42e-08 0.002
-1.41e-08 0.00196875
-1.4e-08 0.00214062
-1.39e-08 0.00151562
-1.38e-08 -0.000156253
-1.37e-08 -0.002
-1.36e-08 -0.00290625
-1.35e-08 -0.00259375
-1.34e-08 -0.00135938
-1.33e-08 0.000281247
-1.32e-08 0.002
-1.31e-08 0.00323437
-1.3e-08 0.00289062
-1.29e-08 0.000703122
-1.28e-08 -0.001625
-1.27e-08 -0.002
-1.26e-08 0.000109372
-1.25e-08 0.0019375
-1.24e-08 0.00117187
-1.23e-08 -0.0011875
-1.22e-08 -0.002
-1.21e-08 0.000390622
-1.2e-08 0.00232812
-1.19e-08 0.000281247
-1.18e-08 -0.0041875
-1.17e-08 -0.006
-1.16e-08 -0.00179688
-1.15e-08 0.00407812
-1.14e-08 0.00626562
-1.13e-08 0.00404687
-1.12e-08 0.002
-1.11e-08 0.00384375
-1.1e-08 0.00614062
-1.09e-08 0.00425
-1.08e-08 -0.00145313
-1.07e-08 -0.006
-1.06e-08 -0.00492188
-1.05e-08 -0.000343753
-1.04e-08 0.0033125
-1.03e-08 0.00346875
-1.02e-08 0.002
-1.01e-08 0.00167187
-1e-08 0.00203125
-9.9e-09 0.00148437
-9.8e-09 -0.000281253
-9.7e-09 -0.002
-9.6e-09 -0.00234375
-9.5e-09 -0.00210938
-9.4e-09 -0.00215625
-9.3e-09 -0.00242188
-9.2e-09 -0.002
-9.1e-09 -0.000343753
-9e-09 0.0015
-8.9e-09 0.0020625
-8.8e-09 0.000609372
-8.7e-09 -0.002
-8.6e-09 -0.0040625
-8.5e-09 -0.00351563
-8.4e-09 7.81224e-05
-8.3e-09 0.00420312
-8.2e-09 0.006
-8.1e-09 0.00442187
-8e-09 0.0024375
-7.9e-09 0.00234375
-7.8e-09 0.00325
-7.7e-09 0.002
-7.6e-09 -0.00328125
-7.5e-09 -0.00878125
-7.4e-09 -0.00971875
-7.3e-09 -0.00489063
-7.2e-09 0.002
-7.1e-09 0.00579687
-7e-09 0.00448437
-6.9e-09 -0.000890628
-6.8e-09 -0.00657813
-6.7e-09 -0.01
-6.6e-09 -0.0104688
-6.5e-09 -0.0100625
-6.4e-09 -0.0104063
-6.3e-09 -0.0110313
-6.2e-09 -0.01
-6.1e-09 -0.00617188
-6e-09 -0.00267188
-5.9e-09 -0.00245313
-5.8e-09 -0.00484375
-5.7e-09 -0.006
-5.6e-09 -0.003125
-5.5e-09 0.000796872
-5.4e-09 0.00201562
-5.3e-09 -3.12526e-05
-5.2e-09 -0.002
-5.1e-09 -0.000953128
-5e-09 0.0013125
-4.9e-09 0.00173437
-4.8e-09 -0.000250003
-4.7e-09 -0.002
-4.6e-09 -0.00107813
-4.5e-09 0.00110937
-4.4e-09 0.00217187
-4.3e-09 0.00178125
-4.2e-09 0.002
-4.1e-09 0.00417187
-4e-09 0.00595312
-3.9e-09 0.00514062
-3.8e-09 0.00275
-3.7e-09 0.002
-3.6e-09 0.00442187
-3.5e-09 0.00642187
-3.4e-09 0.00417187
-3.3e-09 -0.0015
-3.2e-09 -0.006
-3.1e-09 -0.00525
-3e-09 -0.000703128
-2.9e-09 0.00401562
-2.8e-09 0.00598437
-2.7e-09 0.006
-2.6e-09 0.0060625
-2.5e-09 0.00617187
-2.4e-09 0.00551562
-2.3e-09 0.003875
-2.2e-09 0.002
-2.1e-09 0.000937497
-2e-09 0.00128125
-1.9e-09 0.00285937
-1.8e-09 0.00471875
-1.7e-09 0.006
-1.6e-09 0.00625
-1.5e-09 0.00607812
-1.4e-09 0.00607812
-1.3e-09 0.00625
-1.2e-09 0.006
-1.1e-09 0.00476562
-1e-09 0.00289062
-9e-10 0.00125
-8e-10 0.000906247
-7e-10 0.002
-6e-10 0.00385937
-5e-10 0.0055
-4e-10 0.00621875
-3e-10 0.006125
-2e-10 0.006
-1e-10 0.00620312
0 0.00628125
1e-10 0.00539062
2e-10 0.00364062
3e-10 0.002
4e-10 0.00128125
5e-10 0.00160937
6e-10 0.0023125
7e-10 0.0025625
8e-10 0.002
9e-10 0.000734372
1e-09 -0.00101563
1.1e-09 -0.00298438
1.2e-09 -0.0046875
1.3e-09 -0.006
1.4e-09 -0.00654688
1.5e-09 -0.00640625
1.6e-09 -0.00545313
1.7e-09 -0.00382813
1.8e-09 -0.002
1.9e-09 -0.000562503
2e-09 -0.000984378
2.1e-09 -0.00346875
2.2e-09 -0.00595313
2.3e-09 -0.006
2.4e-09 -0.00278125
2.5e-09 0.000843747
2.6e-09 0.00223437
2.7e-09 0.00164062
2.8e-09 0.002
2.9e-09 0.0048125
3e-09 0.006625
3.1e-09 0.0039375
3.2e-09 -0.00192188
3.3e-09 -0.006
3.4e-09 -0.00448438
3.5e-09 -4.68776e-05
3.6e-09 0.0029375
3.7e-09 0.00275
3.8e-09 0.002
3.9e-09 0.00342187
4e-09 0.00548437
4.1e-09 0.00564062
4.2e-09 0.00364062
4.3e-09 0.002
4.4e-09 0.002875
4.5e-09 0.00510937
4.6e-09 0.00628125
4.7e-09 0.00492187
4.8e-09 0.002
4.9e-09 -0.000562503
5e-09 -0.00185938
5.1e-09 -0.00198438
5.2e-09 -0.00176563
5.3e-09 -0.002
5.4e-09 -0.00245313
5.5e-09 -0.00253125
5.6e-09 -0.00107813
5.7e-09 0.00204687
5.8e-09 0.006
5.9e-09 0.0091875
6e-09 0.0103437
6.1e-09 0.00923437
6.2e-09 0.0071875
6.3e-09 0.006
6.4e-09 0.0065625
6.5e-09 0.00871875
6.6e-09 0.0111406
6.7e-09 0.0118281
6.8e-09 0.01
6.9e-09 0.00620312
7e-09 0.00309375
7.1e-09 0.000781247
7.2e-09 0.000218747
7.3e-09 0.002
7.4e-09 0.00270312
7.5e-09 0.00448437
7.6e-09 0.007125
7.7e-09 0.0124531
7.8e-09 0.022
7.9e-09 0.0278437
8e-09 0.0198125
8.1e-09 -0.0129531
8.2e-09 -0.0645469
8.3e-09 -0.122
8.4e-09 -0.169375
8.5e-09 -0.203109
8.6e-09 -0.2225
8.7e-09 -0.228453
8.8e-09 -0.226
8.9e-09 -0.212406
9e-09 -0.197594
9.1e-09 -0.182359
9.2e-09 -0.167219
9.3e-09 -0.15
9.4e-09 -0.125453
9.5e-09 -0.102891
9.6e-09 -0.087
9.7e-09 -0.07925
9.8e-09 -0.074
9.9e-09 -0.0658281
1e-08 -0.0552344
1.01e-08 -0.0461719
1.02e-08 -0.0404219
1.03e-08 -0.034
1.04e-08 -0.0259063
1.05e-08 -0.0173438
1.06e-08 -0.0121406
1.07e-08 -0.0110625
1.08e-08 -0.01
1.09e-08 -0.00717188
1.1e-08 -0.00353125
1.11e-08 -0.001375
1.12e-08 -0.000593753
1.13e-08 0.002
1.14e-08 0.00785937
1.15e-08 0.0149531
1.16e-08 0.0200156
1.17e-08 0.0215781
1.18e-08 0.022
1.19e-08 0.0232344
1.2e-08 0.0251719
1.21e-08 0.0263281
1.22e-08 0.0261406
1.23e-08 0.026
1.24e-08 0.0272187
1.25e-08 0.0311875
1.26e-08 0.0368594
1.27e-08 0.0410781
1.28e-08 0.042
1.29e-08 0.0388594
1.3e-08 0.0352031
1.31e-08 0.0335156
1.32e-08 0.0339219
1.33e-08 0.034
1.34e-08 0.0311875
1.35e-08 0.0274687
1.36e-08 0.0251875
1.37e-08 0.0252969
1.38e-08 0.026
1.39e-08 0.024625
1.4e-08 0.0206562
1.41e-08 0.0153906
1.42e-08 0.0115
1.43e-08 0.01
1.44e-08 0.0105312
1.45e-08 0.0105937
1.46e-08 0.008875
1.47e-08 0.00659375
1.48e-08 0.006
1.49e-08 0.00878125
1.5e-08 0.0126406
1.51e-08 0.0145156
1.52e-08 0.0130312
1.53e-08 0.01
1.54e-08 0.00835937
1.55e-08 0.00896875
1.56e-08 0.0110625
1.57e-08 0.0130312
1.58e-08 0.014
1.59e-08 0.0135781
1.6e-08 0.0115156
1.61e-08 0.00834375
1.62e-08 0.00604687
1.63e-08 0.006
1.64e-08 0.0080625
1.65e-08 0.00984375
1.66e-08 0.00948437
1.67e-08 0.00745312
1.68e-08 0.006
1.69e-08 0.00707812
1.7e-08 0.00915625
1.71e-08 0.0102969
1.72e-08 0.0100469
1.73e-08 0.01
1.74e-08 0.0116719
1.75e-08 0.0135
1.76e-08 0.0138594
1.77e-08 0.01325
1.78e-08 0.014
1.79e-08 0.0173594
1.8e-08 0.021
1.81e-08 0.0220156
1.82e-08 0.020125
1.83e-08 0.018
1.84e-08 0.0176875
1.85e-08 0.0181094
1.86e-08 0.0172031
1.87e-08 0.0151094
1.88e-08 0.014
1.89e-08 0.0152812
1.9e-08 0.0173906
1.91e-08 0.0178594
1.92e-08 0.0161094
1.93e-08 0.014
1.94e-08 0.01325
1.95e-08 0.01375
1.96e-08 0.0139219
1.97e-08 0.0125937
1.98e-08 0.01
1.99e-08 0.00732812
2e-08 0.00603125
2.01e-08 0.00628125
2.02e-08 0.00685937
2.03e-08 0.006
2.04e-08 0.003125
2.05e-08 -0.000531253
2.06e-08 -0.00289063
2.07e-08 -0.00296875
2.08e-08 -0.002
2.09e-08 -0.00139063
2.1e-08 -0.00167188
2.11e-08 -0.00223438
2.12e-08 -0.00235938
2.13e-08 -0.002
2.14e-08 -0.00107813
2.15e-08 0.000749997
2.16e-08 0.00335937
2.17e-08 0.00545312
2.18e-08 0.006
2.19e-08 0.00470312
2.2e-08 0.00279687
2.21e-08 0.00148437
2.22e-08 0.0014375
2.23e-08 0.002
2.24e-08 0.00171875
2.25e-08 -0.000375003
2.26e-08 -0.0038125
2.27e-08 -0.00629688
2.28e-08 -0.006
2.29e-08 -0.00267188
2.3e-08 0.000937497
2.31e-08 0.00225
2.32e-08 0.000624997
2.33e-08 -0.002
2.34e-08 -0.00298438
2.35e-08 -0.00257813
2.36e-08 -0.00157813
2.37e-08 -0.000281253
2.38e-08 0.002
2.39e-08 0.00573437
2.4e-08 0.00903125
2.41e-08 0.0102812
2.42e-08 0.009875
2.43e-08 0.01
2.44e-08 0.011875
2.45e-08 0.0137344
2.46e-08 0.0134531
2.47e-08 0.0113594
2.48e-08 0.01
2.49e-08 0.0110469
2.5e-08 0.0131719
2.51e-08 0.014125
2.52e-08 0.0136875
2.53e-08 0.014
2.54e-08 0.016125
2.55e-08 0.0180156
2.56e-08 0.017
2.57e-08 0.0133594
2.58e-08 0.01
2.59e-08 0.00914062
2.6e-08 0.00978125
2.61e-08 0.009625
2.62e-08 0.00790625
2.63e-08 0.006
2.64e-08 0.00545312
2.65e-08 0.005875
2.66e-08 0.00579687
2.67e-08 0.004375
2.68e-08 0.002
2.69e-08 -0.000156253
2.7e-08 -0.001625
2.71e-08 -0.00221875
2.72e-08 -0.0021875
2.73e-08 -0.002
2.74e-08 -0.0018125
2.75e-08 -0.00189063
2.76e-08 -0.00214063
2.77e-08 -0.00225
2.78e-08 -0.002
2.79e-08 -0.0015
2.8e-08 -0.00164063
2.81e-08 -0.0025625
2.82e-08 -0.00310938
2.83e-08 -0.002
2.84e-08 0.000703122
2.85e-08 0.00234375
2.86e-08 0.000703122
2.87e-08 -0.00315625
2.88e-08 -0.006
2.89e-08 -0.00539063
2.9e-08 -0.0030625
2.91e-08 -0.00165625
2.92e-08 -0.0019375
2.93e-08 -0.002
2.94e-08 -0.000140628
2.95e-08 0.00173437
2.96e-08 0.0014375
2.97e-08 -0.000671878
2.98e-08 -0.002
2.99e-08 -0.000625003
3e-08 0.00148437
3.01e-08 0.00170312
3.02e-08 -0.000234378
3.03e-08 -0.002
3.04e-08 -0.00132813
3.05e-08 0.000890622
3.06e-08 0.00257812
3.07e-08 0.00259375
3.08e-08 0.002
3.09e-08 0.00204687
3.1e-08 0.002125
3.11e-08 0.00154687
3.12e-08 0.00104687
3.13e-08 0.002
3.14e-08 0.00459375
3.15e-08 0.00628125
3.16e-08 0.00478125
3.17e-08 0.000984372
3.18e-08 -0.002
3.19e-08 -0.00170313
3.2e-08 0.000718747
3.21e-08 0.0026875
3.22e-08 0.00276562
3.23e-08 0.002
3.24e-08 0.00190625
3.25e-08 0.00203125
3.26e-08 0.00170312
3.27e-08 0.0013125
3.28e-08 0.002
3.29e-08 0.00407812
3.3e-08 0.00589062
3.31e-08 0.00542187
3.32e-08 0.00223437
3.33e-08 -0.002
3.34e-08 -0.00467188
3.35e-08 -0.00382813
3.36e-08 0.000312497
3.37e-08 0.00457812
3.38e-08 0.006
3.39e-08 0.00357812
3.4e-08 -0.000437503
3.41e-08 -0.00278125
3.42e-08 -0.00154688
3.43e-08 0.002
3.44e-08 0.00515625
3.45e-08 0.00632812
3.46e-08 0.00535937
3.47e-08 0.00346875
3.48e-08 0.002
3.49e-08 0.0015
3.5e-08 0.00176562
3.51e-08 0.00209375
3.52e-08 0.00209375
3.53e-08 0.002
3.54e-08 0.00204687
3.55e-08 0.0020625
3.56e-08 0.0018125
3.57e-08 0.00159375
3.58e-08 0.002
3.59e-08 0.00329687
3.6e-08 0.00521875
3.61e-08 0.00657812
3.62e-08 0.00570312
3.63e-08 0.002
3.64e-08 -0.0031875
3.65e-08 -0.00617188
3.66e-08 -0.0046875
3.67e-08 -0.000578128
3.68e-08 0.002
3.69e-08 0.000703122
3.7e-08 -0.00164063
3.71e-08 -0.00120313
3.72e-08 0.00242187
3.73e-08 0.006
3.74e-08 0.00609375
3.75e-08 0.00351562
3.76e-08 0.00101562
3.77e-08 0.000749997
3.78e-08 0.002
3.79e-08 0.00279687
3.8e-08 0.00248437
3.81e-08 0.0014375
3.82e-08 0.000968747
3.83e-08 0.002
3.84e-08 0.0041875
3.85e-08 0.00585937
3.86e-08 0.00551562
3.87e-08 0.00357812
3.88e-08 0.002
3.89e-08 0.00204687
3.9e-08 0.00229687
3.91e-08 0.00107812
3.92e-08 -0.00107813
3.93e-08 -0.002
3.94e-08 -0.000218753
3.95e-08 0.00175
3.96e-08 0.00134375
3.97e-08 -0.000906253
3.98e-08 -0.002
3.99e-08 1.56224e-05
4e-08 0.00195312
4.01e-08 0.000937497
4.02e-08 -0.00178125
4.03e-08 -0.002
4.04e-08 0.00275
4.05e-08 0.00842187
4.06e-08 0.00996875
4.07e-08 0.00640625
4.08e-08 0.002
4.09e-08 0.00129687
4.1e-08 0.004125
4.11e-08 0.00735937
4.12e-08 0.00796875
4.13e-08 0.006
4.14e-08 0.00334375
4.15e-08 0.00192187
4.16e-08 0.0024375
4.17e-08 0.00423437
4.18e-08 0.006
4.19e-08 0.00660937
4.2e-08 0.00628125
4.21e-08 0.00584375
4.22e-08 0.005875
4.23e-08 0.006
4.24e-08 0.00528125
4.25e-08 0.00332812
4.26e-08 0.000624997
4.27e-08 -0.0014375
4.28e-08 -0.002
4.29e-08 -0.000937503
4.3e-08 0.00103125
4.31e-08 0.00270312
4.32e-08 0.0029375
4.33e-08 0.002
4.34e-08 0.00101562
4.35e-08 0.00125
4.36e-08 0.0030625
4.37e-08 0.00521875
4.38e-08 0.006
4.39e-08 0.00417187
4.4e-08 0.000249997
4.41e-08 -0.00404688
4.42e-08 -0.00632813
4.43e-08 -0.006
4.44e-08 -0.0035625
4.45e-08 0.000156247
4.46e-08 0.00365625
4.47e-08 0.0045625
4.48e-08 0.002
4.49e-08 -0.00275
4.5e-08 -0.0059375
4.51e-08 -0.0049375
4.52e-08 -0.001
4.53e-08 0.002
4.54e-08 0.00140625
4.55e-08 -0.00103125
4.56e-08 -0.00221875
4.57e-08 -0.000671878
4.58e-08 0.002
4.59e-08 0.0031875
4.6e-08 0.00264062
4.61e-08 0.00145312
4.62e-08 0.001125
4.63e-08 0.002
4.64e-08 0.00304687
4.65e-08 0.00282812
4.66e-08 0.000703122
4.67e-08 -0.001625
4.68e-08 -0.002
4.69e-08 0.000187497
4.7e-08 0.00209375
4.71e-08 0.000859372
4.72e-08 -0.0029375
4.73e-08 -0.006
4.74e-08 -0.00548438
4.75e-08 -0.00310938
4.76e-08 -0.00160938
4.77e-08 -0.001875
4.78e-08 -0.002
4.79e-08 -0.000203128
4.8e-08 0.00170312
4.81e-08 0.0015
4.82e-08 -0.000578128
4.83e-08 -0.002
4.84e-08 -0.000906253
4.85e-08 0.00126562
4.86e-08 0.0020625
4.87e-08 0.000499997
4.88e-08 -0.002
4.89e-08 -0.003375
4.9e-08 -0.00279688
4.91e-08 -0.0011875
4.92e-08 -0.000546878
4.93e-08 -0.002
4.94e-08 -0.00476563
4.95e-08 -0.00635938
4.96e-08 -0.00479688
4.97e-08 -0.00104688
4.98e-08 0.002
4.99e-08 0.00195312
5e-08 -0.000531253
5.01e-08 -0.00301563
5.02e-08 -0.00339063
5.03e-08 -0.002
5.04e-08 -0.000265628
5.05e-08 0.00134375
5.06e-08 0.00260937
5.07e-08 0.00290625
5.08e-08 0.002
5.09e-08 0.000578122
5.1e-08 0.000828122
5.11e-08 0.00378125
5.12e-08 0.00775
5.13e-08 0.01
5.14e-08 0.00851562
5.15e-08 0.0043125
5.16e-08 4.68724e-05
5.17e-08 -0.000937503
5.18e-08 0.002
5.19e-08 0.00671875
5.2e-08 0.00985937
5.21e-08 0.00915625
5.22e-08 0.0055
5.23e-08 0.002
5.24e-08 0.000906247
5.25e-08 0.00159375
5.26e-08 0.00201562
5.27e-08 0.000656247
5.28e-08 -0.002
5.29e-08 -0.003875
5.3e-08 -0.00326563
5.31e-08 -0.000375003
5.32e-08 0.00215625
5.33e-08 0.002
5.34e-08 -0.000781253
5.35e-08 -0.00257813
5.36e-08 -0.000187503
5.37e-08 0.00540625
5.38e-08 0.01
5.39e-08 0.009625
5.4e-08 0.00498437
5.41e-08 -0.000546878
5.42e-08 -0.00303125
5.43e-08 -0.002
5.44e-08 0.000453122
5.45e-08 0.00201562
5.46e-08 0.00145312
5.47e-08 -0.000500003
5.48e-08 -0.002
5.49e-08 -0.0015625
5.5e-08 0.000656247
5.51e-08 0.003125
5.52e-08 0.00371875
5.53e-08 0.002
5.54e-08 -0.000750003
5.55e-08 -0.00221875
5.56e-08 -0.00117188
5.57e-08 0.0010625
5.58e-08 0.002
5.59e-08 0.000390622
5.6e-08 -0.001625
5.61e-08 -0.00157813
5.62e-08 0.000453122
5.63e-08 0.002
5.64e-08 0.000921872
5.65e-08 -0.00128125
5.66e-08 -0.00201563
5.67e-08 -0.000359378
5.68e-08 0.002
5.69e-08 0.00290625
5.7e-08 0.00245312
5.71e-08 0.0016875
5.72e-08 0.0015625
5.73e-08 0.002
5.74e-08 0.00228125
5.75e-08 0.0021875
5.76e-08 0.00175
5.77e-08 0.00154687
5.78e-08 0.002
5.79e-08 0.0028125
5.8e-08 0.0026875
5.81e-08 0.000843747
5.82e-08 -0.00139063
5.83e-08 -0.002
5.84e-08 -0.000171878
5.85e-08 0.00173437
5.86e-08 0.00145312
5.87e-08 -0.000640628
5.88e-08 -0.002
5.89e-08 -0.000765628
5.9e-08 0.001375
5.91e-08 0.00189062
5.92e-08 0.000124997
5.93e-08 -0.002
5.94e-08 -0.0020625
5.95e-08 0.000359372
5.96e-08 0.00348437
5.97e-08 0.00442187
5.98e-08 0.002
5.99e-08 -0.00259375
6e-08 -0.00584375
6.01e-08 -0.00507813
6.02e-08 -0.00126563
6.03e-08 0.002
6.04e-08 0.00182812
6.05e-08 -0.000656253
6.06e-08 -0.00275
6.07e-08 -0.00284375
6.08e-08 -0.002
6.09e-08 -0.00192188
6.1e-08 -0.00214063
6.11e-08 -0.00146875
6.12e-08 0.000265622
6.13e-08 0.002
6.14e-08 0.00257812
6.15e-08 0.00228125
6.16e-08 0.00179687
6.17e-08 0.00170312
6.18e-08 0.002
6.19e-08 0.00221875
6.2e-08 0.00215625
6.21e-08 0.00175
6.22e-08 0.00154687
6.23e-08 0.002
6.24e-08 0.00285937
6.25e-08 0.00271875
6.26e-08 0.000765622
6.27e-08 -0.00154688
6.28e-08 -0.002
6.29e-08 0.000187497
6.3e-08 0.00201562
6.31e-08 0.000968747
6.32e-08 -0.001625
6.33e-08 -0.002
6.34e-08 0.00178125
6.35e-08 0.00551562
6.36e-08 0.00492187
6.37e-08 0.000718747
6.38e-08 -0.002
6.39e-08 0.000453122
6.4e-08 0.00473437
6.41e-08 0.00578125
6.42e-08 0.00228125
6.43e-08 -0.002
6.44e-08 -0.00265625
6.45e-08 0.000124997
6.46e-08 0.00340625
6.47e-08 0.00407812
6.48e-08 0.002
6.49e-08 -0.000843753
6.5e-08 -0.00225
6.51e-08 -0.00120313
6.52e-08 0.000968747
6.53e-08 0.002
6.54e-08 0.000703122
6.55e-08 -0.00139063
6.56e-08 -0.00196875
6.57e-08 -0.000312503
6.58e-08 0.002
6.59e-08 0.00295312
6.6e-08 0.0025
6.61e-08 0.00160937
6.62e-08 0.00142187
6.63e-08 0.002
6.64e-08 0.00254687
6.65e-08 0.00235937
6.66e-08 0.00145312
6.67e-08 0.000937497
6.68e-08 0.002
6.69e-08 0.0044375
6.7e-08 0.00614062
6.71e-08 0.0050625
6.72e-08 0.00157812
6.73e-08 -0.002
6.74e-08 -0.003375
6.75e-08 -0.00270313
6.76e-08 -0.0015
6.77e-08 -0.00123438
6.78e-08 -0.002
6.79e-08 -0.00276563
6.8e-08 -0.00259375
6.81e-08 -0.0011875
6.82e-08 0.000656247
6.83e-08 0.002
6.84e-08 0.00234375
6.85e-08 0.002125
6.86e-08 0.002
6.87e-08 0.00214062
6.88e-08 0.002
6.89e-08 0.000921872
6.9e-08 -0.001
6.91e-08 -0.00295313
6.92e-08 -0.00348438
6.93e-08 -0.002
6.94e-08 0.000718747
6.95e-08 0.00221875
6.96e-08 0.00107812
6.97e-08 -0.00123438
6.98e-08 -0.002
6.99e-08 3.12474e-05
