-3e-08 -0.00114063
-2.99e-08 0.00053125
-2.98e-08 0.00254688
-2.97e-08 0.0045
-2.96e-08 0.006
-2.95e-08 0.00667188
-2.94e-08 0.00639063
-2.93e-08 0.005375
-2.92e-08 0.00385938
-2.91e-08 0.002
-2.9e-08 0.000328125
-2.89e-08 -0.000921875
-2.88e-08 -0.00179688
-2.87e-08 -0.00215625
-2.86e-08 -0.002
-2.85e-08 -0.00167188
-2.84e-08 -0.000984375
-2.83e-08 -9.375e-05
-2.82e-08 0.000859375
-2.81e-08 0.002
-2.8e-08 0.00315625
-2.79e-08 0.00415625
-2.78e-08 0.0050625
-2.77e-08 0.00571875
-2.76e-08 0.006
-2.75e-08 0.006
-2.74e-08 0.00553125
-2.73e-08 0.00464063
-2.72e-08 0.00346875
-2.71e-08 0.002
-2.7e-08 0.000390625
-2.69e-08 -0.000921875
-2.68e-08 -0.00185938
-2.67e-08 -0.00226563
-2.66e-08 -0.002
-2.65e-08 -0.00117188
-2.64e-08 -4.6875e-05
-2.63e-08 0.00101563
-2.62e-08 0.00178125
-2.61e-08 0.002
-2.6e-08 0.00153125
-2.59e-08 0.000609375
-2.58e-08 -0.000453125
-2.57e-08 -0.0014375
-2.56e-08 -0.002
-2.55e-08 -0.00192188
-2.54e-08 -0.00126563
-2.53e-08 -0.00025
-2.52e-08 0.00090625
-2.51e-08 0.002
-2.5e-08 0.00267188
-2.49e-08 0.00290625
-2.48e-08 0.0028125
-2.47e-08 0.00245313
-2.46e-08 0.002
-2.45e-08 0.00165625
-2.44e-08 0.00148438
-2.43e-08 0.0015
-2.42e-08 0.00170313
-2.41e-08 0.002
-2.4e-08 0.00223438
-2.39e-08 0.002375
-2.38e-08 0.002375
-2.37e-08 0.00223438
-2.36e-08 0.002
-2.35e-08 0.0016875
-2.34e-08 0.00145313
-2.33e-08 0.00142188
-2.32e-08 0.00160938
-2.31e-08 0.002
-2.3e-08 0.00254688
-2.29e-08 0.00298438
-2.28e-08 0.00310938
-2.27e-08 0.002875
-2.26e-08 0.002
-2.25e-08 0.00059375
-2.24e-08 -0.00110938
-2.23e-08 -0.003
-2.22e-08 -0.00473438
-2.21e-08 -0.006
-2.2e-08 -0.0066875
-2.19e-08 -0.00646875
-2.18e-08 -0.0055
-2.17e-08 -0.00398438
-2.16e-08 -0.002
-2.15e-08 1.5625e-05
-2.14e-08 0.00159375
-2.13e-08 0.00254688
-2.12e-08 0.00267188
-2.11e-08 0.002
-2.1e-08 0.000703125
-2.09e-08 -0.00075
-2.08e-08 -0.001875
-2.07e-08 -0.00240625
-2.06e-08 -0.002
-2.05e-08 -0.000609375
-2.04e-08 0.00132813
-2.03e-08 0.00339063
-2.02e-08 0.00510938
-2.01e-08 0.006
-2e-08 0.00575
-1.99e-08 0.00445313
-1.98e-08 0.00245313
-1.97e-08 0.0001875
-1.96e-08 -0.002
-1.95e-08 -0.00351563
-1.94e-08 -0.004125
-1.93e-08 -0.00401563
-1.92e-08 -0.00325
-1.91e-08 -0.002
-1.9e-08 -0.00084375
-1.89e-08 0.000203125
-1.88e-08 0.0010625
-1.87e-08 0.00164063
-1.86e-08 0.002
-1.85e-08 0.00228125
-1.84e-08 0.00234375
-1.83e-08 0.0023125
-1.82e-08 0.0021875
-1.81e-08 0.002
-1.8e-08 0.00175
-1.79e-08 0.0015625
-1.78e-08 0.00154688
-1.77e-08 0.0016875
-1.76e-08 0.002
-1.75e-08 0.00245313
-1.74e-08 0.0028125
-1.73e-08 0.00289063
-1.72e-08 0.00265625
-1.71e-08 0.002
-1.7e-08 0.00096875
-1.69e-08 -0.000140625
-1.68e-08 -0.00114063
-1.67e-08 -0.00182813
-1.66e-08 -0.002
-1.65e-08 -0.00167188
-1.64e-08 -0.000875
-1.63e-08 0.000125
-1.62e-08 0.001125
-1.61e-08 0.002
-1.6e-08 0.00245313
-1.59e-08 0.00253125
-1.58e-08 0.00239063
-1.57e-08 0.002125
-1.56e-08 0.002
-1.55e-08 0.00215625
-1.54e-08 0.00265625
-1.53e-08 0.0035625
-1.52e-08 0.00473438
-1.51e-08 0.006
-1.5e-08 0.00720313
-1.49e-08 0.00790625
-1.48e-08 0.00798438
-1.47e-08 0.00740625
-1.46e-08 0.006
-1.45e-08 0.00403125
-1.44e-08 0.0019375
-1.43e-08 1.5625e-05
-1.42e-08 -0.001375
-1.41e-08 -0.002
-1.4e-08 -0.00178125
-1.39e-08 -0.000875
-1.38e-08 0.00021875
-1.37e-08 0.00125
-1.36e-08 0.002
-1.35e-08 0.00203125
-1.34e-08 0.00175
-1.33e-08 0.0015
-1.32e-08 0.0014375
-1.31e-08 0.002
-1.3e-08 0.003375
-1.29e-08 0.00517188
-1.28e-08 0.00714063
-1.27e-08 0.008875
-1.26e-08 0.01
-1.25e-08 0.0101875
-1.24e-08 0.00953125
-1.23e-08 0.00845313
-1.22e-08 0.00717188
-1.21e-08 0.006
-1.2e-08 0.005375
-1.19e-08 0.00523438
-1.18e-08 0.00540625
-1.17e-08 0.00578125
-1.16e-08 0.006
-1.15e-08 0.00578125
-1.14e-08 0.0051875
-1.13e-08 0.00425
-1.12e-08 0.003125
-1.11e-08 0.002
-1.1e-08 0.00104688
-1.09e-08 0.00059375
-1.08e-08 0.000578125
-1.07e-08 0.00104688
-1.06e-08 0.002
-1.05e-08 0.00314063
-1.04e-08 0.00428125
-1.03e-08 0.00525
-1.02e-08 0.005875
-1.01e-08 0.006
-1e-08 0.00565625
-9.9e-09 0.004875
-9.8e-09 0.00389063
-9.7e-09 0.00289063
-9.6e-09 0.002
-9.5e-09 0.00142188
-9.4e-09 0.00123438
-9.3e-09 0.0013125
-9.2e-09 0.00160938
-9.1e-09 0.002
-9e-09 0.00226563
-8.9e-09 0.00240625
-8.8e-09 0.00240625
-8.7e-09 0.00225
-8.6e-09 0.002
-8.5e-09 0.00170313
-8.4e-09 0.0015
-8.3e-09 0.00148438
-8.2e-09 0.00167188
-8.1e-09 0.002
-8e-09 0.00245313
-7.9e-09 0.00278125
-7.8e-09 0.00285938
-7.7e-09 0.002625
-7.6e-09 0.002
-7.5e-09 0.00104688
-7.4e-09 4.47035e-11
-7.3e-09 -0.000953125
-7.2e-09 -0.00165625
-7.1e-09 -0.002
-7e-09 -0.00184375
-6.9e-09 -0.00148438
-6.8e-09 -0.00126563
-6.7e-09 -0.00132813
-6.6e-09 -0.002
-6.5e-09 -0.00334375
-6.4e-09 -0.00503125
-6.3e-09 -0.007
-6.2e-09 -0.00882813
-6.1e-09 -0.01
-6e-09 -0.0104063
-5.9e-09 -0.00960938
-5.8e-09 -0.00782813
-5.7e-09 -0.00534375
-5.6e-09 -0.002
-5.5e-09 0.00148438
-5.4e-09 0.00459375
-5.3e-09 0.00728125
-5.2e-09 0.009125
-5.1e-09 0.01
-5e-09 0.0100938
-4.9e-09 0.00934375
-4.8e-09 0.00829688
-4.7e-09 0.0071875
-4.6e-09 0.006
-4.5e-09 0.00515625
-4.4e-09 0.0045
-4.3e-09 0.00376563
-4.2e-09 0.003
-4.1e-09 0.002
-4e-09 0.00059375
-3.9e-09 -0.0006875
-3.8e-09 -0.00171875
-3.7e-09 -0.00228125
-3.6e-09 -0.002
-3.5e-09 -0.000921875
-3.4e-09 0.00075
-3.3e-09 0.00271875
-3.2e-09 0.00460938
-3.1e-09 0.006
-3e-09 0.00653125
-2.9e-09 0.00614063
-2.8e-09 0.00507813
-2.7e-09 0.00359375
-2.6e-09 0.002
-2.5e-09 0.000734375
-2.4e-09 0.000109375
-2.3e-09 9.375e-05
-2.2e-09 0.0006875
-2.1e-09 0.002
-2e-09 0.00357813
-1.9e-09 0.00532813
-1.8e-09 0.00717188
-1.7e-09 0.00879688
-1.6e-09 0.01
-1.5e-09 0.0107969
-1.4e-09 0.0107188
-1.3e-09 0.00984375
-1.2e-09 0.0083125
-1.1e-09 0.006
-1e-09 0.00329688
-9e-10 0.000859375
-8e-10 -0.0010625
-7e-10 -0.00210938
-6e-10 -0.002
-5e-10 -0.000921875
-4e-10 0.000890625
-3e-10 0.0029375
-2e-10 0.00475
-1e-10 0.006
0 0.00632813
1e-10 0.00576563
2e-10 0.0046875
3e-10 0.00332813
4e-10 0.002
5e-10 0.00117188
6e-10 0.000875
7e-10 0.000984375
8e-10 0.0014375
9e-10 0.002
1e-09 0.00229688
1.1e-09 0.00242188
1.2e-09 0.002375
1.3e-09 0.00220313
1.4e-09 0.002
1.5e-09 0.0019375
1.6e-09 0.00195313
1.7e-09 0.00198438
1.8e-09 0.00201563
1.9e-09 0.002
2e-09 0.00182813
2.1e-09 0.00165625
2.2e-09 0.001625
2.3e-09 0.00173438
2.4e-09 0.002
2.5e-09 0.0024375
2.6e-09 0.0028125
2.7e-09 0.0029375
2.8e-09 0.00275
2.9e-09 0.002
3e-09 0.000765625
3.1e-09 -0.000796875
3.2e-09 -0.00264063
3.3e-09 -0.0044375
3.4e-09 -0.006
3.5e-09 -0.007125
3.6e-09 -0.00753125
3.7e-09 -0.00746875
3.8e-09 -0.00696875
3.9e-09 -0.006
4e-09 -0.00489063
4.1e-09 -0.00379688
4.2e-09 -0.00289063
4.3e-09 -0.0023125
4.4e-09 -0.002
4.5e-09 -0.0019375
4.6e-09 -0.00204688
4.7e-09 -0.00215625
4.8e-09 -0.00221875
4.9e-09 -0.002
5e-09 -0.00148438
5.1e-09 -0.000734375
5.2e-09 0.000171875
5.3e-09 0.00107813
5.4e-09 0.002
5.5e-09 0.00260938
5.6e-09 0.003125
5.7e-09 0.00392188
5.8e-09 0.00490625
5.9e-09 0.006
6e-09 0.00695313
6.1e-09 0.00776563
6.2e-09 0.00878125
6.3e-09 0.00978125
6.4e-09 0.01
6.5e-09 0.00875
6.6e-09 0.0070625
6.7e-09 0.00592188
6.8e-09 0.00564063
6.9e-09 0.006
7e-09 0.00704688
7.1e-09 0.00804688
7.2e-09 0.00853125
7.3e-09 0.0081875
7.4e-09 0.006
7.5e-09 0.002
7.6e-09 -0.0030625
7.7e-09 -0.00807813
7.8e-09 -0.0124375
7.9e-09 -0.018
8e-09 -0.0225156
8.1e-09 -0.0298438
8.2e-09 -0.0428125
8.3e-09 -0.0603125
8.4e-09 -0.086
8.5e-09 -0.116984
8.6e-09 -0.148078
8.7e-09 -0.1795
8.8e-09 -0.205766
8.9e-09 -0.222
9e-09 -0.227359
9.1e-09 -0.218875
9.2e-09 -0.201703
9.3e-09 -0.179047
9.4e-09 -0.15
9.5e-09 -0.121406
9.6e-09 -0.0965625
9.7e-09 -0.0752656
9.8e-09 -0.0604688
9.9e-09 -0.05
1e-08 -0.0415781
1.01e-08 -0.0373281
1.02e-08 -0.0342656
1.03e-08 -0.0322344
1.04e-08 -0.03
1.05e-08 -0.0266719
1.06e-08 -0.0224063
1.07e-08 -0.0165469
1.08e-08 -0.00985938
1.09e-08 -0.002
1.1e-08 0.00595313
1.11e-08 0.0127656
1.12e-08 0.0188438
1.13e-08 0.0232969
1.14e-08 0.026
1.15e-08 0.0267969
1.16e-08 0.0264063
1.17e-08 0.0267344
1.18e-08 0.0279531
1.19e-08 0.03
1.2e-08 0.0325156
1.21e-08 0.0351875
1.22e-08 0.038125
1.23e-08 0.0407813
1.24e-08 0.042
1.25e-08 0.0411563
1.26e-08 0.0387656
1.27e-08 0.0357656
1.28e-08 0.0327969
1.29e-08 0.03
1.3e-08 0.028125
1.31e-08 0.0271406
1.32e-08 0.0266563
1.33e-08 0.0265625
1.34e-08 0.026
1.35e-08 0.0243906
1.36e-08 0.0221875
1.37e-08 0.0194375
1.38e-08 0.0166406
1.39e-08 0.014
1.4e-08 0.0120625
1.41e-08 0.0109688
1.42e-08 0.0102969
1.43e-08 0.0100781
1.44e-08 0.01
1.45e-08 0.00978125
1.46e-08 0.00939063
1.47e-08 0.00848438
1.48e-08 0.00721875
1.49e-08 0.006
1.5e-08 0.00498438
1.51e-08 0.00476563
1.52e-08 0.00546875
1.53e-08 0.0070625
1.54e-08 0.01
1.55e-08 0.0138594
1.56e-08 0.0178438
1.57e-08 0.0215938
1.58e-08 0.0244219
1.59e-08 0.026
1.6e-08 0.026125
1.61e-08 0.0250781
1.62e-08 0.02375
1.63e-08 0.0225313
1.64e-08 0.022
1.65e-08 0.0225938
1.66e-08 0.0240781
1.67e-08 0.026125
1.68e-08 0.0283125
1.69e-08 0.03
1.7e-08 0.0305313
1.71e-08 0.0300469
1.72e-08 0.0290156
1.73e-08 0.0276563
1.74e-08 0.026
1.75e-08 0.0247031
1.76e-08 0.0234531
1.77e-08 0.022
1.78e-08 0.0204063
1.79e-08 0.018
1.8e-08 0.0147188
1.81e-08 0.0112188
1.82e-08 0.00757813
1.83e-08 0.00440625
1.84e-08 0.002
1.85e-08 0.000671875
1.86e-08 0.000515625
1.87e-08 0.000796875
1.88e-08 0.00134375
1.89e-08 0.002
1.9e-08 0.00223438
1.91e-08 0.00226563
1.92e-08 0.002125
1.93e-08 0.00190625
1.94e-08 0.002
1.95e-08 0.00265625
1.96e-08 0.00357813
1.97e-08 0.0045625
1.98e-08 0.00539063
1.99e-08 0.006
2e-08 0.00615625
2.01e-08 0.00604688
2.02e-08 0.00584375
2.03e-08 0.0056875
2.04e-08 0.006
2.05e-08 0.006875
2.06e-08 0.00825
2.07e-08 0.0100625
2.08e-08 0.0120156
2.09e-08 0.014
2.1e-08 0.0156406
2.11e-08 0.01675
2.12e-08 0.0175781
2.13e-08 0.0180156
2.14e-08 0.018
2.15e-08 0.01775
2.16e-08 0.0171094
2.17e-08 0.0162813
2.18e-08 0.0153438
2.19e-08 0.014
2.2e-08 0.0124063
2.21e-08 0.01075
2.22e-08 0.00901563
2.23e-08 0.00746875
2.24e-08 0.006
2.25e-08 0.00470313
2.26e-08 0.00378125
2.27e-08 0.00296875
2.28e-08 0.00239063
2.29e-08 0.002
2.3e-08 0.00165625
2.31e-08 0.00154688
2.32e-08 0.00157813
2.33e-08 0.00171875
2.34e-08 0.002
2.35e-08 0.00242188
2.36e-08 0.00275
2.37e-08 0.00282813
2.38e-08 0.00259375
2.39e-08 0.002
2.4e-08 0.001125
2.41e-08 0.000171875
2.42e-08 -0.000828125
2.43e-08 -0.00164063
2.44e-08 -0.002
2.45e-08 -0.0018125
2.46e-08 -0.00110938
2.47e-08 -0.00015625
2.48e-08 0.000875
2.49e-08 0.002
2.5e-08 0.00285938
2.51e-08 0.00357813
2.52e-08 0.00434375
2.53e-08 0.00509375
2.54e-08 0.006
2.55e-08 0.00710938
2.56e-08 0.00814063
2.57e-08 0.0090625
2.58e-08 0.00970313
2.59e-08 0.01
2.6e-08 0.00979688
2.61e-08 0.0094375
2.62e-08 0.00926563
2.63e-08 0.00940625
2.64e-08 0.01
2.65e-08 0.011125
2.66e-08 0.0123594
2.67e-08 0.0134844
2.68e-08 0.0142344
2.69e-08 0.014
2.7e-08 0.0127344
2.71e-08 0.0105625
2.72e-08 0.00778125
2.73e-08 0.00485938
2.74e-08 0.002
2.75e-08 -0.000296875
2.76e-08 -0.00165625
2.77e-08 -0.00242188
2.78e-08 -0.00251563
2.79e-08 -0.002
2.8e-08 -0.001375
2.81e-08 -0.000515625
2.82e-08 0.00040625
2.83e-08 0.00121875
2.84e-08 0.002
2.85e-08 0.00273438
2.86e-08 0.003125
2.87e-08 0.00314063
2.88e-08 0.00279688
2.89e-08 0.002
2.9e-08 0.00090625
2.91e-08 -0.000203125
2.92e-08 -0.00121875
2.93e-08 -0.0019375
2.94e-08 -0.002
2.95e-08 -0.00153125
2.96e-08 -0.000328125
2.97e-08 0.00148438
2.98e-08 0.00360938
2.99e-08 0.006
3e-08 0.00829688
3.01e-08 0.00992188
3.02e-08 0.010875
3.03e-08 0.0109531
3.04e-08 0.01
3.05e-08 0.00829688
3.06e-08 0.00625
3.07e-08 0.0043125
3.08e-08 0.00285938
3.09e-08 0.002
3.1e-08 0.00195313
3.11e-08 0.00235938
3.12e-08 0.00267188
3.13e-08 0.0026875
3.14e-08 0.002
3.15e-08 0.000375
3.16e-08 -0.00160938
3.17e-08 -0.00364063
3.18e-08 -0.00529688
3.19e-08 -0.006
3.2e-08 -0.00553125
3.21e-08 -0.00404688
3.22e-08 -0.00201563
3.23e-08 0.000109375
3.24e-08 0.002
3.25e-08 0.003
3.26e-08 0.00320313
3.27e-08 0.00296875
3.28e-08 0.00242188
3.29e-08 0.002
3.3e-08 0.00214063
3.31e-08 0.00271875
3.32e-08 0.0036875
3.33e-08 0.00485938
3.34e-08 0.006
3.35e-08 0.00675
3.36e-08 0.00704688
3.37e-08 0.007
3.38e-08 0.00665625
3.39e-08 0.006
3.4e-08 0.00534375
3.41e-08 0.00459375
3.42e-08 0.00378125
3.43e-08 0.00295313
3.44e-08 0.002
3.45e-08 0.000890625
3.46e-08 -0.000109375
3.47e-08 -0.001
3.48e-08 -0.00164063
3.49e-08 -0.002
3.5e-08 -0.00209375
3.51e-08 -0.00198438
3.52e-08 -0.00189063
3.53e-08 -0.00190625
3.54e-08 -0.002
3.55e-08 -0.00232813
3.56e-08 -0.002625
3.57e-08 -0.00271875
3.58e-08 -0.00257813
3.59e-08 -0.002
3.6e-08 -0.00096875
3.61e-08 0.000171875
3.62e-08 0.0011875
3.63e-08 0.001875
3.64e-08 0.002
3.65e-08 0.00146875
3.66e-08 0.00053125
3.67e-08 -0.000546875
3.68e-08 -0.0015
3.69e-08 -0.002
3.7e-08 -0.00182813
3.71e-08 -0.00109375
3.72e-08 -7.8125e-05
3.73e-08 0.00101563
3.74e-08 0.002
3.75e-08 0.00253125
3.76e-08 0.00264063
3.77e-08 0.00254688
3.78e-08 0.00228125
3.79e-08 0.002
3.8e-08 0.00195313
3.81e-08 0.002
3.82e-08 0.00207813
3.83e-08 0.00215625
3.84e-08 0.002
3.85e-08 0.0015
3.86e-08 0.00078125
3.87e-08 -0.0001875
3.88e-08 -0.00120313
3.89e-08 -0.002
3.9e-08 -0.00253125
3.91e-08 -0.00240625
3.92e-08 -0.0015625
3.93e-08 -0.000125
3.94e-08 0.002
3.95e-08 0.0044375
3.96e-08 0.00667188
3.97e-08 0.00857813
3.98e-08 0.00979688
3.99e-08 0.01
4e-08 0.00928125
4.01e-08 0.00771875
4.02e-08 0.00575
4.03e-08 0.00376563
4.04e-08 0.002
4.05e-08 0.0008125
4.06e-08 0.00040625
4.07e-08 0.000546875
4.08e-08 0.00115625
4.09e-08 0.002
4.1e-08 0.00265625
4.11e-08 0.00304688
4.12e-08 0.00307813
4.13e-08 0.00271875
4.14e-08 0.002
4.15e-08 0.00115625
4.16e-08 0.000265625
4.17e-08 -0.000625
4.18e-08 -0.00139063
4.19e-08 -0.002
4.2e-08 -0.0025
4.21e-08 -0.0026875
4.22e-08 -0.00265625
4.23e-08 -0.00242188
4.24e-08 -0.002
4.25e-08 -0.00145313
4.26e-08 -0.00104688
4.27e-08 -0.001
4.28e-08 -0.00134375
4.29e-08 -0.002
4.3e-08 -0.00295313
4.31e-08 -0.00367188
4.32e-08 -0.00385938
4.33e-08 -0.003375
4.34e-08 -0.002
4.35e-08 0.0001875
4.36e-08 0.0025
4.37e-08 0.00453125
4.38e-08 0.00582813
4.39e-08 0.006
4.4e-08 0.00489063
4.41e-08 0.00296875
4.42e-08 0.00084375
4.43e-08 -0.00101563
4.44e-08 -0.002
4.45e-08 -0.00173438
4.46e-08 -0.000375
4.47e-08 0.00170313
4.48e-08 0.004
4.49e-08 0.006
4.5e-08 0.00704688
4.51e-08 0.00698438
4.52e-08 0.00596875
4.53e-08 0.00421875
4.54e-08 0.002
4.55e-08 -0.000109375
4.56e-08 -0.00165625
4.57e-08 -0.0025625
4.58e-08 -0.00267188
4.59e-08 -0.002
4.6e-08 -0.00090625
4.61e-08 0.000375
4.62e-08 0.00142188
4.63e-08 0.00201563
4.64e-08 0.002
4.65e-08 0.00129688
4.66e-08 0.000234375
4.67e-08 -0.00084375
4.68e-08 -0.00170313
4.69e-08 -0.002
4.7e-08 -0.00154688
4.71e-08 -0.000578125
4.72e-08 0.000515625
4.73e-08 0.00148438
4.74e-08 0.002
4.75e-08 0.00173438
4.76e-08 0.000921875
4.77e-08 -0.000171875
4.78e-08 -0.00128125
4.79e-08 -0.002
4.8e-08 -0.00201563
4.81e-08 -0.00139063
4.82e-08 -0.000359375
4.83e-08 0.00084375
4.84e-08 0.002
4.85e-08 0.0026875
4.86e-08 0.00290625
4.87e-08 0.0028125
4.88e-08 0.00245313
4.89e-08 0.002
4.9e-08 0.00171875
4.91e-08 0.00159375
4.92e-08 0.001625
4.93e-08 0.00178125
4.94e-08 0.002
4.95e-08 0.002125
4.96e-08 0.00220313
4.97e-08 0.0021875
4.98e-08 0.00210938
4.99e-08 0.002
5e-08 0.00190625
5.01e-08 0.00184375
5.02e-08 0.00184375
5.03e-08 0.00190625
5.04e-08 0.002
5.05e-08 0.00209375
5.06e-08 0.00215625
5.07e-08 0.00217188
5.08e-08 0.00210938
5.09e-08 0.002
5.1e-08 0.00178125
5.11e-08 0.001625
5.12e-08 0.0015625
5.13e-08 0.00164063
5.14e-08 0.002
5.15e-08 0.0025625
5.16e-08 0.00329688
5.17e-08 0.00421875
5.18e-08 0.00515625
5.19e-08 0.006
5.2e-08 0.00664063
5.21e-08 0.00690625
5.22e-08 0.00690625
5.23e-08 0.006625
5.24e-08 0.006
5.25e-08 0.0051875
5.26e-08 0.00429688
5.27e-08 0.00339063
5.28e-08 0.00260938
5.29e-08 0.002
5.3e-08 0.00154688
5.31e-08 0.00139063
5.32e-08 0.0014375
5.33e-08 0.00165625
5.34e-08 0.002
5.35e-08 0.00232813
5.36e-08 0.00254688
5.37e-08 0.00259375
5.38e-08 0.0024375
5.39e-08 0.002
5.4e-08 0.00139063
5.41e-08 0.000640625
5.42e-08 -0.00025
5.43e-08 -0.00115625
5.44e-08 -0.002
5.45e-08 -0.00271875
5.46e-08 -0.0030625
5.47e-08 -0.00307813
5.48e-08 -0.00276563
5.49e-08 -0.002
5.5e-08 -0.00096875
5.51e-08 0.000125
5.52e-08 0.00107813
5.53e-08 0.0016875
5.54e-08 0.002
5.55e-08 0.00192188
5.56e-08 0.00165625
5.57e-08 0.00151563
5.58e-08 0.0015625
5.59e-08 0.002
5.6e-08 0.002875
5.61e-08 0.00390625
5.62e-08 0.0049375
5.63e-08 0.00571875
5.64e-08 0.006
5.65e-08 0.005625
5.66e-08 0.00478125
5.67e-08 0.00371875
5.68e-08 0.0026875
5.69e-08 0.002
5.7e-08 0.001875
5.71e-08 0.002375
5.72e-08 0.003375
5.73e-08 0.00465625
5.74e-08 0.006
5.75e-08 0.007
5.76e-08 0.00746875
5.77e-08 0.00748438
5.78e-08 0.00704688
5.79e-08 0.006
5.8e-08 0.00470313
5.81e-08 0.00315625
5.82e-08 0.00135938
5.83e-08 -0.000390625
5.84e-08 -0.002
5.85e-08 -0.0034375
5.86e-08 -0.00414063
5.87e-08 -0.00417188
5.88e-08 -0.00351563
5.89e-08 -0.002
5.9e-08 4.47035e-11
5.91e-08 0.00210938
5.92e-08 0.00404688
5.93e-08 0.00545313
5.94e-08 0.006
5.95e-08 0.00573438
5.96e-08 0.00451563
5.97e-08 0.00257813
5.98e-08 0.000328125
5.99e-08 -0.002
6e-08 -0.004
6.01e-08 -0.00504688
6.02e-08 -0.00507813
6.03e-08 -0.00407813
6.04e-08 -0.002
6.05e-08 0.000703125
6.06e-08 0.00329688
6.07e-08 0.0053125
6.08e-08 0.00629688
6.09e-08 0.006
6.1e-08 0.00440625
6.11e-08 0.00217188
6.12e-08 1.5625e-05
6.13e-08 -0.0015625
6.14e-08 -0.002
6.15e-08 -0.00096875
6.16e-08 0.000984375
6.17e-08 0.00317188
6.18e-08 0.0050625
6.19e-08 0.006
6.2e-08 0.00539063
6.21e-08 0.00371875
6.22e-08 0.00157813
6.23e-08 -0.00053125
6.24e-08 -0.002
6.25e-08 -0.00210938
6.26e-08 -0.00125
6.27e-08 -1.5625e-05
6.28e-08 0.00123438
6.29e-08 0.002
6.3e-08 0.00159375
6.31e-08 0.000546875
6.32e-08 -0.00065625
6.33e-08 -0.00170313
6.34e-08 -0.002
6.35e-08 -0.00114063
6.36e-08 0.0005
6.37e-08 0.00254688
6.38e-08 0.00454688
6.39e-08 0.006
6.4e-08 0.00640625
6.41e-08 0.00585938
6.42e-08 0.00471875
6.43e-08 0.00326563
6.44e-08 0.002
6.45e-08 0.001375
6.46e-08 0.00157813
6.47e-08 0.00257813
6.48e-08 0.00415625
6.49e-08 0.006
6.5e-08 0.0076875
6.51e-08 0.00865625
6.52e-08 0.00878125
6.53e-08 0.00798438
6.54e-08 0.006
6.55e-08 0.00325
6.56e-08 0.00028125
6.57e-08 -0.00259375
6.58e-08 -0.00482813
6.59e-08 -0.006
6.6e-08 -0.00609375
6.61e-08 -0.0049375
6.62e-08 -0.00295313
6.63e-08 -0.000578125
6.64e-08 0.002
6.65e-08 0.00409375
6.66e-08 0.00545313
6.67e-08 0.00625
6.68e-08 0.00640625
6.69e-08 0.006
6.7e-08 0.00545313
6.71e-08 0.00467188
6.72e-08 0.00379688
6.73e-08 0.00295313
6.74e-08 0.002
6.75e-08 0.001
6.76e-08 0.000109375
6.77e-08 -0.00075
6.78e-08 -0.00148438
6.79e-08 -0.002
6.8e-08 -0.0023125
6.81e-08 -0.00234375
6.82e-08 -0.00228125
6.83e-08 -0.00215625
6.84e-08 -0.002
6.85e-08 -0.00192188
6.86e-08 -0.00189063
6.87e-08 -0.00190625
6.88e-08 -0.00195313
6.89e-08 -0.002
6.9e-08 -0.002
6.91e-08 -0.00198438
6.92e-08 -0.00201563
6.93e-08 -0.00207813
6.94e-08 -0.002
6.95e-08 -0.00189063
6.96e-08 -0.00148438
6.97e-08 -0.000671875
6.98e-08 0.00046875
6.99e-08 0.002
