-3e-08 -0.00142969
-2.99e-08 0.000328124
-2.98e-08 0.002
-2.97e-08 0.00278125
-2.96e-08 0.00248437
-2.95e-08 0.00147656
-2.94e-08 0.000523437
-2.93e-08 -8.34465e-10
-2.92e-08 -0.000117188
-2.91e-08 -4.68758e-05
-2.9e-08 -8.34465e-10
-2.89e-08 -2.34383e-05
-2.88e-08 -8.34465e-10
-2.87e-08 0.000109374
-2.86e-08 8.59367e-05
-2.85e-08 -0.000171876
-2.84e-08 -0.000359376
-2.83e-08 -8.34465e-10
-2.82e-08 0.00101562
-2.81e-08 0.00188281
-2.8e-08 0.00180469
-2.79e-08 0.000882812
-2.78e-08 -8.34465e-10
-2.77e-08 -0.000132813
-2.76e-08 -7.81333e-06
-2.75e-08 -0.000203126
-2.74e-08 -0.000468751
-2.73e-08 -8.34465e-10
-2.72e-08 0.0014375
-2.71e-08 0.00225
-2.7e-08 0.00117187
-2.69e-08 -0.000960938
-2.68e-08 -0.002
-2.67e-08 -0.000632813
-2.66e-08 0.00139062
-2.65e-08 0.0019375
-2.64e-08 0.000828124
-2.63e-08 -8.34465e-10
-2.62e-08 0.000960937
-2.61e-08 0.00202344
-2.6e-08 0.00128125
-2.59e-08 -0.000843751
-2.58e-08 -0.002
-2.57e-08 -0.000539063
-2.56e-08 0.00152344
-2.55e-08 0.00167969
-2.54e-08 -0.000273438
-2.53e-08 -0.002
-2.52e-08 -0.00128125
-2.51e-08 0.000921874
-2.5e-08 0.00259375
-2.49e-08 0.00264844
-2.48e-08 0.002
-2.47e-08 0.00191406
-2.46e-08 0.0020625
-2.45e-08 0.00165625
-2.44e-08 0.000687499
-2.43e-08 -8.34465e-10
-2.42e-08 0.000382812
-2.41e-08 0.00146094
-2.4e-08 0.00234375
-2.39e-08 0.0024375
-2.38e-08 0.002
-2.37e-08 0.00142969
-2.36e-08 0.000531249
-2.35e-08 -0.000632813
-2.34e-08 -0.00110156
-2.33e-08 -8.34465e-10
-2.32e-08 0.00250781
-2.31e-08 0.00410156
-2.3e-08 0.00314062
-2.29e-08 0.000828124
-2.28e-08 -8.34465e-10
-2.27e-08 0.00202344
-2.26e-08 0.00397656
-2.25e-08 0.0029375
-2.24e-08 -0.000281251
-2.23e-08 -0.002
-2.22e-08 0.000226562
-2.21e-08 0.00332031
-2.2e-08 0.00342969
-2.19e-08 0.000398437
-2.18e-08 -0.002
-2.17e-08 -0.000460938
-2.16e-08 0.0028125
-2.15e-08 0.00417969
-2.14e-08 0.0024375
-2.13e-08 -8.34465e-10
-2.12e-08 -0.000468751
-2.11e-08 -3.90633e-05
-2.1e-08 -0.000523438
-2.09e-08 -0.00182031
-2.08e-08 -0.002
-2.07e-08 0.000335937
-2.06e-08 0.0031875
-2.05e-08 0.00402344
-2.04e-08 0.00229687
-2.03e-08 -8.34465e-10
-2.02e-08 -0.000781251
-2.01e-08 -0.000351563
-2e-08 8.59367e-05
-1.99e-08 -8.34465e-10
-1.98e-08 -8.34465e-10
-1.97e-08 0.000781249
-1.96e-08 0.00175
-1.95e-08 0.00194531
-1.94e-08 0.00111719
-1.93e-08 -8.34465e-10
-1.92e-08 -0.000539063
-1.91e-08 -0.000304688
-1.9e-08 0.000296874
-1.89e-08 0.000531249
-1.88e-08 -8.34465e-10
-1.87e-08 -0.00107031
-1.86e-08 -0.00190625
-1.85e-08 -0.00184375
-1.84e-08 -0.000968751
-1.83e-08 -8.34465e-10
-1.82e-08 0.000374999
-1.81e-08 0.000187499
-1.8e-08 -0.000117188
-1.79e-08 -0.000156251
-1.78e-08 -8.34465e-10
-1.77e-08 7.03117e-05
-1.76e-08 3.12492e-05
-1.75e-08 -8.34465e-10
-1.74e-08 3.12492e-05
-1.73e-08 -8.34465e-10
-1.72e-08 -0.000140626
-1.71e-08 -0.000109376
-1.7e-08 0.000171874
-1.69e-08 0.000328124
-1.68e-08 -8.34465e-10
-1.67e-08 -0.000679688
-1.66e-08 -0.000585938
-1.65e-08 0.000953124
-1.64e-08 0.00300781
-1.63e-08 0.004
-1.62e-08 0.00291406
-1.61e-08 0.000890624
-1.6e-08 -0.000515626
-1.59e-08 -0.000546876
-1.58e-08 -8.34465e-10
-1.57e-08 8.59367e-05
-1.56e-08 -4.68758e-05
-1.55e-08 0.000249999
-1.54e-08 0.00113281
-1.53e-08 0.002
-1.52e-08 0.002
-1.51e-08 0.000867187
-1.5e-08 -0.000914063
-1.49e-08 -0.002125
-1.48e-08 -0.002
-1.47e-08 -0.000515626
-1.46e-08 0.00129687
-1.45e-08 0.00239844
-1.44e-08 0.00239844
-1.43e-08 0.002
-1.42e-08 0.00189844
-1.41e-08 0.00201562
-1.4e-08 0.00183594
-1.39e-08 0.00107031
-1.38e-08 -8.34465e-10
-1.37e-08 -0.000703126
-1.36e-08 -0.000476563
-1.35e-08 0.000601562
-1.34e-08 0.0016875
-1.33e-08 0.002
-1.32e-08 0.00125781
-1.31e-08 0.000265624
-1.3e-08 7.81167e-06
-1.29e-08 0.000796874
-1.28e-08 0.002
-1.27e-08 0.00261719
-1.26e-08 0.00239844
-1.25e-08 0.00155469
-1.24e-08 0.000656249
-1.23e-08 -8.34465e-10
-1.22e-08 -0.000343751
-1.21e-08 -0.000203126
-1.2e-08 0.000242187
-1.19e-08 0.000460937
-1.18e-08 -8.34465e-10
-1.17e-08 -0.000984376
-1.16e-08 -0.00185156
-1.15e-08 -0.00191406
-1.14e-08 -0.00109375
-1.13e-08 -8.34465e-10
-1.12e-08 0.000617187
-1.11e-08 0.000367187
-1.1e-08 -0.000421876
-1.09e-08 -0.000781251
-1.08e-08 -8.34465e-10
-1.07e-08 0.00178906
-1.06e-08 0.00353125
-1.05e-08 0.00408594
-1.04e-08 0.00328125
-1.03e-08 0.002
-1.02e-08 0.00109375
-1.01e-08 0.000398437
-1e-08 -0.000578126
-9.9e-09 -0.00160156
-9.8e-09 -0.002
-9.7e-09 -0.00127344
-9.6e-09 -0.000304688
-9.5e-09 7.81167e-06
-9.4e-09 -0.000210938
-9.3e-09 -8.34465e-10
-9.2e-09 0.00113281
-9.1e-09 0.00199219
-9e-09 0.00158594
-8.9e-09 0.000406249
-8.8e-09 -8.34465e-10
-8.7e-09 0.00132031
-8.6e-09 0.00334375
-8.5e-09 0.00410156
-8.4e-09 0.00263281
-8.3e-09 -8.34465e-10
-8.2e-09 -0.00204688
-8.1e-09 -0.00247656
-8e-09 -0.00135156
-7.9e-09 0.000460937
-7.8e-09 0.002
-7.7e-09 0.00214844
-7.6e-09 -6.25008e-05
-7.5e-09 -0.00425
-7.4e-09 -0.00767188
-7.3e-09 -0.008
-7.2e-09 -0.00482031
-7.1e-09 -0.00105469
-7e-09 0.000117187
-6.9e-09 -0.00222656
-6.8e-09 -0.006
-6.7e-09 -0.00851563
-6.6e-09 -0.00973438
-6.5e-09 -0.010375
-6.4e-09 -0.0106328
-6.3e-09 -0.01
-6.2e-09 -0.00766406
-6.1e-09 -0.00500781
-6e-09 -0.00341406
-5.9e-09 -0.00342969
-5.8e-09 -0.004
-5.7e-09 -0.0038125
-5.6e-09 -0.00278906
-5.5e-09 -0.00124219
-5.4e-09 0.000359374
-5.3e-09 0.002
-5.2e-09 0.00350781
-5.1e-09 0.00416406
-5e-09 0.00349219
-4.9e-09 0.00230469
-4.8e-09 0.002
-4.7e-09 0.00291406
-4.6e-09 0.00389062
-4.5e-09 0.00361719
-4.4e-09 0.0024375
-4.3e-09 0.002
-4.2e-09 0.00332812
-4.1e-09 0.00532031
-4e-09 0.00613281
-3.9e-09 0.00526562
-3.8e-09 0.004
-3.7e-09 0.00346875
-3.6e-09 0.00273437
-3.5e-09 0.000843749
-3.4e-09 -0.00132031
-3.3e-09 -0.002
-3.2e-09 -0.000328126
-3.1e-09 0.001625
-3e-09 0.00164844
-2.9e-09 -0.000289063
-2.8e-09 -0.002
-2.7e-09 -0.00129688
-2.6e-09 0.000898437
-2.5e-09 0.00266406
-2.4e-09 0.00279687
-2.3e-09 0.002
-2.2e-09 0.00138281
-2.1e-09 0.000546874
-2e-09 -0.000789063
-1.9e-09 -0.00147656
-1.8e-09 -8.34465e-10
-1.7e-09 0.00384375
-1.6e-09 0.0073125
-1.5e-09 0.00771094
-1.4e-09 0.00505469
-1.3e-09 0.002
-1.2e-09 0.000789062
-1.1e-09 0.000351562
-1e-09 -0.000867188
-9e-10 -0.00234375
-8e-10 -0.002
-7e-10 0.001375
-6e-10 0.00503906
-5e-10 0.00590625
-4e-10 0.003875
-3e-10 0.002
-2e-10 0.00261719
-1e-10 0.00388281
0 0.00325781
1e-10 0.00103906
2e-10 -8.34465e-10
3e-10 0.001875
4e-10 0.0039375
5e-10 0.0029375
6e-10 -0.000843751
7e-10 -0.004
8e-10 -0.00372656
9e-10 -0.00223438
1e-09 -0.00269531
1.1e-09 -0.0055
1.2e-09 -0.008
1.3e-09 -0.00739063
1.4e-09 -0.00514063
1.5e-09 -0.00340625
1.6e-09 -0.00286719
1.7e-09 -0.002
1.8e-09 0.000445312
1.9e-09 0.00217187
2e-09 0.000929687
2.1e-09 -0.00275
2.2e-09 -0.006
2.3e-09 -0.00610156
2.4e-09 -0.00365625
2.5e-09 -0.000687501
2.6e-09 0.00107031
2.7e-09 0.002
2.8e-09 0.00300781
2.9e-09 0.0038125
3e-09 0.00392969
3.1e-09 0.00369531
3.2e-09 0.004
3.3e-09 0.00494531
3.4e-09 0.00484375
3.5e-09 0.00254687
3.6e-09 -0.000570313
3.7e-09 -0.002
3.8e-09 -0.000382813
3.9e-09 0.00267187
4e-09 0.00467969
4.1e-09 0.00461719
4.2e-09 0.004
4.3e-09 0.00449219
4.4e-09 0.00558594
4.5e-09 0.00610937
4.6e-09 0.00541406
4.7e-09 0.004
4.8e-09 0.00284375
4.9e-09 0.00234375
5e-09 0.00125
5.1e-09 -0.000523438
5.2e-09 -0.002
5.3e-09 -0.00323438
5.4e-09 -0.00192188
5.5e-09 0.00209375
5.6e-09 0.00835156
5.7e-09 0.016
5.8e-09 0.0196328
5.9e-09 0.014125
6e-09 -0.00470313
6.1e-09 -0.0313516
6.2e-09 -0.058
6.3e-09 -0.0779141
6.4e-09 -0.0911484
6.5e-09 -0.100797
6.6e-09 -0.10832
6.7e-09 -0.114
6.8e-09 -0.114086
6.9e-09 -0.109914
7e-09 -0.101297
7.1e-09 -0.0910859
7.2e-09 -0.082
7.3e-09 -0.0740469
7.4e-09 -0.0731641
7.5e-09 -0.0798438
7.6e-09 -0.0902891
7.7e-09 -0.1
7.8e-09 -0.102813
7.9e-09 -0.0988125
8e-09 -0.088625
8.1e-09 -0.0748047
8.2e-09 -0.058
8.3e-09 -0.0388359
8.4e-09 -0.0204219
8.5e-09 -0.00448438
8.6e-09 0.00753906
8.7e-09 0.018
8.8e-09 0.0260156
8.9e-09 0.0262734
9e-09 0.0152266
9.1e-09 -0.00145313
9.2e-09 -0.014
9.3e-09 -0.0150078
9.4e-09 -0.00558594
9.5e-09 0.00926562
9.6e-09 0.0232578
9.7e-09 0.036
9.8e-09 0.0486875
9.9e-09 0.0596484
1e-08 0.0673594
1.01e-08 0.0716797
1.02e-08 0.076
1.03e-08 0.0820859
1.04e-08 0.0900234
1.05e-08 0.0971875
1.06e-08 0.101492
1.07e-08 0.104
1.08e-08 0.103461
1.09e-08 0.100578
1.1e-08 0.0946641
1.11e-08 0.0881563
1.12e-08 0.084
1.13e-08 0.0822344
1.14e-08 0.0812031
1.15e-08 0.0778047
1.16e-08 0.0723984
1.17e-08 0.068
1.18e-08 0.0670234
1.19e-08 0.0697578
1.2e-08 0.0740547
1.21e-08 0.0771406
1.22e-08 0.078
1.23e-08 0.0758594
1.24e-08 0.0693359
1.25e-08 0.057875
1.26e-08 0.0450156
1.27e-08 0.034
1.28e-08 0.0276328
1.29e-08 0.0246641
1.3e-08 0.0232891
1.31e-08 0.0224375
1.32e-08 0.022
1.33e-08 0.02325
1.34e-08 0.0250313
1.35e-08 0.0267813
1.36e-08 0.0287422
1.37e-08 0.032
1.38e-08 0.0369297
1.39e-08 0.0411172
1.4e-08 0.0419375
1.41e-08 0.0389219
1.42e-08 0.034
1.43e-08 0.0289141
1.44e-08 0.0233594
1.45e-08 0.0162109
1.46e-08 0.0085625
1.47e-08 0.002
1.48e-08 -0.00121875
1.49e-08 -0.00123438
1.5e-08 0.0014375
1.51e-08 0.0059375
1.52e-08 0.012
1.53e-08 0.0190234
1.54e-08 0.0244609
1.55e-08 0.0266953
1.56e-08 0.0263594
1.57e-08 0.026
1.58e-08 0.0263828
1.59e-08 0.0246875
1.6e-08 0.018
1.61e-08 0.00832812
1.62e-08 -8.34465e-10
1.63e-08 -0.00344531
1.64e-08 -0.00399219
1.65e-08 -0.00466406
1.66e-08 -0.00605469
1.67e-08 -0.006
1.68e-08 -0.0019375
1.69e-08 0.00352344
1.7e-08 0.00770312
1.71e-08 0.00976562
1.72e-08 0.012
1.73e-08 0.0163906
1.74e-08 0.0207969
1.75e-08 0.0221484
1.76e-08 0.0197422
1.77e-08 0.016
1.78e-08 0.0131172
1.79e-08 0.0110625
1.8e-08 0.00854687
1.81e-08 0.00576562
1.82e-08 0.004
1.83e-08 0.00421875
1.84e-08 0.00542969
1.85e-08 0.00621094
1.86e-08 0.00607031
1.87e-08 0.006
1.88e-08 0.00714844
1.89e-08 0.00903125
1.9e-08 0.01075
1.91e-08 0.0116406
1.92e-08 0.012
1.93e-08 0.0120625
1.94e-08 0.0110859
1.95e-08 0.00851562
1.96e-08 0.00560937
1.97e-08 0.004
1.98e-08 0.00417187
1.99e-08 0.00438281
2e-08 0.00303906
2.01e-08 0.000851562
2.02e-08 -8.34465e-10
2.03e-08 0.00199219
2.04e-08 0.00498437
2.05e-08 0.00625781
2.06e-08 0.00472656
2.07e-08 0.002
2.08e-08 0.000335937
2.09e-08 -0.000125001
2.1e-08 1.56242e-05
2.11e-08 0.000593749
2.12e-08 0.002
2.13e-08 0.00404687
2.14e-08 0.00471875
2.15e-08 0.00253125
2.16e-08 -0.00126563
2.17e-08 -0.004
2.18e-08 -0.00385938
2.19e-08 -0.0025
2.2e-08 -0.0020625
2.21e-08 -0.0030625
2.22e-08 -0.004
2.23e-08 -0.00326563
2.24e-08 -0.0021875
2.25e-08 -0.00236719
2.26e-08 -0.00361719
2.27e-08 -0.004
2.28e-08 -0.00200781
2.29e-08 0.000859374
2.3e-08 0.00252344
2.31e-08 0.00238281
2.32e-08 0.002
2.33e-08 0.00254687
2.34e-08 0.00261719
2.35e-08 0.000734374
2.36e-08 -0.00223438
2.37e-08 -0.004
2.38e-08 -0.003125
2.39e-08 -0.00196094
2.4e-08 -0.00286719
2.41e-08 -0.00520313
2.42e-08 -0.006
2.43e-08 -0.00323438
2.44e-08 0.000609374
2.45e-08 0.00239062
2.46e-08 0.00185156
2.47e-08 0.002
2.48e-08 0.00485156
2.49e-08 0.0076875
2.5e-08 0.0070625
2.51e-08 0.00328906
2.52e-08 -8.34465e-10
2.53e-08 -0.000390626
2.54e-08 -0.000757813
2.55e-08 -0.00448438
2.56e-08 -0.0103594
2.57e-08 -0.014
2.58e-08 -0.0120547
2.59e-08 -0.00773438
2.6e-08 -0.00544531
2.61e-08 -0.00653125
2.62e-08 -0.008
2.63e-08 -0.00665625
2.64e-08 -0.00453125
2.65e-08 -0.00434375
2.66e-08 -0.00635938
2.67e-08 -0.008
2.68e-08 -0.00682031
2.69e-08 -0.00460938
2.7e-08 -0.00419531
2.71e-08 -0.00660156
2.72e-08 -0.01
2.73e-08 -0.0117422
2.74e-08 -0.0111328
2.75e-08 -0.00875781
2.76e-08 -0.00611719
2.77e-08 -0.004
2.78e-08 -0.00261719
2.79e-08 -0.00203906
2.8e-08 -0.00200781
2.81e-08 -0.00209375
2.82e-08 -0.002
2.83e-08 -0.00182031
2.84e-08 -0.00183594
2.85e-08 -0.00225781
2.86e-08 -0.00305469
2.87e-08 -0.004
2.88e-08 -0.00467188
2.89e-08 -0.00450781
2.9e-08 -0.00332813
2.91e-08 -0.001625
2.92e-08 -8.34465e-10
2.93e-08 0.001125
2.94e-08 0.00175781
2.95e-08 0.00225781
2.96e-08 0.00296875
2.97e-08 0.004
2.98e-08 0.00482031
2.99e-08 0.00463281
3e-08 0.00304687
3.01e-08 0.00103906
3.02e-08 -8.34465e-10
3.03e-08 0.000492187
3.04e-08 0.00157812
3.05e-08 0.00207812
3.06e-08 0.001875
3.07e-08 0.002
3.08e-08 0.00303125
3.09e-08 0.00398437
3.1e-08 0.00354687
3.11e-08 0.00176562
3.12e-08 -8.34465e-10
3.13e-08 -0.000257813
3.14e-08 0.00107031
3.15e-08 0.00280469
3.16e-08 0.0033125
3.17e-08 0.002
3.18e-08 -0.000648438
3.19e-08 -0.00321094
3.2e-08 -0.004375
3.21e-08 -0.0036875
3.22e-08 -0.002
3.23e-08 -0.000531251
3.24e-08 7.81242e-05
3.25e-08 -0.000187501
3.26e-08 -0.000992188
3.27e-08 -0.002
3.28e-08 -0.0029375
3.29e-08 -0.00371875
3.3e-08 -0.00424219
3.31e-08 -0.00432813
3.32e-08 -0.004
3.33e-08 -0.00346875
3.34e-08 -0.003625
3.35e-08 -0.00457813
3.36e-08 -0.00514844
3.37e-08 -0.004
3.38e-08 -0.000968751
3.39e-08 0.00161719
3.4e-08 0.00158594
3.41e-08 -0.00104688
3.42e-08 -0.004
3.43e-08 -0.00479688
3.44e-08 -0.00332031
3.45e-08 -0.000773438
3.46e-08 0.00113281
3.47e-08 0.002
3.48e-08 0.00221094
3.49e-08 0.00210156
3.5e-08 0.001875
3.51e-08 0.00177344
3.52e-08 0.002
3.53e-08 0.00253125
3.54e-08 0.00342969
3.55e-08 0.00457812
3.56e-08 0.00553906
3.57e-08 0.006
3.58e-08 0.00557031
3.59e-08 0.00459375
3.6e-08 0.0034375
3.61e-08 0.00254687
3.62e-08 0.002
3.63e-08 0.00171875
3.64e-08 0.00183594
3.65e-08 0.0021875
3.66e-08 0.00235937
3.67e-08 0.002
3.68e-08 0.00107031
3.69e-08 0.000187499
3.7e-08 7.81167e-06
3.71e-08 0.000757812
3.72e-08 0.002
3.73e-08 0.00289844
3.74e-08 0.00265625
3.75e-08 0.00109375
3.76e-08 -0.000820313
3.77e-08 -0.002
3.78e-08 -0.00203906
3.79e-08 -0.001875
3.8e-08 -0.0024375
3.81e-08 -0.00349219
3.82e-08 -0.004
3.83e-08 -0.00320313
3.84e-08 -0.00220313
3.85e-08 -0.00219531
3.86e-08 -0.00319531
3.87e-08 -0.004
3.88e-08 -0.00348438
3.89e-08 -0.00239063
3.9e-08 -0.00191406
3.91e-08 -0.00264844
3.92e-08 -0.004
3.93e-08 -0.00477344
3.94e-08 -0.00450781
3.95e-08 -0.00339844
3.96e-08 -0.00235156
3.97e-08 -0.002
3.98e-08 -0.00224219
3.99e-08 -0.0023125
4e-08 -0.00141406
4.01e-08 0.000296874
4.02e-08 0.002
4.03e-08 0.00277344
4.04e-08 0.00242969
4.05e-08 0.00154687
4.06e-08 0.00121094
4.07e-08 0.002
4.08e-08 0.0035
4.09e-08 0.00423437
4.1e-08 0.00325781
4.11e-08 0.0018125
4.12e-08 0.002
4.13e-08 0.00439062
4.14e-08 0.006125
4.15e-08 0.004875
4.16e-08 0.00221094
4.17e-08 0.002
4.18e-08 0.0059375
4.19e-08 0.00971094
4.2e-08 0.00861719
4.21e-08 0.00301562
4.22e-08 -0.002
4.23e-08 -0.00179688
4.24e-08 0.00200781
4.25e-08 0.00503125
4.26e-08 0.00452344
4.27e-08 0.002
4.28e-08 0.000367187
4.29e-08 -9.37508e-05
4.3e-08 -7.81258e-05
4.31e-08 0.000398437
4.32e-08 0.002
4.33e-08 0.00446875
4.34e-08 0.0050625
4.35e-08 0.00202344
4.36e-08 -0.0028125
4.37e-08 -0.006
4.38e-08 -0.00533594
4.39e-08 -0.00291406
4.4e-08 -0.00185938
4.41e-08 -0.00346094
4.42e-08 -0.006
4.43e-08 -0.00667969
4.44e-08 -0.00525781
4.45e-08 -0.00282031
4.46e-08 -0.000945313
4.47e-08 -8.34465e-10
4.48e-08 0.000445312
4.49e-08 0.000265624
4.5e-08 -0.000328126
4.51e-08 -0.000601563
4.52e-08 -8.34465e-10
4.53e-08 0.00130469
4.54e-08 0.00208594
4.55e-08 0.00150781
4.56e-08 0.000281249
4.57e-08 -8.34465e-10
4.58e-08 0.00144531
4.59e-08 0.00334375
4.6e-08 0.00414062
4.61e-08 0.00382812
4.62e-08 0.004
4.63e-08 0.00549219
4.64e-08 0.00639062
4.65e-08 0.00480469
4.66e-08 0.00172656
4.67e-08 -8.34465e-10
4.68e-08 0.00139062
4.69e-08 0.00352344
4.7e-08 0.00355469
4.71e-08 0.00145312
4.72e-08 -8.34465e-10
4.73e-08 0.00133594
4.74e-08 0.00347656
4.75e-08 0.00363281
4.76e-08 0.00159375
4.77e-08 -8.34465e-10
4.78e-08 0.00117969
4.79e-08 0.00335937
4.8e-08 0.00382031
4.81e-08 0.00201562
4.82e-08 -8.34465e-10
4.83e-08 -0.000421876
4.84e-08 -0.00110156
4.85e-08 -0.00360156
4.86e-08 -0.00628125
4.87e-08 -0.006
4.88e-08 -0.00140625
4.89e-08 0.00314844
4.9e-08 0.00334375
4.91e-08 -0.000578126
4.92e-08 -0.004
4.93e-08 -0.00295313
4.94e-08 0.000484374
4.95e-08 0.00253125
4.96e-08 0.00160937
4.97e-08 -8.34465e-10
4.98e-08 0.000398437
4.99e-08 0.0016875
5e-08 0.00164844
5.01e-08 -0.000171876
5.02e-08 -0.002
5.03e-08 -0.00194531
5.04e-08 -0.000679688
5.05e-08 0.000359374
5.06e-08 0.000382812
5.07e-08 -8.34465e-10
5.08e-08 0.000242187
5.09e-08 0.00127344
5.1e-08 0.00270312
5.11e-08 0.00370312
5.12e-08 0.004
5.13e-08 0.00376562
5.14e-08 0.00379687
5.15e-08 0.00436719
5.16e-08 0.00476562
5.17e-08 0.004
5.18e-08 0.00184375
5.19e-08 0.000148437
5.2e-08 0.000445312
5.21e-08 0.002375
5.22e-08 0.004
5.23e-08 0.00371875
5.24e-08 0.00248437
5.25e-08 0.00191406
5.26e-08 0.00272656
5.27e-08 0.004
5.28e-08 0.00426562
5.29e-08 0.00303125
5.3e-08 0.000914062
5.31e-08 -0.000398438
5.32e-08 -8.34465e-10
5.33e-08 0.00164844
5.34e-08 0.00240625
5.35e-08 0.000953124
5.36e-08 -0.00138281
5.37e-08 -0.002
5.38e-08 0.000406249
5.39e-08 0.00332812
5.4e-08 0.00371875
5.41e-08 0.00108594
5.42e-08 -0.002
5.43e-08 -0.002625
5.44e-08 -0.00107031
5.45e-08 0.000749999
5.46e-08 0.00107812
5.47e-08 -8.34465e-10
5.48e-08 -0.00123438
5.49e-08 -0.00196094
5.5e-08 -0.00192969
5.51e-08 -0.00119531
5.52e-08 -8.34465e-10
5.53e-08 0.00125
5.54e-08 0.0019375
5.55e-08 0.00190625
5.56e-08 0.00170312
5.57e-08 0.002
5.58e-08 0.00272656
5.59e-08 0.002625
5.6e-08 0.000937499
5.61e-08 -0.00121875
5.62e-08 -0.002
5.63e-08 -0.000523438
5.64e-08 0.00144531
5.65e-08 0.00190625
5.66e-08 0.000773437
5.67e-08 -8.34465e-10
5.68e-08 0.00120312
5.69e-08 0.00325
5.7e-08 0.00419531
5.71e-08 0.00334375
5.72e-08 0.002
5.73e-08 0.00161719
5.74e-08 0.00189844
5.75e-08 0.00182812
5.76e-08 0.000992187
5.77e-08 -8.34465e-10
5.78e-08 -0.000367188
5.79e-08 -0.000187501
5.8e-08 0.000101562
5.81e-08 0.000132812
5.82e-08 -8.34465e-10
5.83e-08 -2.34383e-05
5.84e-08 -8.34465e-10
5.85e-08 -3.90633e-05
5.86e-08 -8.59383e-05
5.87e-08 -8.34465e-10
5.88e-08 0.000218749
5.89e-08 0.000156249
5.9e-08 -0.000250001
5.91e-08 -0.000492188
5.92e-08 -8.34465e-10
5.93e-08 0.00121094
5.94e-08 0.00207031
5.95e-08 0.00150781
5.96e-08 -0.000281251
5.97e-08 -0.002
5.98e-08 -0.00229688
5.99e-08 -0.00105469
6e-08 0.00101562
6.01e-08 0.00282031
6.02e-08 0.004
6.03e-08 0.00432031
6.04e-08 0.00315625
6.05e-08 0.000570312
6.06e-08 -0.00170313
6.07e-08 -0.002
6.08e-08 -6.25008e-05
6.09e-08 0.00178906
6.1e-08 0.00146875
6.11e-08 -0.000601563
6.12e-08 -0.002
6.13e-08 -0.000937501
6.14e-08 0.00119531
6.15e-08 0.00219531
6.16e-08 0.00130469
6.17e-08 -8.34465e-10
6.18e-08 0.000109374
6.19e-08 0.00135937
6.2e-08 0.00235937
6.21e-08 0.00185156
6.22e-08 -8.34465e-10
6.23e-08 -0.0019375
6.24e-08 -0.00248438
6.25e-08 -0.00110938
6.26e-08 0.000960937
6.27e-08 0.002
6.28e-08 0.00122656
6.29e-08 0.000117187
6.3e-08 0.000414062
6.31e-08 0.00222656
6.32e-08 0.004
6.33e-08 0.0040625
6.34e-08 0.00277344
6.35e-08 0.00146094
6.36e-08 0.00128125
6.37e-08 0.002
6.38e-08 0.00255469
6.39e-08 0.00239062
6.4e-08 0.00147656
6.41e-08 0.000453124
6.42e-08 -8.34465e-10
6.43e-08 0.000421874
6.44e-08 0.00146094
6.45e-08 0.00241406
6.46e-08 0.00259375
6.47e-08 0.002
6.48e-08 0.00108594
6.49e-08 0.000281249
6.5e-08 -0.000210938
6.51e-08 -0.000265626
6.52e-08 -8.34465e-10
6.53e-08 0.000367187
6.54e-08 0.000249999
6.55e-08 -0.000390626
6.56e-08 -0.000742188
6.57e-08 -8.34465e-10
6.58e-08 0.00169531
6.59e-08 0.00241406
6.6e-08 0.000968749
6.61e-08 -0.00133594
6.62e-08 -0.002
6.63e-08 0.000289062
6.64e-08 0.00320312
6.65e-08 0.00390625
6.66e-08 0.00201562
6.67e-08 -8.34465e-10
6.68e-08 0.000171874
6.69e-08 0.00149219
6.7e-08 0.0019375
6.71e-08 0.000945312
6.72e-08 -8.34465e-10
6.73e-08 0.000554687
6.74e-08 0.00167187
6.75e-08 0.00185937
6.76e-08 0.000859374
6.77e-08 -8.34465e-10
6.78e-08 0.000476562
6.79e-08 0.00159375
6.8e-08 0.00204687
6.81e-08 0.00128125
6.82e-08 -8.34465e-10
6.83e-08 -0.000867188
6.84e-08 -0.00161719
6.85e-08 -0.00251563
6.86e-08 -0.00292969
6.87e-08 -0.002
6.88e-08 0.000351562
6.89e-08 0.00199219
6.9e-08 0.00132031
6.91e-08 -0.000828126
6.92e-08 -0.002
6.93e-08 -0.000640626
6.94e-08 0.00139844
6.95e-08 0.00189062
6.96e-08 0.000718749
6.97e-08 -8.34465e-10
6.98e-08 0.00139062
6.99e-08 0.0034375
