-3e-08 -6.25017e-05
-2.99e-08 0.000453123
-2.98e-08 -1.66893e-09
-2.97e-08 -0.00278125
-2.96e-08 -0.00457813
-2.95e-08 -0.00217188
-2.94e-08 0.00340625
-2.93e-08 0.008
-2.92e-08 0.00809375
-2.91e-08 0.0054375
-2.9e-08 0.00326562
-2.89e-08 0.00329687
-2.88e-08 0.004
-2.87e-08 0.00309375
-2.86e-08 0.00101562
-2.85e-08 -0.000656252
-2.84e-08 -0.000796877
-2.83e-08 -1.66893e-09
-2.82e-08 0.000406248
-2.81e-08 0.000218748
-2.8e-08 -0.000203127
-2.79e-08 -0.000375002
-2.78e-08 -1.66893e-09
-2.77e-08 0.00104687
-2.76e-08 0.00295312
-2.75e-08 0.005
-2.74e-08 0.00565625
-2.73e-08 0.004
-2.72e-08 0.000374998
-2.71e-08 -0.00307813
-2.7e-08 -0.00426563
-2.69e-08 -0.0026875
-2.68e-08 -1.66893e-09
-2.67e-08 0.00160937
-2.66e-08 0.00104687
-2.65e-08 -0.00123438
-2.64e-08 -0.00339063
-2.63e-08 -0.004
-2.62e-08 -0.00284375
-2.61e-08 -0.000890627
-2.6e-08 0.000593748
-2.59e-08 0.000765623
-2.58e-08 -1.66893e-09
-2.57e-08 -0.000640627
-2.56e-08 -0.000406252
-2.55e-08 0.000468748
-2.54e-08 0.000890623
-2.53e-08 -1.66893e-09
-2.52e-08 -0.00210938
-2.51e-08 -0.0038125
-2.5e-08 -0.00365625
-2.49e-08 -0.00184375
-2.48e-08 -1.66893e-09
-2.47e-08 0.000499998
-2.46e-08 0.000171873
-2.45e-08 9.37483e-05
-2.44e-08 0.000359373
-2.43e-08 -1.66893e-09
-2.42e-08 -0.00167188
-2.41e-08 -0.00354688
-2.4e-08 -0.00395313
-2.39e-08 -0.00242188
-2.38e-08 -1.66893e-09
-2.37e-08 0.00192187
-2.36e-08 0.00340625
-2.35e-08 0.00467187
-2.34e-08 0.00510937
-2.33e-08 0.004
-2.32e-08 0.00135937
-2.31e-08 -0.000203127
-2.3e-08 0.000984373
-2.29e-08 0.0034375
-2.28e-08 0.004
-2.27e-08 0.00142187
-2.26e-08 -0.000421877
-2.25e-08 0.00170312
-2.24e-08 0.00614062
-2.23e-08 0.008
-2.22e-08 0.004
-2.21e-08 -0.002
-2.2e-08 -0.0044375
-2.19e-08 -0.00126563
-2.18e-08 0.004
-2.17e-08 0.00645312
-2.16e-08 0.00540625
-2.15e-08 0.00273437
-2.14e-08 0.000781248
-2.13e-08 -1.66893e-09
-2.12e-08 -0.000359377
-2.11e-08 -0.000234377
-2.1e-08 0.000343748
-2.09e-08 0.000656248
-2.08e-08 -1.66893e-09
-2.07e-08 -0.00128125
-2.06e-08 -0.00101563
-2.05e-08 0.00159375
-2.04e-08 0.00428125
-2.03e-08 0.004
-2.02e-08 -1.66893e-09
-2.01e-08 -0.00359375
-2e-08 -0.00303125
-1.99e-08 0.00101562
-1.98e-08 0.004
-1.97e-08 0.00221875
-1.96e-08 -0.00214063
-1.95e-08 -0.00485938
-1.94e-08 -0.00351563
-1.93e-08 -1.66893e-09
-1.92e-08 0.0020625
-1.91e-08 0.00128125
-1.9e-08 -0.00139063
-1.89e-08 -0.003625
-1.88e-08 -0.004
-1.87e-08 -0.00254688
-1.86e-08 -0.000593752
-1.85e-08 0.000109373
-1.84e-08 -0.00134375
-1.83e-08 -0.004
-1.82e-08 -0.00590625
-1.81e-08 -0.005375
-1.8e-08 -0.00217188
-1.79e-08 0.0016875
-1.78e-08 0.004
-1.77e-08 0.0035625
-1.76e-08 0.00135937
-1.75e-08 -0.00109375
-1.74e-08 -0.00275
-1.73e-08 -0.004
-1.72e-08 -0.00523438
-1.71e-08 -0.00504688
-1.7e-08 -0.00232813
-1.69e-08 0.00153125
-1.68e-08 0.004
-1.67e-08 0.00332812
-1.66e-08 0.0010625
-1.65e-08 -0.000546877
-1.64e-08 -0.000515627
-1.63e-08 -1.66893e-09
-1.62e-08 -0.000312502
-1.61e-08 -0.000421877
-1.6e-08 0.000906248
-1.59e-08 0.003
-1.58e-08 0.004
-1.57e-08 0.00259375
-1.56e-08 0.000624998
-1.55e-08 -1.56267e-05
-1.54e-08 0.000468748
-1.53e-08 -1.66893e-09
-1.52e-08 -0.00248438
-1.51e-08 -0.00425
-1.5e-08 -0.00273438
-1.49e-08 0.0011875
-1.48e-08 0.004
-1.47e-08 0.003125
-1.46e-08 0.000749998
-1.45e-08 0.000140623
-1.44e-08 0.00204687
-1.43e-08 0.004
-1.42e-08 0.00332812
-1.41e-08 0.00107812
-1.4e-08 -0.000562502
-1.39e-08 -0.000546877
-1.38e-08 -1.66893e-09
-1.37e-08 -0.000281252
-1.36e-08 -0.000375002
-1.35e-08 0.000796873
-1.34e-08 0.00278125
-1.33e-08 0.004
-1.32e-08 0.00317187
-1.31e-08 0.0010625
-1.3e-08 -0.000734377
-1.29e-08 -0.000953127
-1.28e-08 -1.66893e-09
-1.27e-08 0.000812498
-1.26e-08 0.000593748
-1.25e-08 -0.000781252
-1.24e-08 -0.00257813
-1.23e-08 -0.004
-1.22e-08 -0.00410938
-1.21e-08 -0.001875
-1.2e-08 0.00217187
-1.19e-08 0.00495312
-1.18e-08 0.004
-1.17e-08 -0.000468752
-1.16e-08 -0.00389063
-1.15e-08 -0.0026875
-1.14e-08 0.00160937
-1.13e-08 0.004
-1.12e-08 0.00115625
-1.11e-08 -0.00301563
-1.1e-08 -0.00342188
-1.09e-08 0.000406248
-1.08e-08 0.004
-1.07e-08 0.00315625
-1.06e-08 0.000671873
-1.05e-08 0.000515623
-1.04e-08 0.00289062
-1.03e-08 0.004
-1.02e-08 0.000921873
-1.01e-08 -0.00304688
-1e-08 -0.00360938
-9.9e-09 -3.12517e-05
-9.8e-09 0.004
-9.7e-09 0.00439062
-9.6e-09 0.00170312
-9.5e-09 -0.00123438
-9.4e-09 -0.00173438
-9.3e-09 -1.66893e-09
-9.2e-09 0.00221875
-9.1e-09 0.00378125
-9e-09 0.00395312
-8.9e-09 0.00254687
-8.8e-09 -1.66893e-09
-8.7e-09 -0.0026875
-8.6e-09 -0.00407813
-8.5e-09 -0.00354688
-8.4e-09 -0.00173438
-8.3e-09 -1.66893e-09
-8.2e-09 0.000624998
-8.1e-09 0.000312498
-8e-09 -0.000203127
-7.9e-09 -0.000296877
-7.8e-09 -1.66893e-09
-7.7e-09 0.000203123
-7.6e-09 0.000203123
-7.5e-09 -0.000328127
-7.4e-09 -0.00170313
-7.3e-09 -0.004
-7.2e-09 -0.00659375
-7.1e-09 -0.00814063
-7e-09 -0.00735938
-6.9e-09 -0.00421875
-6.8e-09 -1.66893e-09
-6.7e-09 0.00309375
-6.6e-09 0.00223437
-6.5e-09 -0.00309375
-6.4e-09 -0.00921875
-6.3e-09 -0.012
-6.2e-09 -0.00957813
-6.1e-09 -0.00553125
-6e-09 -0.00354688
-5.9e-09 -0.00409375
-5.8e-09 -0.004
-5.7e-09 -0.000656252
-5.6e-09 0.00315625
-5.5e-09 0.0035625
-5.4e-09 3.12483e-05
-5.3e-09 -0.004
-5.2e-09 -0.004625
-5.1e-09 -0.00196875
-5e-09 0.00164062
-4.9e-09 0.00367187
-4.8e-09 0.004
-4.7e-09 0.00371875
-4.6e-09 0.00378125
-4.5e-09 0.00425
-4.4e-09 0.00451562
-4.3e-09 0.004
-4.2e-09 0.00248437
-4.1e-09 0.000624998
-4e-09 -0.000343752
-3.9e-09 0.000796873
-3.8e-09 0.004
-3.7e-09 0.0075625
-3.6e-09 0.00878125
-3.5e-09 0.006375
-3.4e-09 0.00235937
-3.3e-09 -1.66893e-09
-3.2e-09 0.00101562
-3.1e-09 0.00328125
-3e-09 0.00392187
-2.9e-09 0.00215625
-2.8e-09 -1.66893e-09
-2.7e-09 7.81233e-05
-2.6e-09 0.00246875
-2.5e-09 0.00526562
-2.4e-09 0.00595312
-2.3e-09 0.004
-2.2e-09 0.000937498
-2.1e-09 -0.000515627
-2e-09 0.00128125
-1.9e-09 0.00507812
-1.8e-09 0.008
-1.7e-09 0.00776562
-1.6e-09 0.00534375
-1.5e-09 0.0030625
-1.4e-09 0.00276562
-1.3e-09 0.004
-1.2e-09 0.00492187
-1.1e-09 0.00465625
-1e-09 0.0031875
-9e-10 0.00139062
-8e-10 -1.66893e-09
-7e-10 -0.000546877
-6e-10 -0.000296877
-5e-10 0.000249998
-4e-10 0.000390623
-3e-10 -1.66893e-09
-2e-10 -0.000468752
-1e-10 -0.000406252
0 0.000593748
1e-10 0.00226562
2e-10 0.004
3e-10 0.00495312
4e-10 0.00467187
5e-10 0.00314062
6e-10 0.00129687
7e-10 -1.66893e-09
8e-10 -0.000437502
9e-10 -0.000218752
1e-09 0.000140623
1.1e-09 0.000218748
1.2e-09 -1.66893e-09
1.3e-09 -0.000296877
1.4e-09 -0.000203127
1.5e-09 0.000312498
1.6e-09 0.000593748
1.7e-09 -1.66893e-09
1.8e-09 -0.00114063
1.9e-09 -0.000921877
2e-09 0.00148437
2.1e-09 0.0040625
2.2e-09 0.004
2.3e-09 0.000312498
2.4e-09 -0.003375
2.5e-09 -0.00340625
2.6e-09 0.000249998
2.7e-09 0.004
2.8e-09 0.0043125
2.9e-09 0.00167187
3e-09 -0.00125
3.1e-09 -0.00176563
3.2e-09 -1.66893e-09
3.3e-09 0.00189062
3.4e-09 0.00134375
3.5e-09 -0.00190625
3.6e-09 -0.00479688
3.7e-09 -0.004
3.8e-09 0.00126562
3.9e-09 0.00670312
4e-09 0.00778125
4.1e-09 0.004125
4.2e-09 -1.66893e-09
4.3e-09 -0.000546877
4.4e-09 0.00235937
4.5e-09 0.00448437
4.6e-09 0.00426562
4.7e-09 0.004
4.8e-09 0.00210937
4.9e-09 0.0030625
5e-09 0.00396875
5.1e-09 0.00376562
5.2e-09 0.004
5.3e-09 0.000843748
5.4e-09 -0.00496875
5.5e-09 -0.0209219
5.6e-09 -0.0537656
5.7e-09 -0.108
5.8e-09 -0.177875
5.9e-09 -0.251766
6e-09 -0.310188
6.1e-09 -0.336094
6.2e-09 -0.336
6.3e-09 -0.312484
6.4e-09 -0.281563
6.5e-09 -0.245375
6.6e-09 -0.211797
6.7e-09 -0.184
6.8e-09 -0.154891
6.9e-09 -0.126797
7e-09 -0.0963125
7.1e-09 -0.0677656
7.2e-09 -0.044
7.3e-09 -0.0267344
7.4e-09 -0.0136094
7.5e-09 -0.003125
7.6e-09 0.00685937
7.7e-09 0.02
7.8e-09 0.0310937
7.9e-09 0.0407344
8e-09 0.0456563
8.1e-09 0.0454063
8.2e-09 0.044
8.3e-09 0.04175
8.4e-09 0.0425469
8.5e-09 0.0454375
8.6e-09 0.0477031
8.7e-09 0.048
8.8e-09 0.0453125
8.9e-09 0.043625
9e-09 0.0452813
9.1e-09 0.0492031
9.2e-09 0.052
9.3e-09 0.0504375
9.4e-09 0.0462344
9.5e-09 0.0424219
9.6e-09 0.0407969
9.7e-09 0.04
9.8e-09 0.0381563
9.9e-09 0.0363438
1e-08 0.0362656
1.01e-08 0.0380469
1.02e-08 0.04
1.03e-08 0.0403906
1.04e-08 0.0401094
1.05e-08 0.0401406
1.06e-08 0.0404219
1.07e-08 0.04
1.08e-08 0.038
1.09e-08 0.0363125
1.1e-08 0.0362031
1.11e-08 0.036875
1.12e-08 0.036
1.13e-08 0.0317969
1.14e-08 0.0264687
1.15e-08 0.0222344
1.16e-08 0.0195156
1.17e-08 0.016
1.18e-08 0.0109531
1.19e-08 0.0078125
1.2e-08 0.00965625
1.21e-08 0.0142187
1.22e-08 0.016
1.23e-08 0.0124844
1.24e-08 0.0084375
1.25e-08 0.00946875
1.26e-08 0.0152969
1.27e-08 0.02
1.28e-08 0.0186094
1.29e-08 0.0139844
1.3e-08 0.0113125
1.31e-08 0.0129687
1.32e-08 0.016
1.33e-08 0.0160781
1.34e-08 0.0136406
1.35e-08 0.01075
1.36e-08 0.00909375
1.37e-08 0.008
1.38e-08 0.00635937
1.39e-08 0.00464062
1.4e-08 0.00367187
1.41e-08 0.00371875
1.42e-08 0.004
1.43e-08 0.004
1.44e-08 0.00385937
1.45e-08 0.00434375
1.46e-08 0.00582812
1.47e-08 0.008
1.48e-08 0.0101875
1.49e-08 0.0117344
1.5e-08 0.0120156
1.51e-08 0.0106719
1.52e-08 0.008
1.53e-08 0.00503125
1.54e-08 0.00370312
1.55e-08 0.00485937
1.56e-08 0.00707812
1.57e-08 0.008
1.58e-08 0.00646875
1.59e-08 0.00445312
1.6e-08 0.00425
1.61e-08 0.00609375
1.62e-08 0.008
1.63e-08 0.00817187
1.64e-08 0.00782812
1.65e-08 0.00873437
1.66e-08 0.0107656
1.67e-08 0.012
1.68e-08 0.0107656
1.69e-08 0.00873437
1.7e-08 0.00782812
1.71e-08 0.00817187
1.72e-08 0.008
1.73e-08 0.00603125
1.74e-08 0.00420312
1.75e-08 0.00453125
1.76e-08 0.006625
1.77e-08 0.008
1.78e-08 0.006875
1.79e-08 0.0046875
1.8e-08 0.00403125
1.81e-08 0.00571875
1.82e-08 0.008
1.83e-08 0.00890625
1.84e-08 0.00845312
1.85e-08 0.00770312
1.86e-08 0.0075625
1.87e-08 0.008
1.88e-08 0.00871875
1.89e-08 0.0105156
1.9e-08 0.01375
1.91e-08 0.0173594
1.92e-08 0.02
1.93e-08 0.0200469
1.94e-08 0.0178125
1.95e-08 0.0140937
1.96e-08 0.0105625
1.97e-08 0.008
1.98e-08 0.00653125
1.99e-08 0.00710937
2e-08 0.00910937
2.01e-08 0.0101094
2.02e-08 0.008
2.03e-08 0.00307812
2.04e-08 -0.000140627
2.05e-08 0.00159375
2.06e-08 0.00614062
2.07e-08 0.008
2.08e-08 0.0039375
2.09e-08 -0.00198438
2.1e-08 -0.004375
2.11e-08 -0.00220313
2.12e-08 -1.66893e-09
2.13e-08 -0.00157813
2.14e-08 -0.003875
2.15e-08 -0.00264063
2.16e-08 0.00160937
2.17e-08 0.004
2.18e-08 0.001125
2.19e-08 -0.00303125
2.2e-08 -0.00335938
2.21e-08 0.000531248
2.22e-08 0.004
2.23e-08 0.00304687
2.24e-08 0.000515623
2.25e-08 0.000749998
2.26e-08 0.00442187
2.27e-08 0.008
2.28e-08 0.00767187
2.29e-08 0.00520312
2.3e-08 0.00353125
2.31e-08 0.00375
2.32e-08 0.004
2.33e-08 0.00232812
2.34e-08 0.000390623
2.35e-08 0.000312498
2.36e-08 0.00223437
2.37e-08 0.004
2.38e-08 0.00345312
2.39e-08 0.00120312
2.4e-08 -0.000843752
2.41e-08 -0.00114063
2.42e-08 -1.66893e-09
2.43e-08 0.00160937
2.44e-08 0.00329687
2.45e-08 0.004625
2.46e-08 0.0049375
2.47e-08 0.004
2.48e-08 0.002
2.49e-08 0.000296873
2.5e-08 0.000109373
2.51e-08 0.00167187
2.52e-08 0.004
2.53e-08 0.0055625
2.54e-08 0.00515625
2.55e-08 0.0024375
2.56e-08 -0.00115625
2.57e-08 -0.004
2.58e-08 -0.00509375
2.59e-08 -0.00467188
2.6e-08 -0.0033125
2.61e-08 -0.00170313
2.62e-08 -1.66893e-09
2.63e-08 0.00185937
2.64e-08 0.00354687
2.65e-08 0.0041875
2.66e-08 0.00295312
2.67e-08 -1.66893e-09
2.68e-08 -0.00339063
2.69e-08 -0.00470313
2.7e-08 -0.0025
2.71e-08 0.00145312
2.72e-08 0.004
2.73e-08 0.0031875
2.74e-08 0.000937498
2.75e-08 -0.000265627
2.76e-08 6.24983e-05
2.77e-08 -1.66893e-09
2.78e-08 -0.00201563
2.79e-08 -0.0039375
2.8e-08 -0.00315625
2.81e-08 0.000359373
2.82e-08 0.004
2.83e-08 0.00517187
2.84e-08 0.00454687
2.85e-08 0.00375
2.86e-08 0.00376562
2.87e-08 0.004
2.88e-08 0.00315625
2.89e-08 0.001125
2.9e-08 -0.001
2.91e-08 -0.00154688
2.92e-08 -1.66893e-09
2.93e-08 0.00267187
2.94e-08 0.00425
2.95e-08 0.00301562
2.96e-08 -0.000515627
2.97e-08 -0.004
2.98e-08 -0.0048125
2.99e-08 -0.00229688
3e-08 0.00242187
3.01e-08 0.0064375
3.02e-08 0.008
3.03e-08 0.00684375
3.04e-08 0.0048125
3.05e-08 0.00357812
3.06e-08 0.003625
3.07e-08 0.004
3.08e-08 0.00370312
3.09e-08 0.00370312
3.1e-08 0.00467187
3.11e-08 0.00546875
3.12e-08 0.004
3.13e-08 -0.000578127
3.14e-08 -0.00601563
3.15e-08 -0.00909375
3.16e-08 -0.00796875
3.17e-08 -0.004
3.18e-08 0.000390623
3.19e-08 0.00321875
3.2e-08 0.00448437
3.21e-08 0.00554687
3.22e-08 0.008
3.23e-08 0.0113594
3.24e-08 0.0128125
3.25e-08 0.0100937
3.26e-08 0.00457812
3.27e-08 -1.66893e-09
3.28e-08 -0.000609377
3.29e-08 0.0021875
3.3e-08 0.00528125
3.31e-08 0.00584375
3.32e-08 0.004
3.33e-08 0.00157812
3.34e-08 7.81233e-05
3.35e-08 0.000249998
3.36e-08 0.001875
3.37e-08 0.004
3.38e-08 0.00539062
3.39e-08 0.0049375
3.4e-08 0.00284375
3.41e-08 0.000734373
3.42e-08 -1.66893e-09
3.43e-08 0.000968748
3.44e-08 0.0030625
3.45e-08 0.00464062
3.46e-08 0.00371875
3.47e-08 -1.66893e-09
3.48e-08 -0.0045
3.49e-08 -0.0055625
3.5e-08 -0.0011875
3.51e-08 0.00515625
3.52e-08 0.008
3.53e-08 0.0044375
3.54e-08 -0.00167188
3.55e-08 -0.004875
3.56e-08 -0.00320313
3.57e-08 -1.66893e-09
3.58e-08 0.000703123
3.59e-08 7.81233e-05
3.6e-08 0.000671873
3.61e-08 0.00275
3.62e-08 0.004
3.63e-08 0.00246875
3.64e-08 0.000406248
3.65e-08 0.000421873
3.66e-08 0.00251562
3.67e-08 0.004
3.68e-08 0.00235937
3.69e-08 -0.00176563
3.7e-08 -0.0058125
3.71e-08 -0.00670313
3.72e-08 -0.004
3.73e-08 0.000453123
3.74e-08 0.00359375
3.75e-08 0.0035625
3.76e-08 0.00139062
3.77e-08 -1.66893e-09
3.78e-08 0.00123437
3.79e-08 0.003375
3.8e-08 0.00382812
3.81e-08 0.00204687
3.82e-08 -1.66893e-09
3.83e-08 -0.000296877
3.84e-08 9.37483e-05
3.85e-08 -0.000671877
3.86e-08 -0.002625
3.87e-08 -0.004
3.88e-08 -0.00314063
3.89e-08 -0.00103125
3.9e-08 0.000609373
3.91e-08 0.000718748
3.92e-08 -1.66893e-09
3.93e-08 -0.000343752
3.94e-08 -0.000187502
3.95e-08 0.000124998
3.96e-08 0.000187498
3.97e-08 -1.66893e-09
3.98e-08 -0.000203127
3.99e-08 -0.000140627
4e-08 0.000171873
4.01e-08 0.000328123
4.02e-08 -1.66893e-09
4.03e-08 -0.000625002
4.04e-08 -0.000546877
4.05e-08 0.000859373
4.06e-08 0.00282812
4.07e-08 0.004
4.08e-08 0.00328125
4.09e-08 0.00115625
4.1e-08 -0.000968752
4.11e-08 -0.00145313
4.12e-08 -1.66893e-09
4.13e-08 0.00235937
4.14e-08 0.0039375
4.15e-08 0.0035625
4.16e-08 0.00175
4.17e-08 -1.66893e-09
4.18e-08 -0.000531252
4.19e-08 -0.000234377
4.2e-08 1.56233e-05
4.21e-08 -0.000125002
4.22e-08 -1.66893e-09
4.23e-08 0.00120312
4.24e-08 0.00310937
4.25e-08 0.004625
4.26e-08 0.00485937
4.27e-08 0.004
4.28e-08 0.00253125
4.29e-08 0.000781248
4.3e-08 -0.000734377
4.31e-08 -0.00114063
4.32e-08 -1.66893e-09
4.33e-08 0.00221875
4.34e-08 0.00385937
4.35e-08 0.00357812
4.36e-08 0.00173437
4.37e-08 -1.66893e-09
4.38e-08 -0.000406252
4.39e-08 -0.000140627
4.4e-08 -0.000140627
4.41e-08 -0.000390627
4.42e-08 -1.66893e-09
4.43e-08 0.001625
4.44e-08 0.00348437
4.45e-08 0.00404687
4.46e-08 0.00257812
4.47e-08 -1.66893e-09
4.48e-08 -0.00195313
4.49e-08 -0.00135938
4.5e-08 0.00184375
4.51e-08 0.00465625
4.52e-08 0.004
4.53e-08 -0.000421877
4.54e-08 -0.00389063
4.55e-08 -0.00257813
4.56e-08 0.00185937
4.57e-08 0.004
4.58e-08 0.000593748
4.59e-08 -0.0035
4.6e-08 -0.002625
4.61e-08 0.003125
4.62e-08 0.008
4.63e-08 0.00678125
4.64e-08 0.00209375
4.65e-08 -0.000828127
4.66e-08 0.000703123
4.67e-08 0.004
4.68e-08 0.00464062
4.69e-08 0.00204687
4.7e-08 -0.00189063
4.71e-08 -0.00421875
4.72e-08 -0.004
4.73e-08 -0.0015625
4.74e-08 0.0021875
4.75e-08 0.00553125
4.76e-08 0.00629687
4.77e-08 0.004
4.78e-08 -0.000203127
4.79e-08 -0.00353125
4.8e-08 -0.003625
4.81e-08 -0.000390627
4.82e-08 0.004
4.83e-08 0.0070625
4.84e-08 0.00828125
4.85e-08 0.00748437
4.86e-08 0.0046875
4.87e-08 -1.66893e-09
4.88e-08 -0.0054375
4.89e-08 -0.008375
4.9e-08 -0.00646875
4.91e-08 -0.0010625
4.92e-08 0.004
4.93e-08 0.00525
4.94e-08 0.00235937
4.95e-08 -0.00225
4.96e-08 -0.004875
4.97e-08 -0.004
4.98e-08 -0.000578127
4.99e-08 0.00295312
5e-08 0.00439062
5.01e-08 0.00295312
5.02e-08 -1.66893e-09
5.03e-08 -0.00221875
5.04e-08 -0.00148438
5.05e-08 0.00189062
5.06e-08 0.00467187
5.07e-08 0.004
5.08e-08 -0.000265627
5.09e-08 -0.00376563
5.1e-08 -0.00284375
5.11e-08 0.00134375
5.12e-08 0.004
5.13e-08 0.0016875
5.14e-08 -0.00253125
5.15e-08 -0.00420313
5.16e-08 -0.00223438
5.17e-08 -1.66893e-09
5.18e-08 -0.000859377
5.19e-08 -0.00328125
5.2e-08 -0.00384375
5.21e-08 -0.000812502
5.22e-08 0.004
5.23e-08 0.0070625
5.24e-08 0.0060625
5.25e-08 0.00140625
5.26e-08 -0.00307813
5.27e-08 -0.004
5.28e-08 -0.000859377
5.29e-08 0.00303125
5.3e-08 0.00379687
5.31e-08 0.000484373
5.32e-08 -0.004
5.33e-08 -0.00565625
5.34e-08 -0.00273438
5.35e-08 0.00289062
5.36e-08 0.00615625
5.37e-08 0.004
5.38e-08 -0.00257813
5.39e-08 -0.00765625
5.4e-08 -0.0065
5.41e-08 -0.000562502
5.42e-08 0.004
5.43e-08 0.00253125
5.44e-08 -0.00207813
5.45e-08 -0.00457813
5.46e-08 -0.00282813
5.47e-08 -1.66893e-09
5.48e-08 -0.000234377
5.49e-08 -0.00278125
5.5e-08 -0.00454688
5.51e-08 -0.0033125
5.52e-08 -1.66893e-09
5.53e-08 0.00301562
5.54e-08 0.00425
5.55e-08 0.00335937
5.56e-08 0.00146875
5.57e-08 -1.66893e-09
5.58e-08 -0.000296877
5.59e-08 -7.81267e-05
5.6e-08 -0.000171877
5.61e-08 -0.000453127
5.62e-08 -1.66893e-09
5.63e-08 0.00175
5.64e-08 0.00357812
5.65e-08 0.00385937
5.66e-08 0.00221875
5.67e-08 -1.66893e-09
5.68e-08 -0.00114063
5.69e-08 -0.000750002
5.7e-08 0.000843748
5.71e-08 0.00265625
5.72e-08 0.004
5.73e-08 0.00453125
5.74e-08 0.004375
5.75e-08 0.00353125
5.76e-08 0.00203125
5.77e-08 -1.66893e-09
5.78e-08 -0.00178125
5.79e-08 -0.001375
5.8e-08 0.002
5.81e-08 0.006125
5.82e-08 0.008
5.83e-08 0.00592187
5.84e-08 0.00185937
5.85e-08 -0.00117188
5.86e-08 -0.00139063
5.87e-08 -1.66893e-09
5.88e-08 0.000765623
5.89e-08 0.000421873
5.9e-08 -0.000343752
5.91e-08 -0.000562502
5.92e-08 -1.66893e-09
5.93e-08 0.00110937
5.94e-08 0.00296875
5.95e-08 0.0050625
5.96e-08 0.00578125
5.97e-08 0.004
5.98e-08 9.37483e-05
5.99e-08 -0.00328125
6e-08 -0.00389063
6.01e-08 -0.00196875
6.02e-08 -1.66893e-09
6.03e-08 0.000171873
6.04e-08 -0.000171877
6.05e-08 0.000734373
6.06e-08 0.00276562
6.07e-08 0.004
6.08e-08 0.00282812
6.09e-08 0.000687498
6.1e-08 -0.000109377
6.11e-08 0.00142187
6.12e-08 0.004
6.13e-08 0.0054375
6.14e-08 0.0049375
6.15e-08 0.00285937
6.16e-08 0.000828123
6.17e-08 -1.66893e-09
6.18e-08 0.000249998
6.19e-08 0.000359373
6.2e-08 -0.000781252
6.21e-08 -0.00273438
6.22e-08 -0.004
6.23e-08 -0.00325
6.24e-08 -0.001125
6.25e-08 0.000843748
6.26e-08 0.00121875
6.27e-08 -1.66893e-09
6.28e-08 -0.00179688
6.29e-08 -0.0034375
6.3e-08 -0.004375
6.31e-08 -0.0044375
6.32e-08 -0.004
6.33e-08 -0.00310938
6.34e-08 -0.00128125
6.35e-08 0.00146875
6.36e-08 0.00367187
6.37e-08 0.004
6.38e-08 0.002125
6.39e-08 0.000249998
6.4e-08 0.000437498
6.41e-08 0.00245312
6.42e-08 0.004
6.43e-08 0.0030625
6.44e-08 0.000921873
6.45e-08 -0.000375002
6.46e-08 -0.000218752
6.47e-08 -1.66893e-09
6.48e-08 -0.000875002
6.49e-08 -0.000828127
6.5e-08 0.00154687
6.51e-08 0.00426562
6.52e-08 0.004
6.53e-08 -0.000296877
6.54e-08 -0.00392188
6.55e-08 -0.0024375
6.56e-08 0.00329687
6.57e-08 0.008
6.58e-08 0.00710937
6.59e-08 0.00246875
6.6e-08 -0.00154688
6.61e-08 -0.00189063
6.62e-08 -1.66893e-09
6.63e-08 0.000984373
6.64e-08 0.000531248
6.65e-08 -0.000390627
6.66e-08 -0.000625002
6.67e-08 -1.66893e-09
6.68e-08 0.001125
6.69e-08 0.00296875
6.7e-08 0.0050625
6.71e-08 0.00578125
6.72e-08 0.004
6.73e-08 3.12483e-05
6.74e-08 -0.00332813
6.75e-08 -0.0038125
6.76e-08 -0.0018125
6.77e-08 -1.66893e-09
6.78e-08 -0.000187502
6.79e-08 -0.000453127
6.8e-08 0.0011875
6.81e-08 0.00367187
6.82e-08 0.004
6.83e-08 0.000531248
6.84e-08 -0.00328125
6.85e-08 -0.00339063
6.86e-08 0.000328123
6.87e-08 0.004
6.88e-08 0.0039375
6.89e-08 0.00139062
6.9e-08 -0.000812502
6.91e-08 -0.000921877
6.92e-08 -1.66893e-09
6.93e-08 0.000140623
6.94e-08 -9.37517e-05
6.95e-08 0.000437498
6.96e-08 0.00210937
6.97e-08 0.004
6.98e-08 0.00445312
6.99e-08 0.00215625
