-3e-08 0.00140625
-2.99e-08 -0.000703128
-2.98e-08 -0.002
-2.97e-08 -0.000781253
-2.96e-08 0.00126562
-2.95e-08 0.0020625
-2.94e-08 0.00159375
-2.93e-08 0.002
-2.92e-08 0.00440625
-2.91e-08 0.00621875
-2.9e-08 0.0046875
-2.89e-08 0.000734372
-2.88e-08 -0.002
-2.87e-08 -0.001
-2.86e-08 0.00132812
-2.85e-08 0.00165625
-2.84e-08 -0.000406253
-2.83e-08 -0.002
-2.82e-08 -0.000718753
-2.81e-08 0.0014375
-2.8e-08 0.0016875
-2.79e-08 -0.000296878
-2.78e-08 -0.002
-2.77e-08 -0.00101563
-2.76e-08 0.00120312
-2.75e-08 0.002125
-2.74e-08 0.000578122
-2.73e-08 -0.002
-2.72e-08 -0.003375
-2.71e-08 -0.002875
-2.7e-08 -0.00104688
-2.69e-08 0.000828122
-2.68e-08 0.002
-2.67e-08 0.00235937
-2.66e-08 0.00217187
-2.65e-08 0.00184375
-2.64e-08 0.00176562
-2.63e-08 0.002
-2.62e-08 0.00221875
-2.61e-08 0.00214062
-2.6e-08 0.00178125
-2.59e-08 0.00160937
-2.58e-08 0.002
-2.57e-08 0.00260937
-2.56e-08 0.00251562
-2.55e-08 0.00115625
-2.54e-08 -0.000781253
-2.53e-08 -0.002
-2.52e-08 -0.0015
-2.51e-08 0.000687497
-2.5e-08 0.00317187
-2.49e-08 0.00384375
-2.48e-08 0.002
-2.47e-08 -0.00117188
-2.46e-08 -0.00260938
-2.45e-08 -0.000484378
-2.44e-08 0.0035625
-2.43e-08 0.006
-2.42e-08 0.00435937
-2.41e-08 0.000124997
-2.4e-08 -0.00348438
-2.39e-08 -0.00396875
-2.38e-08 -0.002
-2.37e-08 0.000312497
-2.36e-08 0.00173437
-2.35e-08 0.00209375
-2.34e-08 0.00195312
-2.33e-08 0.002
-2.32e-08 0.00232812
-2.31e-08 0.00226562
-2.3e-08 0.00146875
-2.29e-08 0.000921872
-2.28e-08 0.002
-2.27e-08 0.0046875
-2.26e-08 0.00634375
-2.25e-08 0.00465625
-2.24e-08 0.000749997
-2.23e-08 -0.002
-2.22e-08 -0.00114063
-2.21e-08 0.00121875
-2.2e-08 0.00190625
-2.19e-08 0.000109372
-2.18e-08 -0.002
-2.17e-08 -0.00210938
-2.16e-08 -0.00184375
-2.15e-08 -0.0028125
-2.14e-08 -0.00384375
-2.13e-08 -0.002
-2.12e-08 0.00384375
-2.11e-08 0.0090625
-2.1e-08 0.00925
-2.09e-08 0.00515625
-2.08e-08 0.002
-2.07e-08 0.00339062
-2.06e-08 0.00579687
-2.05e-08 0.00467187
-2.04e-08 0.000453122
-2.03e-08 -0.002
-2.02e-08 0.000796872
-2.01e-08 0.00498437
-2e-08 0.00535937
-1.99e-08 0.00142187
-1.98e-08 -0.002
-1.97e-08 -0.000375003
-1.96e-08 0.00407812
-1.95e-08 0.0068125
-1.94e-08 0.0054375
-1.93e-08 0.002
-1.92e-08 -0.000375003
-1.91e-08 -0.001625
-1.9e-08 -0.00259375
-1.89e-08 -0.00307813
-1.88e-08 -0.002
-1.87e-08 0.00117187
-1.86e-08 0.00478125
-1.85e-08 0.00654687
-1.84e-08 0.00525
-1.83e-08 0.002
-1.82e-08 -0.00110938
-1.81e-08 -0.00232813
-1.8e-08 -0.00125
-1.79e-08 0.000828122
-1.78e-08 0.002
-1.77e-08 0.00128125
-1.76e-08 -0.000843753
-1.75e-08 -0.0029375
-1.74e-08 -0.003375
-1.73e-08 -0.002
-1.72e-08 0.000171872
-1.71e-08 0.0016875
-1.7e-08 0.002
-1.69e-08 0.00170312
-1.68e-08 0.002
-1.67e-08 0.0034375
-1.66e-08 0.00535937
-1.65e-08 0.00623437
-1.64e-08 0.00496875
-1.63e-08 0.002
-1.62e-08 -0.001125
-1.61e-08 -0.002375
-1.6e-08 -0.001125
-1.59e-08 0.00107812
-1.58e-08 0.002
-1.57e-08 0.000609372
-1.56e-08 -0.0014375
-1.55e-08 -0.00192188
-1.54e-08 -0.000250003
-1.53e-08 0.002
-1.52e-08 0.00290625
-1.51e-08 0.00245312
-1.5e-08 0.00171875
-1.49e-08 0.001625
-1.48e-08 0.002
-1.47e-08 0.00209375
-1.46e-08 0.00203125
-1.45e-08 0.00203125
-1.44e-08 0.00209375
-1.43e-08 0.002
-1.42e-08 0.001625
-1.41e-08 0.00171875
-1.4e-08 0.00245312
-1.39e-08 0.00290625
-1.38e-08 0.002
-1.37e-08 -0.000359378
-1.36e-08 -0.002
-1.35e-08 -0.0013125
-1.34e-08 0.000859372
-1.33e-08 0.002
-1.32e-08 0.000593747
-1.31e-08 -0.00148438
-1.3e-08 -0.00176563
-1.29e-08 0.000124997
-1.28e-08 0.002
-1.27e-08 0.00153125
-1.26e-08 -0.000750003
-1.25e-08 -0.002875
-1.24e-08 -0.0031875
-1.23e-08 -0.002
-1.22e-08 -0.000437503
-1.21e-08 0.00123437
-1.2e-08 0.00273437
-1.19e-08 0.00315625
-1.18e-08 0.002
-1.17e-08 -0.000281253
-1.16e-08 -0.00192188
-1.15e-08 -0.00154688
-1.14e-08 0.000374997
-1.13e-08 0.002
-1.12e-08 0.00164062
-1.11e-08 -0.000625003
-1.1e-08 -0.00323438
-1.09e-08 -0.00395313
-1.08e-08 -0.002
-1.07e-08 0.0016875
-1.06e-08 0.0050625
-1.05e-08 0.0063125
-1.04e-08 0.004875
-1.03e-08 0.002
-1.02e-08 -0.000625003
-1.01e-08 -0.00189063
-1e-08 -0.00196875
-9.9e-09 -0.00173438
-9.8e-09 -0.002
-9.7e-09 -0.00254688
-9.6e-09 -0.00248438
-9.5e-09 -0.00120313
-9.4e-09 0.000703122
-9.3e-09 0.002
-9.2e-09 0.0015625
-9.1e-09 -0.000640628
-9e-09 -0.00321875
-8.9e-09 -0.00395313
-8.8e-09 -0.002
-8.7e-09 0.00179687
-8.6e-09 0.0051875
-8.5e-09 0.00603125
-8.4e-09 0.00425
-8.3e-09 0.002
-8.2e-09 0.00117187
-8.1e-09 0.00160937
-8e-09 0.00207812
-7.9e-09 0.00203125
-7.8e-09 0.002
-7.7e-09 0.002
-7.6e-09 3.12474e-05
-7.5e-09 -0.00479688
-7.4e-09 -0.0094375
-7.3e-09 -0.01
-7.2e-09 -0.00515625
-7.1e-09 0.000484372
-7e-09 0.00198437
-6.9e-09 -0.0015
-6.8e-09 -0.006
-6.7e-09 -0.00729688
-6.6e-09 -0.00645313
-6.5e-09 -0.00620313
-6.4e-09 -0.007875
-6.3e-09 -0.01
-6.2e-09 -0.00984375
-6.1e-09 -0.00757813
-6e-09 -0.00457813
-5.9e-09 -0.00260938
-5.8e-09 -0.002
-5.7e-09 -0.00215625
-5.6e-09 -0.00226563
-5.5e-09 -0.00146875
-5.4e-09 0.000156247
-5.3e-09 0.002
-5.2e-09 0.00345312
-5.1e-09 0.00510937
-5e-09 0.007
-4.9e-09 0.00775
-4.8e-09 0.006
-4.7e-09 0.00173437
-4.6e-09 -0.001625
-4.5e-09 -0.001375
-4.4e-09 0.00214062
-4.3e-09 0.006
-4.2e-09 0.00739062
-4.1e-09 0.00660937
-4e-09 0.0056875
-3.9e-09 0.0068125
-3.8e-09 0.01
-3.7e-09 0.0124375
-3.6e-09 0.00975
-3.5e-09 0.000984372
-3.4e-09 -0.007875
-3.3e-09 -0.01
-3.2e-09 -0.00285938
-3.1e-09 0.00678125
-3e-09 0.0108437
-2.9e-09 0.00725
-2.8e-09 0.002
-2.7e-09 0.0015625
-2.6e-09 0.00453125
-2.5e-09 0.00635937
-2.4e-09 0.00473437
-2.3e-09 0.002
-2.2e-09 0.00146875
-2.1e-09 0.00198437
-2e-09 0.00132812
-1.9e-09 -0.000671878
-1.8e-09 -0.002
-1.7e-09 -0.000921878
-1.6e-09 0.00114062
-1.5e-09 0.00235937
-1.4e-09 0.00220312
-1.3e-09 0.002
-1.2e-09 0.00314062
-1.1e-09 0.00509375
-1e-09 0.0065625
-9e-10 0.00667187
-8e-10 0.006
-7e-10 0.00551562
-6e-10 0.00571875
-5e-10 0.00623437
-4e-10 0.00645312
-3e-10 0.006
-2e-10 0.00465625
-1e-10 0.00285937
0 0.0011875
1e-10 0.000749997
2e-10 0.002
3e-10 0.00417187
4e-10 0.0058125
5e-10 0.00571875
6e-10 0.00404687
7e-10 0.002
8e-10 0.000546872
9e-10 -0.000921878
1e-09 -0.0034375
1.1e-09 -0.0068125
1.2e-09 -0.01
1.3e-09 -0.0114063
1.4e-09 -0.0109844
1.5e-09 -0.00885938
1.6e-09 -0.0056875
1.7e-09 -0.002
1.8e-09 0.001375
1.9e-09 0.00259375
2e-09 0.000812497
2.1e-09 -0.00279688
2.2e-09 -0.006
2.3e-09 -0.00664063
2.4e-09 -0.00410938
2.5e-09 0.000171872
2.6e-09 0.00284375
2.7e-09 0.002
2.8e-09 -0.0019375
2.9e-09 -0.00546875
3e-09 -0.00548438
3.1e-09 -0.00201563
3.2e-09 0.002
3.3e-09 0.00359375
3.4e-09 0.0028125
3.5e-09 0.00145312
3.6e-09 0.00121875
3.7e-09 0.002
3.8e-09 0.00251562
3.9e-09 0.00232812
4e-09 0.00159375
4.1e-09 0.00125
4.2e-09 0.002
4.3e-09 0.00370312
4.4e-09 0.00542187
4.5e-09 0.00621875
4.6e-09 0.00607812
4.7e-09 0.006
4.8e-09 0.00654687
4.9e-09 0.00660937
5e-09 0.00490625
5.1e-09 0.00159375
5.2e-09 -0.002
5.3e-09 -0.00392188
5.4e-09 -0.0033125
5.5e-09 -0.000437503
5.6e-09 0.0030625
5.7e-09 0.006
5.8e-09 0.007875
5.9e-09 0.00928125
6e-09 0.0107969
6.1e-09 0.0124844
6.2e-09 0.014
6.3e-09 0.0139844
6.4e-09 0.0118906
6.5e-09 0.00771875
6.6e-09 0.00379687
6.7e-09 0.002
6.8e-09 0.00164062
6.9e-09 0.0021875
7e-09 0.000953122
7.1e-09 -0.0024375
7.2e-09 -0.006
7.3e-09 -0.00889063
7.4e-09 -0.00745313
7.5e-09 -0.00503125
7.6e-09 -0.00634375
7.7e-09 -0.014
7.8e-09 -0.0307031
7.9e-09 -0.0514844
8e-09 -0.0714688
8.1e-09 -0.0849844
8.2e-09 -0.094
8.3e-09 -0.103344
8.4e-09 -0.122734
8.5e-09 -0.155156
8.6e-09 -0.192344
8.7e-09 -0.226
8.8e-09 -0.241531
8.9e-09 -0.239125
9e-09 -0.217813
9.1e-09 -0.186453
9.2e-09 -0.154
9.3e-09 -0.121703
9.4e-09 -0.0960938
9.5e-09 -0.0768438
9.6e-09 -0.0639219
9.7e-09 -0.054
9.8e-09 -0.0449531
9.9e-09 -0.0371094
1e-08 -0.0317656
1.01e-08 -0.0289375
1.02e-08 -0.026
1.03e-08 -0.0232813
1.04e-08 -0.01775
1.05e-08 -0.0104375
1.06e-08 -0.00379688
1.07e-08 0.002
1.08e-08 0.00545312
1.09e-08 0.00846875
1.1e-08 0.0115937
1.11e-08 0.01375
1.12e-08 0.014
1.13e-08 0.0115625
1.14e-08 0.0096875
1.15e-08 0.0112812
1.16e-08 0.0162656
1.17e-08 0.022
1.18e-08 0.0250312
1.19e-08 0.0259844
1.2e-08 0.0261562
1.21e-08 0.0262344
1.22e-08 0.026
1.23e-08 0.0248281
1.24e-08 0.0249687
1.25e-08 0.0276406
1.26e-08 0.0315156
1.27e-08 0.034
1.28e-08 0.0326406
1.29e-08 0.0284844
1.3e-08 0.02375
1.31e-08 0.0213906
1.32e-08 0.022
1.33e-08 0.0237656
1.34e-08 0.0234531
1.35e-08 0.0196875
1.36e-08 0.0152344
1.37e-08 0.014
1.38e-08 0.0175469
1.39e-08 0.021375
1.4e-08 0.0211562
1.41e-08 0.0171562
1.42e-08 0.014
1.43e-08 0.0158906
1.44e-08 0.02025
1.45e-08 0.0225312
1.46e-08 0.0208437
1.47e-08 0.018
1.48e-08 0.017875
1.49e-08 0.0203437
1.5e-08 0.0232187
1.51e-08 0.0249375
1.52e-08 0.026
1.53e-08 0.0265
1.54e-08 0.0243437
1.55e-08 0.0187812
1.56e-08 0.0137969
1.57e-08 0.014
1.58e-08 0.0201406
1.59e-08 0.0256094
1.6e-08 0.0240937
1.61e-08 0.0165469
1.62e-08 0.01
1.63e-08 0.0100469
1.64e-08 0.0130781
1.65e-08 0.0132969
1.66e-08 0.0094375
1.67e-08 0.006
1.68e-08 0.00782812
1.69e-08 0.0122187
1.7e-08 0.0145312
1.71e-08 0.0128437
1.72e-08 0.01
1.73e-08 0.00946875
1.74e-08 0.00998437
1.75e-08 0.00934375
1.76e-08 0.00735937
1.77e-08 0.006
1.78e-08 0.00710937
1.79e-08 0.00917187
1.8e-08 0.01025
1.81e-08 0.00996875
1.82e-08 0.01
1.83e-08 0.0116406
1.84e-08 0.0135625
1.85e-08 0.0137969
1.86e-08 0.0120625
1.87e-08 0.01
1.88e-08 0.00925
1.89e-08 0.00965625
1.9e-08 0.0101094
1.91e-08 0.0100625
1.92e-08 0.01
1.93e-08 0.0102969
1.94e-08 0.0103437
1.95e-08 0.0093125
1.96e-08 0.00751562
1.97e-08 0.006
1.98e-08 0.00567187
1.99e-08 0.00589062
2e-08 0.00590625
2.01e-08 0.00573437
2.02e-08 0.006
2.03e-08 0.00689062
2.04e-08 0.00676562
2.05e-08 0.0046875
2.06e-08 0.00225
2.07e-08 0.002
2.08e-08 0.00507812
2.09e-08 0.00884375
2.1e-08 0.0101719
2.11e-08 0.00840625
2.12e-08 0.006
2.13e-08 0.00534375
2.14e-08 0.00585937
2.15e-08 0.00564062
2.16e-08 0.00398437
2.17e-08 0.002
2.18e-08 0.00115625
2.19e-08 0.00154687
2.2e-08 0.00235937
2.21e-08 0.00257812
2.22e-08 0.002
2.23e-08 0.00132812
2.24e-08 0.00151562
2.25e-08 0.00276562
2.26e-08 0.00353125
2.27e-08 0.002
2.28e-08 -0.00184375
2.29e-08 -0.005375
2.3e-08 -0.00559375
2.31e-08 -0.00226563
2.32e-08 0.002
2.33e-08 0.00465625
2.34e-08 0.0056875
2.35e-08 0.00659375
2.36e-08 0.0081875
2.37e-08 0.01
2.38e-08 0.0108594
2.39e-08 0.0104844
2.4e-08 0.00948437
2.41e-08 0.00907812
2.42e-08 0.01
2.43e-08 0.0118281
2.44e-08 0.0135156
2.45e-08 0.0140469
2.46e-08 0.0137187
2.47e-08 0.014
2.48e-08 0.0154062
2.49e-08 0.0173594
2.5e-08 0.0181719
2.51e-08 0.0168281
2.52e-08 0.014
2.53e-08 0.011
2.54e-08 0.00979687
2.55e-08 0.0105937
2.56e-08 0.0114375
2.57e-08 0.01
2.58e-08 0.00582812
2.59e-08 0.00246875
2.6e-08 0.00267187
2.61e-08 0.00523437
2.62e-08 0.006
2.63e-08 0.002625
2.64e-08 -0.00126563
2.65e-08 -0.00126563
2.66e-08 0.00265625
2.67e-08 0.006
2.68e-08 0.00470312
2.69e-08 0.000281247
2.7e-08 -0.00348438
2.71e-08 -0.00385938
2.72e-08 -0.002
2.73e-08 -0.000578128
2.74e-08 -0.001125
2.75e-08 -0.0030625
2.76e-08 -0.00392188
2.77e-08 -0.002
2.78e-08 0.00195312
2.79e-08 0.0033125
2.8e-08 -0.000796878
2.81e-08 -0.00723438
2.82e-08 -0.01
2.83e-08 -0.00576563
2.84e-08 0.000281247
2.85e-08 0.00176562
2.86e-08 -0.00217188
2.87e-08 -0.006
2.88e-08 -0.00432813
2.89e-08 0.000171872
2.9e-08 0.00248437
2.91e-08 0.000718747
2.92e-08 -0.002
2.93e-08 -0.00221875
2.94e-08 -0.00176563
2.95e-08 -0.00310938
2.96e-08 -0.00560938
2.97e-08 -0.006
2.98e-08 -0.002
2.99e-08 0.00376562
3e-08 0.00714062
3.01e-08 0.00592187
3.02e-08 0.002
3.03e-08 -0.00121875
3.04e-08 -0.00232813
3.05e-08 -0.0015
3.06e-08 0.000234372
3.07e-08 0.002
3.08e-08 0.00309375
3.09e-08 0.0026875
3.1e-08 0.0010625
3.11e-08 0.000218747
3.12e-08 0.002
3.13e-08 0.00610937
3.14e-08 0.00953125
3.15e-08 0.0094375
3.16e-08 0.00596875
3.17e-08 0.002
3.18e-08 0.000390622
3.19e-08 0.0011875
3.2e-08 0.00251562
3.21e-08 0.00273437
3.22e-08 0.002
3.23e-08 0.00146875
3.24e-08 0.00159375
3.25e-08 0.00240625
3.26e-08 0.003875
3.27e-08 0.006
3.28e-08 0.00792187
3.29e-08 0.00745312
3.3e-08 0.00382812
3.31e-08 -0.000406253
3.32e-08 -0.002
3.33e-08 1.56224e-05
3.34e-08 0.00207812
3.35e-08 0.000624997
3.36e-08 -0.0035
3.37e-08 -0.006
3.38e-08 -0.00367188
3.39e-08 0.000515622
3.4e-08 0.00226562
3.41e-08 0.000406247
3.42e-08 -0.002
3.43e-08 -0.00184375
3.44e-08 -0.00142188
3.45e-08 -0.003625
3.46e-08 -0.0076875
3.47e-08 -0.01
3.48e-08 -0.00773438
3.49e-08 -0.00367188
3.5e-08 -0.00132813
3.51e-08 -0.001625
3.52e-08 -0.002
3.53e-08 -0.000156253
3.54e-08 0.00184375
3.55e-08 0.00121875
3.56e-08 -0.00226563
3.57e-08 -0.006
3.58e-08 -0.00682813
3.59e-08 -0.00417188
3.6e-08 0.000124997
3.61e-08 0.0026875
3.62e-08 0.002
3.63e-08 -0.000937503
3.64e-08 -0.00254688
3.65e-08 -0.000437503
3.66e-08 0.00371875
3.67e-08 0.006
3.68e-08 0.00382812
3.69e-08 -0.000359378
3.7e-08 -0.00265625
3.71e-08 -0.0011875
3.72e-08 0.002
3.73e-08 0.0035
3.74e-08 0.0028125
3.75e-08 0.0013125
3.76e-08 0.000874997
3.77e-08 0.002
3.78e-08 0.00389062
3.79e-08 0.00559375
3.8e-08 0.00607812
3.81e-08 0.00475
3.82e-08 0.002
3.83e-08 -0.000890628
3.84e-08 -0.00221875
3.85e-08 -0.0013125
3.86e-08 0.000718747
3.87e-08 0.002
3.88e-08 0.00173437
3.89e-08 0.0015625
3.9e-08 0.003
3.91e-08 0.00520312
3.92e-08 0.006
3.93e-08 0.00407812
3.94e-08 0.00215625
3.95e-08 0.00276562
3.96e-08 0.00515625
3.97e-08 0.006
3.98e-08 0.00307812
3.99e-08 -0.000812503
4e-08 -0.002125
4.01e-08 -0.000203128
4.02e-08 0.002
4.03e-08 0.00146875
4.04e-08 -0.000921878
4.05e-08 -0.00245313
4.06e-08 -0.00120313
4.07e-08 0.002
4.08e-08 0.00495312
4.09e-08 0.00621875
4.1e-08 0.00542187
4.11e-08 0.00354687
4.12e-08 0.002
4.13e-08 0.00157812
4.14e-08 0.00184375
4.15e-08 0.00189062
4.16e-08 0.00170312
4.17e-08 0.002
4.18e-08 0.00296875
4.19e-08 0.00282812
4.2e-08 0.000578122
4.21e-08 -0.00196875
4.22e-08 -0.002
4.23e-08 0.00146875
4.24e-08 0.00521875
4.25e-08 0.00560937
4.26e-08 0.00215625
4.27e-08 -0.002
4.28e-08 -0.0030625
4.29e-08 -0.000296878
4.3e-08 0.00420312
4.31e-08 0.00679687
4.32e-08 0.006
4.33e-08 0.00257812
4.34e-08 -0.000968753
4.35e-08 -0.00235938
4.36e-08 -0.000859378
4.37e-08 0.002
4.38e-08 0.00378125
4.39e-08 0.00315625
4.4e-08 0.000624997
4.41e-08 -0.001625
4.42e-08 -0.002
4.43e-08 -0.000406253
4.44e-08 0.00151562
4.45e-08 0.0019375
4.46e-08 0.000328122
4.47e-08 -0.002
4.48e-08 -0.00317188
4.49e-08 -0.00275
4.5e-08 -0.00123438
4.51e-08 0.000484372
4.52e-08 0.002
4.53e-08 0.00303125
4.54e-08 0.00275
4.55e-08 0.000937497
4.56e-08 -0.00115625
4.57e-08 -0.002
4.58e-08 -0.000906253
4.59e-08 0.00109375
4.6e-08 0.00253125
4.61e-08 0.00260937
4.62e-08 0.002
4.63e-08 0.00171875
4.64e-08 0.001875
4.65e-08 0.00198437
4.66e-08 0.00192187
4.67e-08 0.002
4.68e-08 0.002375
4.69e-08 0.00229687
4.7e-08 0.00142187
4.71e-08 0.000843747
4.72e-08 0.002
4.73e-08 0.00479687
4.74e-08 0.00640625
4.75e-08 0.00460937
4.76e-08 0.000656247
4.77e-08 -0.002
4.78e-08 -0.00107813
4.79e-08 0.00126562
4.8e-08 0.00179687
4.81e-08 -0.000125003
4.82e-08 -0.002
4.83e-08 -0.00125
4.84e-08 0.000968747
4.85e-08 0.00242187
4.86e-08 0.00229687
4.87e-08 0.002
4.88e-08 0.00271875
4.89e-08 0.00278125
4.9e-08 0.000468747
4.91e-08 -0.0033125
4.92e-08 -0.006
4.93e-08 -0.00551563
4.94e-08 -0.0031875
4.95e-08 -0.00134375
4.96e-08 -0.00126563
4.97e-08 -0.002
4.98e-08 -0.002125
4.99e-08 -0.00201563
5e-08 -0.0021875
5.01e-08 -0.00245313
5.02e-08 -0.002
5.03e-08 -0.000312503
5.04e-08 0.00151562
5.05e-08 0.00203125
5.06e-08 0.000546872
5.07e-08 -0.002
5.08e-08 -0.00395313
5.09e-08 -0.00342188
5.1e-08 -7.81276e-05
5.11e-08 0.00390625
5.12e-08 0.006
5.13e-08 0.00509375
5.14e-08 0.00292187
5.15e-08 0.00159375
5.16e-08 0.00175
5.17e-08 0.002
5.18e-08 0.000734372
5.19e-08 -0.00128125
5.2e-08 -0.00226563
5.21e-08 -0.000953128
5.22e-08 0.002
5.23e-08 0.00479687
5.24e-08 0.006125
5.25e-08 0.00548437
5.26e-08 0.00367187
5.27e-08 0.002
5.28e-08 0.00139062
5.29e-08 0.0016875
5.3e-08 0.00217187
5.31e-08 0.00225
5.32e-08 0.002
5.33e-08 0.00184375
5.34e-08 0.00192187
5.35e-08 0.00203125
5.36e-08 0.00204687
5.37e-08 0.002
5.38e-08 0.00198437
5.39e-08 0.002
5.4e-08 0.00196875
5.41e-08 0.0019375
5.42e-08 0.002
5.43e-08 0.002125
5.44e-08 0.00210937
5.45e-08 0.00179687
5.46e-08 0.00159375
5.47e-08 0.002
5.48e-08 0.0028125
5.49e-08 0.00267187
5.5e-08 0.000874997
5.51e-08 -0.00132813
5.52e-08 -0.002
5.53e-08 -0.000375003
5.54e-08 0.00159375
5.55e-08 0.00170312
5.56e-08 -0.000171878
5.57e-08 -0.002
5.58e-08 -0.00164063
5.59e-08 0.000656247
5.6e-08 0.00304687
5.61e-08 0.00357812
5.62e-08 0.002
5.63e-08 -0.000437503
5.64e-08 -0.00198438
5.65e-08 -0.00154688
5.66e-08 0.000296872
5.67e-08 0.002
5.68e-08 0.00232812
5.69e-08 0.00207812
5.7e-08 0.00220312
5.71e-08 0.00253125
5.72e-08 0.002
5.73e-08 -6.25026e-05
5.74e-08 -0.00182813
5.75e-08 -0.00153125
5.76e-08 0.000468747
5.77e-08 0.002
5.78e-08 0.00128125
5.79e-08 -0.000890628
5.8e-08 -0.00276563
5.81e-08 -0.00298438
5.82e-08 -0.002
5.83e-08 -0.00117188
5.84e-08 -0.00148438
5.85e-08 -0.00264063
5.86e-08 -0.0031875
5.87e-08 -0.002
5.88e-08 0.000624997
5.89e-08 0.00226562
5.9e-08 0.000874997
5.91e-08 -0.00282813
5.92e-08 -0.006
5.93e-08 -0.0060625
5.94e-08 -0.003625
5.95e-08 -0.000734378
5.96e-08 0.000984372
5.97e-08 0.002
5.98e-08 0.00292187
5.99e-08 0.00275
6e-08 0.000734372
6.01e-08 -0.00159375
6.02e-08 -0.002
6.03e-08 0.000218747
6.04e-08 0.00210937
6.05e-08 0.000828122
6.06e-08 -0.003
6.07e-08 -0.006
6.08e-08 -0.00542188
6.09e-08 -0.0030625
6.1e-08 -0.00167188
6.11e-08 -0.00196875
6.12e-08 -0.002
6.13e-08 7.81224e-05
6.14e-08 0.00190625
6.15e-08 0.001125
6.16e-08 -0.0013125
6.17e-08 -0.002
6.18e-08 0.00114062
6.19e-08 0.00496875
6.2e-08 0.00582812
6.21e-08 0.00364062
6.22e-08 0.002
6.23e-08 0.0035625
6.24e-08 0.00576562
6.25e-08 0.00501562
6.26e-08 0.00123437
6.27e-08 -0.002
6.28e-08 -0.0015625
6.29e-08 0.000859372
6.3e-08 0.00234375
6.31e-08 0.00203125
6.32e-08 0.002
6.33e-08 0.0039375
6.34e-08 0.00589062
6.35e-08 0.00515625
6.36e-08 0.00164062
6.37e-08 -0.002
6.38e-08 -0.00309375
6.39e-08 -0.00248438
6.4e-08 -0.00190625
6.41e-08 -0.00204688
6.42e-08 -0.002
6.43e-08 -0.00104688
6.44e-08 -0.00115625
6.45e-08 -0.0035
6.46e-08 -0.00615625
6.47e-08 -0.006
6.48e-08 -0.00146875
6.49e-08 0.00409375
6.5e-08 0.00671875
6.51e-08 0.00510937
6.52e-08 0.002
6.53e-08 0.000656247
6.54e-08 0.0013125
6.55e-08 0.00239062
6.56e-08 0.00253125
6.57e-08 0.002
6.58e-08 0.00178125
6.59e-08 0.00190625
6.6e-08 0.00196875
6.61e-08 0.00189062
6.62e-08 0.002
6.63e-08 0.00229687
6.64e-08 0.00223437
6.65e-08 0.00157812
6.66e-08 0.00117187
6.67e-08 0.002
6.68e-08 0.0040625
6.69e-08 0.00578125
6.7e-08 0.005625
6.71e-08 0.00379687
6.72e-08 0.002
6.73e-08 0.00165625
6.74e-08 0.00201562
6.75e-08 0.00154687
6.76e-08 -0.000140628
6.77e-08 -0.002
6.78e-08 -0.00273438
6.79e-08 -0.00246875
6.8e-08 -0.00160938
6.81e-08 -0.000265628
6.82e-08 0.002
6.83e-08 0.00490625
6.84e-08 0.00639062
6.85e-08 0.00482812
6.86e-08 0.0011875
6.87e-08 -0.002
6.88e-08 -0.00278125
6.89e-08 -0.00228125
6.9e-08 -0.0021875
6.91e-08 -0.00259375
6.92e-08 -0.002
6.93e-08 0.000406247
6.94e-08 0.00209375
6.95e-08 0.000968747
6.96e-08 -0.00157813
6.97e-08 -0.002
6.98e-08 0.00151562
6.99e-08 0.00529687
