-3e-08 0.000671873
-2.99e-08 -0.000140627
-2.98e-08 0.000187498
-2.97e-08 -1.66893e-09
-2.96e-08 -0.00146875
-2.95e-08 -0.00132813
-2.94e-08 0.00232812
-2.93e-08 0.00690625
-2.92e-08 0.008
-2.91e-08 0.00335937
-2.9e-08 -0.00240625
-2.89e-08 -0.0039375
-2.88e-08 -0.000296877
-2.87e-08 0.004
-2.86e-08 0.00420312
-2.85e-08 0.00151562
-2.84e-08 -0.000796877
-2.83e-08 -0.000859377
-2.82e-08 -1.66893e-09
-2.81e-08 -0.000140627
-2.8e-08 -0.000312502
-2.79e-08 0.000828123
-2.78e-08 0.00290625
-2.77e-08 0.004
-2.76e-08 0.00229687
-2.75e-08 -0.00178125
-2.74e-08 -0.00592188
-2.73e-08 -0.00695313
-2.72e-08 -0.004
-2.71e-08 0.001625
-2.7e-08 0.00673437
-2.69e-08 0.00825
-2.68e-08 0.00528125
-2.67e-08 -1.66893e-09
-2.66e-08 -0.0043125
-2.65e-08 -0.00514063
-2.64e-08 -0.00228125
-2.63e-08 0.0016875
-2.62e-08 0.004
-2.61e-08 0.003375
-2.6e-08 0.001125
-2.59e-08 -0.000718752
-2.58e-08 -0.000875002
-2.57e-08 -1.66893e-09
-2.56e-08 0.000468748
-2.55e-08 0.000234373
-2.54e-08 -0.000125002
-2.53e-08 -0.000140627
-2.52e-08 -1.66893e-09
-2.51e-08 -3.12517e-05
-2.5e-08 -4.68767e-05
-2.49e-08 7.81233e-05
-2.48e-08 0.000171873
-2.47e-08 -1.66893e-09
-2.46e-08 -0.000375002
-2.45e-08 -0.000359377
-2.44e-08 0.000578123
-2.43e-08 0.00228125
-2.42e-08 0.004
-2.41e-08 0.00482812
-2.4e-08 0.00454687
-2.39e-08 0.003375
-2.38e-08 0.00176562
-2.37e-08 -1.66893e-09
-2.36e-08 -0.00139063
-2.35e-08 -0.001
-2.34e-08 0.0014375
-2.33e-08 0.003875
-2.32e-08 0.004
-2.31e-08 0.00139062
-2.3e-08 -0.000390627
-2.29e-08 0.00153125
-2.28e-08 0.00573437
-2.27e-08 0.008
-2.26e-08 0.00542187
-2.25e-08 0.00129687
-2.24e-08 -1.66893e-09
-2.23e-08 0.00215625
-2.22e-08 0.004
-2.21e-08 0.00229687
-2.2e-08 0.000187498
-2.19e-08 0.000999998
-2.18e-08 0.00371875
-2.17e-08 0.004
-2.16e-08 -0.000437502
-2.15e-08 -0.00420313
-2.14e-08 -0.00178125
-2.13e-08 0.0058125
-2.12e-08 0.012
-2.11e-08 0.0108281
-2.1e-08 0.00401562
-2.09e-08 -0.00307813
-2.08e-08 -0.0055625
-2.07e-08 -0.004
-2.06e-08 -0.00167188
-2.05e-08 -0.000250002
-2.04e-08 0.000109373
-2.03e-08 -1.56267e-05
-2.02e-08 -1.66893e-09
-2.01e-08 0.000656248
-2e-08 0.00267187
-1.99e-08 0.005375
-1.98e-08 0.00634375
-1.97e-08 0.004
-1.96e-08 -0.000812502
-1.95e-08 -0.00401563
-1.94e-08 -0.00276563
-1.93e-08 0.00139062
-1.92e-08 0.004
-1.91e-08 0.001875
-1.9e-08 -0.002375
-1.89e-08 -0.0045
-1.88e-08 -0.00285938
-1.87e-08 -1.66893e-09
-1.86e-08 0.000843748
-1.85e-08 0.000312498
-1.84e-08 0.000187498
-1.83e-08 0.000640623
-1.82e-08 -1.66893e-09
-1.81e-08 -0.00254688
-1.8e-08 -0.00428125
-1.79e-08 -0.00271875
-1.78e-08 0.0011875
-1.77e-08 0.004
-1.76e-08 0.00317187
-1.75e-08 0.000812498
-1.74e-08 -1.66893e-09
-1.73e-08 0.00171875
-1.72e-08 0.004
-1.71e-08 0.00446875
-1.7e-08 0.00410937
-1.69e-08 0.0043125
-1.68e-08 0.00485937
-1.67e-08 0.004
-1.66e-08 0.000624998
-1.65e-08 -0.00298438
-1.64e-08 -0.00414063
-1.63e-08 -0.002375
-1.62e-08 -1.66893e-09
-1.61e-08 0.000656248
-1.6e-08 0.000249998
-1.59e-08 0.000124998
-1.58e-08 0.000421873
-1.57e-08 -1.66893e-09
-1.56e-08 -0.00145313
-1.55e-08 -0.00129688
-1.54e-08 0.00220312
-1.53e-08 0.00665625
-1.52e-08 0.008
-1.51e-08 0.00403125
-1.5e-08 -0.0018125
-1.49e-08 -0.005
-1.48e-08 -0.0035625
-1.47e-08 -1.66893e-09
-1.46e-08 0.00192187
-1.45e-08 0.00109375
-1.44e-08 -0.00107813
-1.43e-08 -0.00184375
-1.42e-08 -1.66893e-09
-1.41e-08 0.00323437
-1.4e-08 0.00467187
-1.39e-08 0.00234375
-1.38e-08 -0.0018125
-1.37e-08 -0.004
-1.36e-08 -0.0018125
-1.35e-08 0.00234375
-1.34e-08 0.00467187
-1.33e-08 0.00323437
-1.32e-08 -1.66893e-09
-1.31e-08 -0.00178125
-1.3e-08 -0.00103125
-1.29e-08 0.00101562
-1.28e-08 0.00176562
-1.27e-08 -1.66893e-09
-1.26e-08 -0.00320313
-1.25e-08 -0.00473438
-1.24e-08 -0.00226563
-1.23e-08 0.003125
-1.22e-08 0.008
-1.21e-08 0.00901562
-1.2e-08 0.00621875
-1.19e-08 0.00195312
-1.18e-08 -0.000437502
-1.17e-08 -1.66893e-09
-1.16e-08 0.00203125
-1.15e-08 0.00376562
-1.14e-08 0.00370312
-1.13e-08 0.00195312
-1.12e-08 -1.66893e-09
-1.11e-08 -0.000796877
-1.1e-08 -0.000406252
-1.09e-08 0.000249998
-1.08e-08 0.000359373
-1.07e-08 -1.66893e-09
-1.06e-08 -0.000265627
-1.05e-08 -0.000171877
-1.04e-08 0.000187498
-1.03e-08 0.000359373
-1.02e-08 -1.66893e-09
-1.01e-08 -0.000687502
-1e-08 -0.000515627
-9.9e-09 0.000828123
-9.8e-09 0.00165625
-9.7e-09 -1.66893e-09
-9.6e-09 -0.00429688
-9.5e-09 -0.00770313
-9.4e-09 -0.00709375
-9.3e-09 -0.00321875
-9.2e-09 -1.66893e-09
-9.1e-09 -0.000468752
-9e-09 -0.00298438
-8.9e-09 -0.00420313
-8.8e-09 -0.00260938
-8.7e-09 -1.66893e-09
-8.6e-09 0.000999998
-8.5e-09 0.000499998
-8.4e-09 -0.000296877
-8.3e-09 -0.000406252
-8.2e-09 -1.66893e-09
-8.1e-09 0.000124998
-8e-09 4.68733e-05
-7.9e-09 -1.56267e-05
-7.8e-09 3.12483e-05
-7.7e-09 -1.66893e-09
-7.6e-09 -0.000812502
-7.5e-09 -0.00270313
-7.4e-09 -0.0054375
-7.3e-09 -0.007625
-7.2e-09 -0.008
-7.1e-09 -0.00592188
-7e-09 -0.00203125
-6.9e-09 0.00176562
-6.8e-09 0.00273437
-6.7e-09 -1.66893e-09
-6.6e-09 -0.00535938
-6.5e-09 -0.0104844
-6.4e-09 -0.0126094
-6.3e-09 -0.0110781
-6.2e-09 -0.008
-6.1e-09 -0.00551563
-6e-09 -0.00426563
-5.9e-09 -0.00365625
-5.8e-09 -0.0035
-5.7e-09 -0.004
-5.6e-09 -0.00507813
-5.5e-09 -0.00498438
-5.4e-09 -0.002375
-5.3e-09 0.0014375
-5.2e-09 0.004
-5.1e-09 0.00398437
-5e-09 0.00367187
-4.9e-09 0.00496875
-4.8e-09 0.00723437
-4.7e-09 0.008
-4.6e-09 0.00526562
-4.5e-09 0.001375
-4.4e-09 -0.000515627
-4.3e-09 0.000984373
-4.2e-09 0.004
-4.1e-09 0.00554687
-4e-09 0.00496875
-3.9e-09 0.00296875
-3.8e-09 0.00107812
-3.7e-09 -1.66893e-09
-3.6e-09 -0.000375002
-3.5e-09 -0.000203127
-3.4e-09 0.000218748
-3.3e-09 0.000374998
-3.2e-09 -1.66893e-09
-3.1e-09 -0.000609377
-3e-09 -0.000437502
-2.9e-09 0.000656248
-2.8e-09 0.00128125
-2.7e-09 -1.66893e-09
-2.6e-09 -0.00292188
-2.5e-09 -0.00451563
-2.4e-09 -0.0024375
-2.3e-09 0.00171875
-2.2e-09 0.004
-2.1e-09 0.00182812
-2e-09 -0.00235938
-1.9e-09 -0.00465625
-1.8e-09 -0.00321875
-1.7e-09 -1.66893e-09
-1.6e-09 0.0021875
-1.5e-09 0.00342187
-1.4e-09 0.00482812
-1.3e-09 0.006625
-1.2e-09 0.008
-1.1e-09 0.00754687
-1e-09 0.0054375
-9e-10 0.00259375
-8e-10 0.000609373
-7e-10 -1.66893e-09
-6e-10 0.000281248
-5e-10 0.000359373
-4e-10 -0.000718752
-3e-10 -0.00257813
-2e-10 -0.004
-1e-10 -0.00370313
0 -0.0015625
1e-10 0.00157812
2e-10 0.00376562
3e-10 0.004
4e-10 0.0025625
5e-10 0.000687498
6e-10 -0.000359377
7e-10 -0.000296877
8e-10 -1.66893e-09
9e-10 -0.000296877
1e-09 -0.000375002
1.1e-09 0.000765623
1.2e-09 0.0026875
1.3e-09 0.004
1.4e-09 0.00376562
1.5e-09 0.00367187
1.6e-09 0.00479687
1.7e-09 0.00571875
1.8e-09 0.004
1.9e-09 -0.000843752
2e-09 -0.00421875
2.1e-09 -0.00220313
2.2e-09 0.0036875
2.3e-09 0.008
2.4e-09 0.00645312
2.5e-09 0.00198437
2.6e-09 -0.000781252
2.7e-09 -0.000390627
2.8e-09 -1.66893e-09
2.9e-09 -0.0024375
3e-09 -0.00434375
3.1e-09 -0.00225
3.2e-09 0.00223437
3.3e-09 0.004
3.4e-09 0.000218748
3.5e-09 -0.00375
3.6e-09 -0.00232813
3.7e-09 0.0036875
3.8e-09 0.008
3.9e-09 0.00535937
4e-09 -0.00110938
4.1e-09 -0.0055
4.2e-09 -0.0043125
4.3e-09 -1.66893e-09
4.4e-09 0.00259375
4.5e-09 0.00159375
4.6e-09 -0.00171875
4.7e-09 -0.0041875
4.8e-09 -0.004
4.9e-09 -0.00148438
5e-09 0.000249998
5.1e-09 -0.00114063
5.2e-09 -0.00490625
5.3e-09 -0.008
5.4e-09 -0.007125
5.5e-09 -0.00282813
5.6e-09 0.0025
5.7e-09 0.00614062
5.8e-09 0.008
5.9e-09 0.00878125
6e-09 0.0107969
6.1e-09 0.0125625
6.2e-09 0.0138906
6.3e-09 0.016
6.4e-09 0.0148125
6.5e-09 0.0132656
6.6e-09 0.0098125
6.7e-09 0.00610937
6.8e-09 0.004
6.9e-09 -0.0028125
7e-09 -0.0199375
7.1e-09 -0.0556563
7.2e-09 -0.106156
7.3e-09 -0.164
7.4e-09 -0.214891
7.5e-09 -0.252563
7.6e-09 -0.270984
7.7e-09 -0.272266
7.8e-09 -0.268
7.9e-09 -0.257516
8e-09 -0.247172
8.1e-09 -0.230438
8.2e-09 -0.206984
8.3e-09 -0.18
8.4e-09 -0.14775
8.5e-09 -0.115906
8.6e-09 -0.0839844
8.7e-09 -0.0568281
8.8e-09 -0.036
8.9e-09 -0.02325
9e-09 -0.0170313
9.1e-09 -0.0159531
9.2e-09 -0.0159688
9.3e-09 -0.012
9.4e-09 -0.00535938
9.5e-09 0.0055625
9.6e-09 0.0176875
9.7e-09 0.0274531
9.8e-09 0.036
9.9e-09 0.0420469
1e-08 0.0486719
1.01e-08 0.0550938
1.02e-08 0.058125
1.03e-08 0.056
1.04e-08 0.0474688
1.05e-08 0.03675
1.06e-08 0.0282031
1.07e-08 0.0255625
1.08e-08 0.028
1.09e-08 0.0318906
1.1e-08 0.0349531
1.11e-08 0.0367656
1.12e-08 0.0380156
1.13e-08 0.04
1.14e-08 0.0432813
1.15e-08 0.0467813
1.16e-08 0.0487031
1.17e-08 0.0475938
1.18e-08 0.044
1.19e-08 0.0398281
1.2e-08 0.0387656
1.21e-08 0.0420313
1.22e-08 0.0475313
1.23e-08 0.052
1.24e-08 0.0522813
1.25e-08 0.0499063
1.26e-08 0.0462813
1.27e-08 0.0420469
1.28e-08 0.036
1.29e-08 0.0272187
1.3e-08 0.0188906
1.31e-08 0.0143281
1.32e-08 0.0144062
1.33e-08 0.016
1.34e-08 0.0163906
1.35e-08 0.0160625
1.36e-08 0.0164687
1.37e-08 0.0171562
1.38e-08 0.016
1.39e-08 0.0125
1.4e-08 0.00890625
1.41e-08 0.00807812
1.42e-08 0.0101094
1.43e-08 0.012
1.44e-08 0.0114062
1.45e-08 0.00904687
1.46e-08 0.0075
1.47e-08 0.00867187
1.48e-08 0.012
1.49e-08 0.0152656
1.5e-08 0.0165156
1.51e-08 0.0149375
1.52e-08 0.0114844
1.53e-08 0.008
1.54e-08 0.0061875
1.55e-08 0.00685937
1.56e-08 0.00928125
1.57e-08 0.0114531
1.58e-08 0.012
1.59e-08 0.0107969
1.6e-08 0.00884375
1.61e-08 0.00742187
1.62e-08 0.00728125
1.63e-08 0.008
1.64e-08 0.00851562
1.65e-08 0.0083125
1.66e-08 0.00767187
1.67e-08 0.00739062
1.68e-08 0.008
1.69e-08 0.00935937
1.7e-08 0.01125
1.71e-08 0.0125781
1.72e-08 0.0117187
1.73e-08 0.008
1.74e-08 0.00275
1.75e-08 -0.000218752
1.76e-08 0.00139062
1.77e-08 0.00557812
1.78e-08 0.008
1.79e-08 0.00639062
1.8e-08 0.004125
1.81e-08 0.00520312
1.82e-08 0.00925
1.83e-08 0.012
1.84e-08 0.00996875
1.85e-08 0.00567187
1.86e-08 0.00346875
1.87e-08 0.00509375
1.88e-08 0.008
1.89e-08 0.008875
1.9e-08 0.00826562
1.91e-08 0.00817187
1.92e-08 0.00971875
1.93e-08 0.012
1.94e-08 0.013125
1.95e-08 0.0127344
1.96e-08 0.0111094
1.97e-08 0.00928125
1.98e-08 0.008
1.99e-08 0.00753125
2e-08 0.00778125
2.01e-08 0.00809375
2.02e-08 0.00814062
2.03e-08 0.008
2.04e-08 0.00754687
2.05e-08 0.00557812
2.06e-08 0.00207812
2.07e-08 -0.000578127
2.08e-08 -1.66893e-09
2.09e-08 0.004125
2.1e-08 0.00764062
2.11e-08 0.00709375
2.12e-08 0.0031875
2.13e-08 -1.66893e-09
2.14e-08 0.00123437
2.15e-08 0.005625
2.16e-08 0.00965625
2.17e-08 0.0102344
2.18e-08 0.008
2.19e-08 0.00579687
2.2e-08 0.006375
2.21e-08 0.0102031
2.22e-08 0.0144531
2.23e-08 0.016
2.24e-08 0.0132812
2.25e-08 0.00940625
2.26e-08 0.00751562
2.27e-08 0.00798437
2.28e-08 0.008
2.29e-08 0.00546875
2.3e-08 0.00364062
2.31e-08 0.005625
2.32e-08 0.00998437
2.33e-08 0.012
2.34e-08 0.00828125
2.35e-08 0.00228125
2.36e-08 -0.000906252
2.37e-08 0.000718748
2.38e-08 0.004
2.39e-08 0.00510937
2.4e-08 0.00448437
2.41e-08 0.00396875
2.42e-08 0.00425
2.43e-08 0.004
2.44e-08 0.00210937
2.45e-08 0.000265623
2.46e-08 0.000406248
2.47e-08 0.002375
2.48e-08 0.004
2.49e-08 0.00332812
2.5e-08 0.00114062
2.51e-08 -0.000750002
2.52e-08 -0.000984377
2.53e-08 -1.66893e-09
2.54e-08 0.00125
2.55e-08 0.00301562
2.56e-08 0.00510937
2.57e-08 0.00590625
2.58e-08 0.004
2.59e-08 -0.000328127
2.6e-08 -0.0036875
2.61e-08 -0.00323438
2.62e-08 0.000468748
2.63e-08 0.004
2.64e-08 0.00423437
2.65e-08 0.001625
2.66e-08 -0.00121875
2.67e-08 -0.00178125
2.68e-08 -1.66893e-09
2.69e-08 0.002375
2.7e-08 0.00389062
2.71e-08 0.00379687
2.72e-08 0.00223437
2.73e-08 -1.66893e-09
2.74e-08 -0.00160938
2.75e-08 -0.00110938
2.76e-08 0.00145312
2.77e-08 0.00385937
2.78e-08 0.004
2.79e-08 0.00164062
2.8e-08 -0.000187502
2.81e-08 0.00115625
2.82e-08 0.00496875
2.83e-08 0.008
2.84e-08 0.00746875
2.85e-08 0.00509375
2.86e-08 0.00360937
2.87e-08 0.00385937
2.88e-08 0.004
2.89e-08 0.002125
2.9e-08 0.000249998
2.91e-08 0.000546873
2.92e-08 0.00265625
2.93e-08 0.004
2.94e-08 0.00260937
2.95e-08 0.000499998
2.96e-08 0.000281248
2.97e-08 0.00221875
2.98e-08 0.004
2.99e-08 0.003375
3e-08 0.00114062
3.01e-08 -0.000703127
3.02e-08 -0.000828127
3.03e-08 -1.66893e-09
3.04e-08 0.000390623
3.05e-08 0.000203123
3.06e-08 -0.000140627
3.07e-08 -0.000203127
3.08e-08 -1.66893e-09
3.09e-08 0.000187498
3.1e-08 0.000124998
3.11e-08 -0.000187502
3.12e-08 -0.000343752
3.13e-08 -1.66893e-09
3.14e-08 0.000671873
3.15e-08 0.000562498
3.16e-08 -0.000921877
3.17e-08 -0.0029375
3.18e-08 -0.004
3.19e-08 -0.003125
3.2e-08 -0.0010625
3.21e-08 0.000781248
3.22e-08 0.0010625
3.23e-08 -1.66893e-09
3.24e-08 -0.00121875
3.25e-08 -0.000921877
3.26e-08 0.0013125
3.27e-08 0.00365625
3.28e-08 0.004
3.29e-08 0.00179687
3.3e-08 -1.56267e-05
3.31e-08 0.000906248
3.32e-08 0.00339062
3.33e-08 0.004
3.34e-08 0.000593748
3.35e-08 -0.00323438
3.36e-08 -0.0034375
3.37e-08 0.000265623
3.38e-08 0.004
3.39e-08 0.00401562
3.4e-08 0.0014375
3.41e-08 -0.000796877
3.42e-08 -0.000859377
3.43e-08 -1.66893e-09
3.44e-08 -0.000406252
3.45e-08 -0.00260938
3.46e-08 -0.00526563
3.47e-08 -0.00603125
3.48e-08 -0.004
3.49e-08 4.68733e-05
3.5e-08 0.00335937
3.51e-08 0.00375
3.52e-08 0.00170312
3.53e-08 -1.66893e-09
3.54e-08 0.000812498
3.55e-08 0.003
3.56e-08 0.0044375
3.57e-08 0.00432812
3.58e-08 0.004
3.59e-08 0.00453125
3.6e-08 0.00465625
3.61e-08 0.0026875
3.62e-08 -0.000921877
3.63e-08 -0.004
3.64e-08 -0.00439063
3.65e-08 -0.00192188
3.66e-08 0.00185937
3.67e-08 0.00421875
3.68e-08 0.004
3.69e-08 0.00182812
3.7e-08 7.81233e-05
3.71e-08 0.000609373
3.72e-08 0.00270312
3.73e-08 0.004
3.74e-08 0.00279687
3.75e-08 0.000734373
3.76e-08 -0.000109377
3.77e-08 0.000328123
3.78e-08 -1.66893e-09
3.79e-08 -0.00242188
3.8e-08 -0.00421875
3.81e-08 -0.00273438
3.82e-08 0.0011875
3.83e-08 0.004
3.84e-08 0.00317187
3.85e-08 0.000796873
3.86e-08 4.68733e-05
3.87e-08 0.00184375
3.88e-08 0.004
3.89e-08 0.00382812
3.9e-08 0.00145312
3.91e-08 -0.0011875
3.92e-08 -0.00179688
3.93e-08 -1.66893e-09
3.94e-08 0.0026875
3.95e-08 0.00415625
3.96e-08 0.00320312
3.97e-08 0.00101562
3.98e-08 -1.66893e-09
3.99e-08 0.00146875
4e-08 0.00351562
4.01e-08 0.00371875
4.02e-08 0.001875
4.03e-08 -1.66893e-09
4.04e-08 -0.000125002
4.05e-08 0.000203123
4.06e-08 -0.000796877
4.07e-08 -0.00290625
4.08e-08 -0.004
4.09e-08 -0.00220313
4.1e-08 0.00184375
4.11e-08 0.00575
4.12e-08 0.00660937
4.13e-08 0.004
4.14e-08 -0.000421877
4.15e-08 -0.00357813
4.16e-08 -0.00357813
4.17e-08 -0.00140625
4.18e-08 -1.66893e-09
4.19e-08 -0.00125
4.2e-08 -0.00340625
4.21e-08 -0.0038125
4.22e-08 -0.002
4.23e-08 -1.66893e-09
4.24e-08 9.37483e-05
4.25e-08 -0.000250002
4.26e-08 0.000937498
4.27e-08 0.00315625
4.28e-08 0.004
4.29e-08 0.002
4.3e-08 9.37483e-05
4.31e-08 0.000890623
4.32e-08 0.00339062
4.33e-08 0.004
4.34e-08 0.000562498
4.35e-08 -0.00326563
4.36e-08 -0.00339063
4.37e-08 0.000359373
4.38e-08 0.004
4.39e-08 0.00376562
4.4e-08 0.00115625
4.41e-08 -0.000359377
4.42e-08 0.00109375
4.43e-08 0.004
4.44e-08 0.005625
4.45e-08 0.00503125
4.46e-08 0.00279687
4.47e-08 0.000734373
4.48e-08 -1.66893e-09
4.49e-08 0.000437498
4.5e-08 0.000406248
4.51e-08 -0.000843752
4.52e-08 -0.00171875
4.53e-08 -1.66893e-09
4.54e-08 0.00453125
4.55e-08 0.00795312
4.56e-08 0.006625
4.57e-08 0.00115625
4.58e-08 -0.004
4.59e-08 -0.00439063
4.6e-08 0.000484373
4.61e-08 0.00732812
4.62e-08 0.0106094
4.63e-08 0.008
4.64e-08 0.00126562
4.65e-08 -0.003625
4.66e-08 -0.00270313
4.67e-08 0.00182812
4.68e-08 0.004
4.69e-08 0.000453123
4.7e-08 -0.003625
4.71e-08 -0.00234375
4.72e-08 0.00370312
4.73e-08 0.008
4.74e-08 0.00496875
4.75e-08 -0.00151563
4.76e-08 -0.00471875
4.77e-08 -0.001625
4.78e-08 0.004
4.79e-08 0.00660937
4.8e-08 0.0055
4.81e-08 0.00265625
4.82e-08 0.000656248
4.83e-08 -1.66893e-09
4.84e-08 -0.000218752
4.85e-08 -0.000125002
4.86e-08 0.000140623
4.87e-08 0.000249998
4.88e-08 -1.66893e-09
4.89e-08 -0.000406252
4.9e-08 -0.000281252
4.91e-08 0.000406248
4.92e-08 0.000812498
4.93e-08 -1.66893e-09
4.94e-08 -0.002
4.95e-08 -0.00373438
4.96e-08 -0.00373438
4.97e-08 -0.002
4.98e-08 -1.66893e-09
4.99e-08 0.000812498
5e-08 0.000406248
5.01e-08 -0.000312502
5.02e-08 -0.000468752
5.03e-08 -1.66893e-09
5.04e-08 0.000453123
5.05e-08 0.000296873
5.06e-08 -0.000421877
5.07e-08 -0.000828127
5.08e-08 -1.66893e-09
5.09e-08 0.00203125
5.1e-08 0.00376562
5.11e-08 0.00364062
5.12e-08 0.00182812
5.13e-08 -1.66893e-09
5.14e-08 -0.000515627
5.15e-08 -0.000203127
5.16e-08 -4.68767e-05
5.17e-08 -0.000250002
5.18e-08 -1.66893e-09
5.19e-08 0.001375
5.2e-08 0.0033125
5.21e-08 0.00434375
5.22e-08 0.0031875
5.23e-08 -1.66893e-09
5.24e-08 -0.003625
5.25e-08 -0.00484375
5.26e-08 -0.0023125
5.27e-08 0.00178125
5.28e-08 0.004
5.29e-08 0.00259375
5.3e-08 0.000421873
5.31e-08 0.000578123
5.32e-08 0.002875
5.33e-08 0.004
5.34e-08 0.00128125
5.35e-08 -0.00271875
5.36e-08 -0.004125
5.37e-08 -0.00220313
5.38e-08 -1.66893e-09
5.39e-08 -0.000250002
5.4e-08 -0.000546877
5.41e-08 0.00148437
5.42e-08 0.00428125
5.43e-08 0.004
5.44e-08 -0.000875002
5.45e-08 -0.00446875
5.46e-08 -0.0015
5.47e-08 0.0063125
5.48e-08 0.012
5.49e-08 0.00992187
5.5e-08 0.00328125
5.51e-08 -0.00195313
5.52e-08 -0.00220313
5.53e-08 -1.66893e-09
5.54e-08 0.000203123
5.55e-08 -0.00229688
5.56e-08 -0.00542188
5.57e-08 -0.00621875
5.58e-08 -0.004
5.59e-08 -6.25017e-05
5.6e-08 0.00323437
5.61e-08 0.00407812
5.62e-08 0.00240625
5.63e-08 -1.66893e-09
5.64e-08 -0.00109375
5.65e-08 -0.000578127
5.66e-08 0.000421873
5.67e-08 0.000656248
5.68e-08 -1.66893e-09
5.69e-08 -0.000812502
5.7e-08 -0.000640627
5.71e-08 0.000921873
5.72e-08 0.00290625
5.73e-08 0.004
5.74e-08 0.00320312
5.75e-08 0.0011875
5.76e-08 -0.000984377
5.77e-08 -0.00257813
5.78e-08 -0.004
5.79e-08 -0.00526563
5.8e-08 -0.00503125
5.81e-08 -0.00242188
5.82e-08 0.0013125
5.83e-08 0.004
5.84e-08 0.00392187
5.85e-08 0.0015
5.86e-08 -0.00126563
5.87e-08 -0.0019375
5.88e-08 -1.66893e-09
5.89e-08 0.00307812
5.9e-08 0.00453125
5.91e-08 0.00264062
5.92e-08 -0.00120313
5.93e-08 -0.004
5.94e-08 -0.0036875
5.95e-08 -0.00129688
5.96e-08 0.000796873
5.97e-08 0.000984373
5.98e-08 -1.66893e-09
5.99e-08 -0.000546877
6e-08 -0.000312502
6.01e-08 0.000249998
6.02e-08 0.000390623
6.03e-08 -1.66893e-09
6.04e-08 -0.000468752
6.05e-08 -0.000312502
6.06e-08 0.000437498
6.07e-08 0.000874998
6.08e-08 -1.66893e-09
6.09e-08 -0.00221875
6.1e-08 -0.00398438
6.11e-08 -0.00334375
6.12e-08 -9.37517e-05
6.13e-08 0.004
6.14e-08 0.00634375
6.15e-08 0.00557812
6.16e-08 0.00207812
6.17e-08 -0.00178125
6.18e-08 -0.004
6.19e-08 -0.00371875
6.2e-08 -0.00142188
6.21e-08 0.00123437
6.22e-08 0.0019375
6.23e-08 -1.66893e-09
6.24e-08 -0.00328125
6.25e-08 -0.0046875
6.26e-08 -0.00240625
6.27e-08 0.00167187
6.28e-08 0.004
6.29e-08 0.0026875
6.3e-08 0.000468748
6.31e-08 0.000531248
6.32e-08 0.0028125
6.33e-08 0.004
6.34e-08 0.00132812
6.35e-08 -0.00265625
6.36e-08 -0.00426563
6.37e-08 -0.00246875
6.38e-08 -1.66893e-09
6.39e-08 0.000328123
6.4e-08 -0.000125002
6.41e-08 0.000796873
6.42e-08 0.00292187
6.43e-08 0.004
6.44e-08 0.002375
6.45e-08 0.000343748
6.46e-08 0.000499998
6.47e-08 0.00264062
6.48e-08 0.004
6.49e-08 0.0024375
6.5e-08 0.000374998
6.51e-08 0.000499998
6.52e-08 0.00264062
6.53e-08 0.004
6.54e-08 0.00232812
6.55e-08 0.000281248
6.56e-08 0.000703123
6.57e-08 0.00307812
6.58e-08 0.004
6.59e-08 0.00107812
6.6e-08 -0.00282813
6.61e-08 -0.00401563
6.62e-08 -0.00198438
6.63e-08 -1.66893e-09
6.64e-08 -0.00103125
6.65e-08 -0.0033125
6.66e-08 -0.00379688
6.67e-08 -0.00190625
6.68e-08 -1.66893e-09
6.69e-08 -0.000156252
6.7e-08 -0.000437502
6.71e-08 0.00123437
6.72e-08 0.00376562
6.73e-08 0.004
6.74e-08 0.000328123
6.75e-08 -0.00340625
6.76e-08 -0.00321875
6.77e-08 0.000656248
6.78e-08 0.004
6.79e-08 0.00325
6.8e-08 0.000796873
6.81e-08 0.000187498
6.82e-08 0.0021875
6.83e-08 0.004
6.84e-08 0.00290625
6.85e-08 0.000671873
6.86e-08 0.000156248
6.87e-08 0.00201562
6.88e-08 0.004
6.89e-08 0.0034375
6.9e-08 0.00115625
6.91e-08 -0.000687502
6.92e-08 -0.000828127
6.93e-08 -1.66893e-09
6.94e-08 0.000734373
6.95e-08 0.002625
6.96e-08 0.00576562
6.97e-08 0.00721875
6.98e-08 0.004
6.99e-08 -0.0035
