-3e-08 0.000906248
-2.99e-08 0.001125
-2.98e-08 -1.66893e-09
-2.97e-08 -0.000546877
-2.96e-08 -0.000281252
-2.95e-08 0.000140623
-2.94e-08 0.000187498
-2.93e-08 -1.66893e-09
-2.92e-08 -1.56267e-05
-2.91e-08 -1.66893e-09
-2.9e-08 -4.68767e-05
-2.89e-08 -9.37517e-05
-2.88e-08 -1.66893e-09
-2.87e-08 0.000156248
-2.86e-08 0.000124998
-2.85e-08 -0.000234377
-2.84e-08 -0.000500002
-2.83e-08 -1.66893e-09
-2.82e-08 0.0015
-2.81e-08 0.00329687
-2.8e-08 0.00440625
-2.79e-08 0.00448437
-2.78e-08 0.004
-2.77e-08 0.00320312
-2.76e-08 0.00135937
-2.75e-08 -0.00165625
-2.74e-08 -0.0040625
-2.73e-08 -0.004
-2.72e-08 -0.000906252
-2.71e-08 0.0028125
-2.7e-08 0.00435937
-2.69e-08 0.0028125
-2.68e-08 -1.66893e-09
-2.67e-08 -0.0015
-2.66e-08 -0.000937502
-2.65e-08 0.000984373
-2.64e-08 0.00284375
-2.63e-08 0.004
-2.62e-08 0.00439062
-2.61e-08 0.00420312
-2.6e-08 0.00375
-2.59e-08 0.00357812
-2.58e-08 0.004
-2.57e-08 0.00459375
-2.56e-08 0.00451562
-2.55e-08 0.00315625
-2.54e-08 0.00125
-2.53e-08 -1.66893e-09
-2.52e-08 -1.56267e-05
-2.51e-08 0.000124998
-2.5e-08 -0.000500002
-2.49e-08 -0.00109375
-2.48e-08 -1.66893e-09
-2.47e-08 0.003125
-2.46e-08 0.00467187
-2.45e-08 0.00210937
-2.44e-08 -0.00234375
-2.43e-08 -0.004
-2.42e-08 -0.000421877
-2.41e-08 0.00348437
-2.4e-08 0.00275
-2.39e-08 -0.0016875
-2.38e-08 -0.004
-2.37e-08 4.68733e-05
-2.36e-08 0.00610937
-2.35e-08 0.00803125
-2.34e-08 0.00439062
-2.33e-08 -1.66893e-09
-2.32e-08 -9.37517e-05
-2.31e-08 0.0026875
-2.3e-08 0.00432812
-2.29e-08 0.00279687
-2.28e-08 -1.66893e-09
-2.27e-08 -0.00114063
-2.26e-08 -0.000562502
-2.25e-08 0.000312498
-2.24e-08 0.000406248
-2.23e-08 -1.66893e-09
-2.22e-08 -0.000109377
-2.21e-08 -4.68767e-05
-2.2e-08 -1.56267e-05
-2.19e-08 -4.68767e-05
-2.18e-08 -1.66893e-09
-2.17e-08 0.000218748
-2.16e-08 0.000156248
-2.15e-08 -0.000296877
-2.14e-08 -0.000593752
-2.13e-08 -1.66893e-09
-2.12e-08 0.00167187
-2.11e-08 0.00342187
-2.1e-08 0.00420312
-2.09e-08 0.00404687
-2.08e-08 0.004
-2.07e-08 0.00451562
-2.06e-08 0.00451562
-2.05e-08 0.00301562
-2.04e-08 0.000921873
-2.03e-08 -1.66893e-09
-2.02e-08 0.00126562
-2.01e-08 0.00334375
-2e-08 0.00403125
-1.99e-08 0.00246875
-1.98e-08 -1.66893e-09
-1.97e-08 -0.00139063
-1.96e-08 -0.000906252
-1.95e-08 0.00103125
-1.94e-08 0.00301562
-1.93e-08 0.004
-1.92e-08 0.0035
-1.91e-08 0.0014375
-1.9e-08 -0.00145313
-1.89e-08 -0.00354688
-1.88e-08 -0.004
-1.87e-08 -0.00285938
-1.86e-08 -0.000921877
-1.85e-08 0.000687498
-1.84e-08 0.000953123
-1.83e-08 -1.66893e-09
-1.82e-08 -0.001125
-1.81e-08 -0.000859377
-1.8e-08 0.00126562
-1.79e-08 0.00360937
-1.78e-08 0.004
-1.77e-08 0.00146875
-1.76e-08 -0.00234375
-1.75e-08 -0.00507813
-1.74e-08 -0.00532813
-1.73e-08 -0.004
-1.72e-08 -0.00251563
-1.71e-08 -0.000937502
-1.7e-08 0.00110937
-1.69e-08 0.00304687
-1.68e-08 0.004
-1.67e-08 0.00317187
-1.66e-08 0.00109375
-1.65e-08 -0.000906252
-1.64e-08 -0.00135938
-1.63e-08 -1.66893e-09
-1.62e-08 0.0023125
-1.61e-08 0.00390625
-1.6e-08 0.00357812
-1.59e-08 0.00175
-1.58e-08 -1.66893e-09
-1.57e-08 -0.000421877
-1.56e-08 -0.000140627
-1.55e-08 -0.000171877
-1.54e-08 -0.000484377
-1.53e-08 -1.66893e-09
-1.52e-08 0.00190625
-1.51e-08 0.003625
-1.5e-08 0.0038125
-1.49e-08 0.00321875
-1.48e-08 0.004
-1.47e-08 0.00682812
-1.46e-08 0.00857812
-1.45e-08 0.00617187
-1.44e-08 0.000640623
-1.43e-08 -0.004
-1.42e-08 -0.00439063
-1.41e-08 -0.00173438
-1.4e-08 0.0011875
-1.39e-08 0.00273437
-1.38e-08 0.004
-1.37e-08 0.00623437
-1.36e-08 0.00798437
-1.35e-08 0.00723437
-1.34e-08 0.003875
-1.33e-08 -1.66893e-09
-1.32e-08 -0.001875
-1.31e-08 -0.00115625
-1.3e-08 0.00125
-1.29e-08 0.00335937
-1.28e-08 0.004
-1.27e-08 0.00290625
-1.26e-08 0.000937498
-1.25e-08 -0.000718752
-1.24e-08 -0.001
-1.23e-08 -1.66893e-09
-1.22e-08 0.00157812
-1.21e-08 0.00326562
-1.2e-08 0.00464062
-1.19e-08 0.00496875
-1.18e-08 0.004
-1.17e-08 0.00196875
-1.16e-08 0.000359373
-1.15e-08 1.56233e-05
-1.14e-08 0.000390623
-1.13e-08 -1.66893e-09
-1.12e-08 -0.00175
-1.11e-08 -0.00360938
-1.1e-08 -0.00384375
-1.09e-08 -0.00217188
-1.08e-08 -1.66893e-09
-1.07e-08 0.000984373
-1.06e-08 0.000531248
-1.05e-08 -0.000453127
-1.04e-08 -0.000750002
-1.03e-08 -1.66893e-09
-1.02e-08 0.00145312
-1.01e-08 0.00321875
-1e-08 0.00465625
-9.9e-09 0.00496875
-9.8e-09 0.004
-9.7e-09 0.00214062
-9.6e-09 0.000499998
-9.5e-09 -0.000265627
-9.4e-09 -0.000187502
-9.3e-09 -1.66893e-09
-9.2e-09 -0.000187502
-9.1e-09 -0.000265627
-9e-09 0.000499998
-8.9e-09 0.00214062
-8.8e-09 0.004
-8.7e-09 0.00490625
-8.6e-09 0.00460937
-8.5e-09 0.00326562
-8.4e-09 0.00154687
-8.3e-09 -1.66893e-09
-8.2e-09 -0.000968752
-8.1e-09 -0.000593752
-8e-09 0.000687498
-7.9e-09 0.00132812
-7.8e-09 -1.66893e-09
-7.7e-09 -0.00345313
-7.6e-09 -0.00698438
-7.5e-09 -0.00828125
-7.4e-09 -0.0066875
-7.3e-09 -0.004
-7.2e-09 -0.00246875
-7.1e-09 -0.00295313
-7e-09 -0.00515625
-6.9e-09 -0.0083125
-6.8e-09 -0.012
-6.7e-09 -0.0148125
-6.6e-09 -0.014125
-6.5e-09 -0.00892188
-6.4e-09 -0.00270313
-6.3e-09 -1.66893e-09
-6.2e-09 -0.00260938
-6.1e-09 -0.0068125
-6e-09 -0.00782813
-5.9e-09 -0.00442188
-5.8e-09 -1.66893e-09
-5.7e-09 0.0015
-5.6e-09 0.000687498
-5.5e-09 -0.000265627
-5.4e-09 -0.000187502
-5.3e-09 -1.66893e-09
-5.2e-09 -0.000859377
-5.1e-09 -0.000875002
-5e-09 0.0015625
-4.9e-09 0.00542187
-4.8e-09 0.008
-4.7e-09 0.00692187
-4.6e-09 0.00265625
-4.5e-09 -0.0024375
-4.4e-09 -0.00501563
-4.3e-09 -0.004
-4.2e-09 -0.000484377
-4.1e-09 0.0029375
-4e-09 0.004375
-3.9e-09 0.00401562
-3.8e-09 0.004
-3.7e-09 0.00560937
-3.6e-09 0.0075625
-3.5e-09 0.00773437
-3.4e-09 0.00590625
-3.3e-09 0.004
-3.2e-09 0.00370312
-3.1e-09 0.00407812
-3e-09 0.003375
-2.9e-09 0.0015
-2.8e-09 -1.66893e-09
-2.7e-09 -6.25017e-05
-2.6e-09 0.000203123
-2.5e-09 -0.000718752
-2.4e-09 -0.0026875
-2.3e-09 -0.004
-2.2e-09 -0.0030625
-2.1e-09 -0.000984377
-2e-09 0.000593748
-1.9e-09 0.000734373
-1.8e-09 -1.66893e-09
-1.7e-09 -0.000859377
-1.6e-09 -0.00267188
-1.5e-09 -0.00567188
-1.4e-09 -0.00815625
-1.3e-09 -0.008
-1.2e-09 -0.00414063
-1.1e-09 0.00148437
-1e-09 0.00578125
-9e-10 0.006375
-8e-10 0.004
-7e-10 0.000531248
-6e-10 -0.00275
-5e-10 -0.0050625
-4e-10 -0.00551563
-3e-10 -0.004
-2e-10 -0.00129688
-1e-10 0.000187498
0 -0.000890627
1e-10 -0.00320313
2e-10 -0.004
3e-10 -0.00207813
4e-10 -0.000156252
5e-10 -0.000796877
6e-10 -0.00320313
7e-10 -0.004
8e-10 -0.000953127
9e-10 0.00290625
1e-09 0.00385937
1.1e-09 0.00170312
1.2e-09 -1.66893e-09
1.3e-09 0.0014375
1.4e-09 0.00367187
1.5e-09 0.00320312
1.6e-09 -0.000406252
1.7e-09 -0.004
1.8e-09 -0.00428125
1.9e-09 -0.00165625
2e-09 0.00120312
2.1e-09 0.00173437
2.2e-09 -1.66893e-09
2.3e-09 -0.00228125
2.4e-09 -0.00384375
2.5e-09 -0.00384375
2.6e-09 -0.00228125
2.7e-09 -1.66893e-09
2.8e-09 0.00178125
2.9e-09 0.00125
3e-09 -0.00173438
3.1e-09 -0.00442188
3.2e-09 -0.004
3.3e-09 -4.68767e-05
3.4e-09 0.00346875
3.5e-09 0.00325
3.6e-09 0.000593748
3.7e-09 -1.66893e-09
3.8e-09 0.00385937
3.9e-09 0.00771875
4e-09 0.00640625
4.1e-09 0.000546873
4.2e-09 -0.004
4.3e-09 -0.00245313
4.4e-09 0.00210937
4.5e-09 0.00454687
4.6e-09 0.00284375
4.7e-09 -1.66893e-09
4.8e-09 -0.000250002
4.9e-09 0.000265623
5e-09 -0.00109375
5.1e-09 -0.00465625
5.2e-09 -0.008
5.3e-09 -0.00771875
5.4e-09 -0.0033125
5.5e-09 0.00320312
5.6e-09 0.00867187
5.7e-09 0.012
5.8e-09 0.0115156
5.9e-09 0.0137031
6e-09 0.0183906
6.1e-09 0.0226406
6.2e-09 0.024
6.3e-09 0.0170625
6.4e-09 0.010875
6.5e-09 0.00582812
6.6e-09 -0.00389063
6.7e-09 -0.028
6.8e-09 -0.0735625
6.9e-09 -0.132953
7e-09 -0.191953
7.1e-09 -0.233578
7.2e-09 -0.26
7.3e-09 -0.271234
7.4e-09 -0.276406
7.5e-09 -0.273438
7.6e-09 -0.262828
7.7e-09 -0.248
7.8e-09 -0.223656
7.9e-09 -0.198016
8e-09 -0.169266
8.1e-09 -0.139391
8.2e-09 -0.108
8.3e-09 -0.0737969
8.4e-09 -0.0456094
8.5e-09 -0.0296719
8.6e-09 -0.0257031
8.7e-09 -0.024
8.8e-09 -0.0195625
8.9e-09 -0.0118594
9e-09 -0.00596875
9.1e-09 -0.00270313
9.2e-09 0.004
9.3e-09 0.0152031
9.4e-09 0.0294531
9.5e-09 0.040625
9.6e-09 0.0454063
9.7e-09 0.048
9.8e-09 0.050375
9.9e-09 0.0522188
1e-08 0.0505
1.01e-08 0.0452813
1.02e-08 0.04
1.03e-08 0.0368438
1.04e-08 0.0358906
1.05e-08 0.0357344
1.06e-08 0.0365938
1.07e-08 0.04
1.08e-08 0.0454844
1.09e-08 0.0485469
1.1e-08 0.0458906
1.11e-08 0.0398438
1.12e-08 0.036
1.13e-08 0.0380469
1.14e-08 0.0424531
1.15e-08 0.0440469
1.16e-08 0.0418281
1.17e-08 0.04
1.18e-08 0.0421563
1.19e-08 0.046375
1.2e-08 0.0484063
1.21e-08 0.04675
1.22e-08 0.044
1.23e-08 0.0420156
1.24e-08 0.0388906
1.25e-08 0.0320156
1.26e-08 0.0230937
1.27e-08 0.016
1.28e-08 0.0143594
1.29e-08 0.0175625
1.3e-08 0.022125
1.31e-08 0.0234219
1.32e-08 0.02
1.33e-08 0.0140937
1.34e-08 0.0090625
1.35e-08 0.00804687
1.36e-08 0.0113281
1.37e-08 0.016
1.38e-08 0.0188437
1.39e-08 0.0177969
1.4e-08 0.013875
1.41e-08 0.0110156
1.42e-08 0.012
1.43e-08 0.0162344
1.44e-08 0.0197812
1.45e-08 0.0188594
1.46e-08 0.0136719
1.47e-08 0.008
1.48e-08 0.00570312
1.49e-08 0.00689062
1.5e-08 0.00875
1.51e-08 0.008
1.52e-08 0.004
1.53e-08 -0.000984377
1.54e-08 -0.00398438
1.55e-08 -0.00310938
1.56e-08 0.000531248
1.57e-08 0.004
1.58e-08 0.0051875
1.59e-08 0.00445312
1.6e-08 0.00398437
1.61e-08 0.005375
1.62e-08 0.008
1.63e-08 0.00985937
1.64e-08 0.00934375
1.65e-08 0.00620312
1.66e-08 0.00239062
1.67e-08 -1.66893e-09
1.68e-08 0.000281248
1.69e-08 0.00253125
1.7e-08 0.00521875
1.71e-08 0.00696875
1.72e-08 0.008
1.73e-08 0.0088125
1.74e-08 0.00864062
1.75e-08 0.00701562
1.76e-08 0.00495312
1.77e-08 0.004
1.78e-08 0.0050625
1.79e-08 0.00709375
1.8e-08 0.00851562
1.81e-08 0.00851562
1.82e-08 0.008
1.83e-08 0.00829687
1.84e-08 0.0103906
1.85e-08 0.0137344
1.86e-08 0.0161562
1.87e-08 0.016
1.88e-08 0.0128906
1.89e-08 0.00928125
1.9e-08 0.00739062
1.91e-08 0.00759375
1.92e-08 0.008
1.93e-08 0.00704687
1.94e-08 0.00710937
1.95e-08 0.00970312
1.96e-08 0.0126094
1.97e-08 0.012
1.98e-08 0.00635937
1.99e-08 0.000968748
2e-08 0.000859373
2.01e-08 0.00520312
2.02e-08 0.008
2.03e-08 0.00470312
2.04e-08 -0.00151563
2.05e-08 -0.00495313
2.06e-08 -0.00329688
2.07e-08 -1.66893e-09
2.08e-08 0.000921873
2.09e-08 0.000203123
2.1e-08 0.000546873
2.11e-08 0.0025
2.12e-08 0.004
2.13e-08 0.003625
2.14e-08 0.00335937
2.15e-08 0.00542187
2.16e-08 0.0091875
2.17e-08 0.012
2.18e-08 0.0115312
2.19e-08 0.00910937
2.2e-08 0.00739062
2.21e-08 0.0085
2.22e-08 0.012
2.23e-08 0.0153281
2.24e-08 0.0165781
2.25e-08 0.0147812
2.26e-08 0.0111875
2.27e-08 0.008
2.28e-08 0.00659375
2.29e-08 0.00723437
2.3e-08 0.00864062
2.31e-08 0.00907812
2.32e-08 0.008
2.33e-08 0.00604687
2.34e-08 0.0044375
2.35e-08 0.00382812
2.36e-08 0.00401562
2.37e-08 0.004
2.38e-08 0.003
2.39e-08 0.00103125
2.4e-08 -0.000906252
2.41e-08 -0.001375
2.42e-08 -1.66893e-09
2.43e-08 0.00246875
2.44e-08 0.00401562
2.45e-08 0.00340625
2.46e-08 0.00140625
2.47e-08 -1.66893e-09
2.48e-08 0.000328123
2.49e-08 0.000499998
2.5e-08 -0.0011875
2.51e-08 -0.00359375
2.52e-08 -0.004
2.53e-08 -0.000843752
2.54e-08 0.0029375
2.55e-08 0.00396875
2.56e-08 0.00195312
2.57e-08 -1.66893e-09
2.58e-08 0.000890623
2.59e-08 0.00317187
2.6e-08 0.00407812
2.61e-08 0.00248437
2.62e-08 -1.66893e-09
2.63e-08 -0.00101563
2.64e-08 -0.000515627
2.65e-08 0.000312498
2.66e-08 0.000453123
2.67e-08 -1.66893e-09
2.68e-08 -0.000359377
2.69e-08 -0.000312502
2.7e-08 0.000421873
2.71e-08 0.00190625
2.72e-08 0.004
2.73e-08 0.006125
2.74e-08 0.00770312
2.75e-08 0.00798437
2.76e-08 0.00660937
2.77e-08 0.004
2.78e-08 0.00117187
2.79e-08 -0.000187502
2.8e-08 0.000593748
2.81e-08 0.0025625
2.82e-08 0.004
2.83e-08 0.00346875
2.84e-08 0.00126562
2.85e-08 -0.00107813
2.86e-08 -0.00165625
2.87e-08 -1.66893e-09
2.88e-08 0.00267187
2.89e-08 0.00423437
2.9e-08 0.00309375
2.91e-08 -0.000296877
2.92e-08 -0.004
2.93e-08 -0.00579688
2.94e-08 -0.00509375
2.95e-08 -0.00285938
2.96e-08 -0.000859377
2.97e-08 -1.66893e-09
2.98e-08 -0.000390627
2.99e-08 -0.0025625
3e-08 -0.00553125
3.01e-08 -0.00660938
3.02e-08 -0.004
3.03e-08 0.0013125
3.04e-08 0.00445312
3.05e-08 0.00203125
3.06e-08 -0.00395313
3.07e-08 -0.008
3.08e-08 -0.00590625
3.09e-08 0.000546873
3.1e-08 0.00651562
3.11e-08 0.00753125
3.12e-08 0.004
3.13e-08 -0.000781252
3.14e-08 -0.00373438
3.15e-08 -0.00365625
3.16e-08 -0.0016875
3.17e-08 -1.66893e-09
3.18e-08 0.000187498
3.19e-08 -0.000125002
3.2e-08 0.000546873
3.21e-08 0.00235937
3.22e-08 0.004
3.23e-08 0.00375
3.24e-08 0.00146875
3.25e-08 -0.001375
3.26e-08 -0.0021875
3.27e-08 -1.66893e-09
3.28e-08 0.00375
3.29e-08 0.00503125
3.3e-08 0.00175
3.31e-08 -0.003
3.32e-08 -0.004
3.33e-08 0.000953123
3.34e-08 0.00675
3.35e-08 0.0073125
3.36e-08 0.00196875
3.37e-08 -0.004
3.38e-08 -0.005
3.39e-08 -0.00196875
3.4e-08 0.00120312
3.41e-08 0.00154687
3.42e-08 -1.66893e-09
3.43e-08 -0.000843752
3.44e-08 -0.000468752
3.45e-08 0.000390623
3.46e-08 0.000624998
3.47e-08 -1.66893e-09
3.48e-08 -0.000781252
3.49e-08 -0.000640627
3.5e-08 0.000953123
3.51e-08 0.003
3.52e-08 0.004
3.53e-08 0.00292187
3.54e-08 0.000812498
3.55e-08 -0.000437502
3.56e-08 0.000718748
3.57e-08 0.004
3.58e-08 0.00742187
3.59e-08 0.00867187
3.6e-08 0.0065625
3.61e-08 0.00275
3.62e-08 -1.66893e-09
3.63e-08 -0.000312502
3.64e-08 0.000124998
3.65e-08 -0.000781252
3.66e-08 -0.00284375
3.67e-08 -0.004
3.68e-08 -0.0025625
3.69e-08 -0.000500002
3.7e-08 -0.000265627
3.71e-08 -0.00214063
3.72e-08 -0.004
3.73e-08 -0.00342188
3.74e-08 -0.0011875
3.75e-08 0.000765623
3.76e-08 0.000984373
3.77e-08 -1.66893e-09
3.78e-08 -0.000718752
3.79e-08 -0.000515627
3.8e-08 0.000593748
3.81e-08 0.00220312
3.82e-08 0.004
3.83e-08 0.00532812
3.84e-08 0.00495312
3.85e-08 0.00260937
3.86e-08 0.000234373
3.87e-08 -1.66893e-09
3.88e-08 0.00221875
3.89e-08 0.00401562
3.9e-08 0.00301562
3.91e-08 0.000468748
3.92e-08 -1.66893e-09
3.93e-08 0.00348437
3.94e-08 0.00729687
3.95e-08 0.00726562
3.96e-08 0.00342187
3.97e-08 -1.66893e-09
3.98e-08 0.000609373
3.99e-08 0.003125
4e-08 0.00384375
4.01e-08 0.00189062
4.02e-08 -1.66893e-09
4.03e-08 0.000859373
4.04e-08 0.00314062
4.05e-08 0.00414062
4.06e-08 0.00260937
4.07e-08 -1.66893e-09
4.08e-08 -0.001375
4.09e-08 -0.000796877
4.1e-08 0.000843748
4.11e-08 0.00151562
4.12e-08 -1.66893e-09
4.13e-08 -0.00290625
4.14e-08 -0.0044375
4.15e-08 -0.00271875
4.16e-08 0.00110937
4.17e-08 0.004
4.18e-08 0.00370312
4.19e-08 0.00120312
4.2e-08 -0.000640627
4.21e-08 0.000468748
4.22e-08 0.004
4.23e-08 0.00701562
4.24e-08 0.00625
4.25e-08 0.000828123
4.26e-08 -0.0054375
4.27e-08 -0.008
4.28e-08 -0.00471875
4.29e-08 0.0013125
4.3e-08 0.00553125
4.31e-08 0.00567187
4.32e-08 0.004
4.33e-08 0.00353125
4.34e-08 0.00395312
4.35e-08 0.00351562
4.36e-08 0.00176562
4.37e-08 -1.66893e-09
4.38e-08 -0.000343752
4.39e-08 -1.66893e-09
4.4e-08 -0.000390627
4.41e-08 -0.002
4.42e-08 -0.004
4.43e-08 -0.005125
4.44e-08 -0.00476563
4.45e-08 -0.00304688
4.46e-08 -0.00110938
4.47e-08 -1.66893e-09
4.48e-08 4.68733e-05
4.49e-08 -7.81267e-05
4.5e-08 0.000328123
4.51e-08 0.000734373
4.52e-08 -1.66893e-09
4.53e-08 -0.00210938
4.54e-08 -0.00384375
4.55e-08 -0.00353125
4.56e-08 -0.00153125
4.57e-08 -1.66893e-09
4.58e-08 -0.000703127
4.59e-08 -0.00296875
4.6e-08 -0.00459375
4.61e-08 -0.00357813
4.62e-08 -1.66893e-09
4.63e-08 0.00442187
4.64e-08 0.00748437
4.65e-08 0.007875
4.66e-08 0.0060625
4.67e-08 0.004
4.68e-08 0.00309375
4.69e-08 0.00353125
4.7e-08 0.00429687
4.71e-08 0.00442187
4.72e-08 0.004
4.73e-08 0.0035625
4.74e-08 0.00371875
4.75e-08 0.00429687
4.76e-08 0.0045625
4.77e-08 0.004
4.78e-08 0.00245312
4.79e-08 0.000687498
4.8e-08 -0.000421877
4.81e-08 -0.000453127
4.82e-08 -1.66893e-09
4.83e-08 0.000234373
4.84e-08 0.000109373
4.85e-08 -7.81267e-05
4.86e-08 -9.37517e-05
4.87e-08 -1.66893e-09
4.88e-08 4.68733e-05
4.89e-08 1.56233e-05
4.9e-08 1.56233e-05
4.91e-08 4.68733e-05
4.92e-08 -1.66893e-09
4.93e-08 -0.000140627
4.94e-08 -0.000109377
4.95e-08 0.000171873
4.96e-08 0.000328123
4.97e-08 -1.66893e-09
4.98e-08 -0.000734377
4.99e-08 -0.000625002
5e-08 0.00101562
5.01e-08 0.003125
5.02e-08 0.004
5.03e-08 0.00271875
5.04e-08 0.000749998
5.05e-08 -0.000265627
5.06e-08 -1.56267e-05
5.07e-08 -1.66893e-09
5.08e-08 -0.00148438
5.09e-08 -0.00345313
5.1e-08 -0.00401563
5.11e-08 -0.0025
5.12e-08 -1.66893e-09
5.13e-08 0.00192187
5.14e-08 0.00340625
5.15e-08 0.0046875
5.16e-08 0.00514062
5.17e-08 0.004
5.18e-08 0.00139062
5.19e-08 -0.000156252
5.2e-08 0.000859373
5.21e-08 0.0031875
5.22e-08 0.004
5.23e-08 0.00145312
5.24e-08 -0.00248438
5.25e-08 -0.00475
5.26e-08 -0.00348438
5.27e-08 -1.66893e-09
5.28e-08 0.00264062
5.29e-08 0.00184375
5.3e-08 -0.00240625
5.31e-08 -0.00676563
5.32e-08 -0.008
5.33e-08 -0.00503125
5.34e-08 -0.00115625
5.35e-08 7.81233e-05
5.36e-08 -0.00184375
5.37e-08 -0.004
5.38e-08 -0.00334375
5.39e-08 -0.0010625
5.4e-08 0.000374998
5.41e-08 0.000124998
5.42e-08 -1.66893e-09
5.43e-08 0.00160937
5.44e-08 0.00354687
5.45e-08 0.00375
5.46e-08 0.0019375
5.47e-08 -1.66893e-09
5.48e-08 -0.000468752
5.49e-08 -6.25017e-05
5.5e-08 -0.000312502
5.51e-08 -0.00185938
5.52e-08 -0.004
5.53e-08 -0.00526563
5.54e-08 -0.00485938
5.55e-08 -0.0029375
5.56e-08 -0.000937502
5.57e-08 -1.66893e-09
5.58e-08 -0.000203127
5.59e-08 -0.000343752
5.6e-08 0.000734373
5.61e-08 0.00265625
5.62e-08 0.004
5.63e-08 0.0034375
5.64e-08 0.00126562
5.65e-08 -0.00110938
5.66e-08 -0.00171875
5.67e-08 -1.66893e-09
5.68e-08 0.0028125
5.69e-08 0.00428125
5.7e-08 0.00295312
5.71e-08 0.000531248
5.72e-08 -1.66893e-09
5.73e-08 0.00240625
5.74e-08 0.00429687
5.75e-08 0.00242187
5.76e-08 -0.00185938
5.77e-08 -0.004
5.78e-08 -0.00104688
5.79e-08 0.00304687
5.8e-08 0.003375
5.81e-08 -0.000453127
5.82e-08 -0.004
5.83e-08 -0.00325
5.84e-08 -0.000765627
5.85e-08 -0.000375002
5.86e-08 -0.0025625
5.87e-08 -0.004
5.88e-08 -0.00160938
5.89e-08 0.00245312
5.9e-08 0.00453125
5.91e-08 0.003
5.92e-08 -1.66893e-09
5.93e-08 -0.00153125
5.94e-08 -0.000859377
5.95e-08 0.000781248
5.96e-08 0.00135937
5.97e-08 -1.66893e-09
5.98e-08 -0.00251563
5.99e-08 -0.00407813
6e-08 -0.00328125
6.01e-08 -0.001125
6.02e-08 -1.66893e-09
6.03e-08 -0.001375
6.04e-08 -0.00346875
6.05e-08 -0.00379688
6.06e-08 -0.00196875
6.07e-08 -1.66893e-09
6.08e-08 0.000234373
6.09e-08 -0.000125002
6.1e-08 0.000624998
6.11e-08 0.00254687
6.12e-08 0.004
6.13e-08 0.00321875
6.14e-08 0.00107812
6.15e-08 -0.000718752
6.16e-08 -0.000921877
6.17e-08 -1.66893e-09
6.18e-08 0.000749998
6.19e-08 0.000546873
6.2e-08 -0.000718752
6.21e-08 -0.00246875
6.22e-08 -0.004
6.23e-08 -0.0046875
6.24e-08 -0.00448438
6.25e-08 -0.00345313
6.26e-08 -0.00189063
6.27e-08 -1.66893e-09
6.28e-08 0.00204687
6.29e-08 0.00357812
6.3e-08 0.0041875
6.31e-08 0.00409375
6.32e-08 0.004
6.33e-08 0.00409375
6.34e-08 0.0041875
6.35e-08 0.00360937
6.36e-08 0.00209375
6.37e-08 -1.66893e-09
6.38e-08 -0.00165625
6.39e-08 -0.00115625
6.4e-08 0.00157812
6.41e-08 0.00414062
6.42e-08 0.004
6.43e-08 0.000593748
6.44e-08 -0.00314063
6.45e-08 -0.00382813
6.46e-08 -0.000609377
6.47e-08 0.004
6.48e-08 0.0065
6.49e-08 0.00554687
6.5e-08 0.00223437
6.51e-08 -0.000296877
6.52e-08 -1.66893e-09
6.53e-08 0.00264062
6.54e-08 0.00435937
6.55e-08 0.00260937
6.56e-08 -0.001375
6.57e-08 -0.004
6.58e-08 -0.00285938
6.59e-08 -0.000562502
6.6e-08 -0.000484377
6.61e-08 -0.00271875
6.62e-08 -0.004
6.63e-08 -0.0015
6.64e-08 0.00253125
6.65e-08 0.00442187
6.66e-08 0.00278125
6.67e-08 -1.66893e-09
6.68e-08 -0.00103125
6.69e-08 -0.000484377
6.7e-08 0.000156248
6.71e-08 0.000109373
6.72e-08 -1.66893e-09
6.73e-08 0.000453123
6.74e-08 0.000468748
6.75e-08 -0.000906252
6.76e-08 -0.0029375
6.77e-08 -0.004
6.78e-08 -0.003
6.79e-08 -0.000953127
6.8e-08 0.000578123
6.81e-08 0.000671873
6.82e-08 -1.66893e-09
6.83e-08 -0.000281252
6.84e-08 -0.000140627
6.85e-08 1.56233e-05
6.86e-08 -1.56267e-05
6.87e-08 -1.66893e-09
6.88e-08 0.000234373
6.89e-08 0.000187498
6.9e-08 -0.000375002
6.91e-08 -0.000765627
6.92e-08 -1.66893e-09
6.93e-08 0.00203125
6.94e-08 0.00376562
6.95e-08 0.00364062
6.96e-08 0.00182812
6.97e-08 -1.66893e-09
6.98e-08 -0.000515627
6.99e-08 -0.000203127
