-2.5e+09 -23.487
-2.49e+09 -53.7964
-2.48e+09 -50.2995
-2.47e+09 -48.4245
-2.46e+09 -47.4808
-2.45e+09 -46.6745
-2.44e+09 -46.3151
-2.43e+09 -46.1901
-2.42e+09 -45.8401
-2.41e+09 -45.3339
-2.4e+09 -45.0995
-2.39e+09 -45.0651
-2.38e+09 -44.9714
-2.37e+09 -44.8339
-2.36e+09 -45.0526
-2.35e+09 -45.6089
-2.34e+09 -45.5058
-2.33e+09 -45.7401
-2.32e+09 -46.1589
-2.31e+09 -46.3339
-2.3e+09 -46.6933
-2.29e+09 -46.9401
-2.28e+09 -47.3995
-2.27e+09 -47.6589
-2.26e+09 -47.6339
-2.25e+09 -47.5683
-2.24e+09 -47.812
-2.23e+09 -47.9995
-2.22e+09 -48.1839
-2.21e+09 -48.4058
-2.2e+09 -48.6151
-2.19e+09 -49.0464
-2.18e+09 -48.6933
-2.17e+09 -48.837
-2.16e+09 -49.2651
-2.15e+09 -49.5558
-2.14e+09 -49.6245
-2.13e+09 -50.1558
-2.12e+09 -51.037
-2.11e+09 -50.9026
-2.1e+09 -50.7589
-2.09e+09 -51.3026
-2.08e+09 -52.0589
-2.07e+09 -52.487
-2.06e+09 -52.9339
-2.05e+09 -53.8464
-2.04e+09 -54.0933
-2.03e+09 -53.9714
-2.02e+09 -53.5308
-2.01e+09 -53.4808
-2e+09 -53.7683
-1.99e+09 -53.6495
-1.98e+09 -53.9058
-1.97e+09 -54.9745
-1.96e+09 -55.4183
-1.95e+09 -55.3058
-1.94e+09 -55.2058
-1.93e+09 -55.7495
-1.92e+09 -55.8808
-1.91e+09 -56.1745
-1.9e+09 -56.3589
-1.89e+09 -57.6901
-1.88e+09 -57.9433
-1.87e+09 -57.8558
-1.86e+09 -58.0651
-1.85e+09 -58.3745
-1.84e+09 -58.4526
-1.83e+09 -58.4839
-1.82e+09 -59.6714
-1.81e+09 -59.8839
-1.8e+09 -60.4651
-1.79e+09 -59.7339
-1.78e+09 -59.6308
-1.77e+09 -60.3245
-1.76e+09 -59.5964
-1.75e+09 -59.6526
-1.74e+09 -61.3683
-1.73e+09 -62.3714
-1.72e+09 -61.7683
-1.71e+09 -62.1183
-1.7e+09 -61.4245
-1.69e+09 -62.8276
-1.68e+09 -61.937
-1.67e+09 -62.9308
-1.66e+09 -64.8839
-1.65e+09 -65.0183
-1.64e+09 -63.7464
-1.63e+09 -64.8183
-1.62e+09 -65.0651
-1.61e+09 -65.5058
-1.6e+09 -66.0183
-1.59e+09 -66.4339
-1.58e+09 -69.6308
-1.57e+09 -68.3776
-1.56e+09 -68.0995
-1.55e+09 -68.5995
-1.54e+09 -69.8558
-1.53e+09 -69.7839
-1.52e+09 -70.7964
-1.51e+09 -72.4526
-1.5e+09 -73.2464
-1.49e+09 -73.5714
-1.48e+09 -72.8495
-1.47e+09 -73.4651
-1.46e+09 -74.7308
-1.45e+09 -74.3401
-1.44e+09 -75.5245
-1.43e+09 -76.0714
-1.42e+09 -78.6526
-1.41e+09 -77.4089
-1.4e+09 -78.0495
-1.39e+09 -78.9183
-1.38e+09 -79.9026
-1.37e+09 -80.6745
-1.36e+09 -81.9151
-1.35e+09 -83.9808
-1.34e+09 -85.8526
-1.33e+09 -86.2183
-1.32e+09 -87.0401
-1.31e+09 -89.6058
-1.3e+09 -89.8183
-1.29e+09 -90.5495
-1.28e+09 -91.387
-1.27e+09 -90.9776
-1.26e+09 -91.7683
-1.25e+09 -94.2214
-1.24e+09 -92.062
-1.23e+09 -92.2026
-1.22e+09 -92.1308
-1.21e+09 -92.0058
-1.2e+09 -92.1151
-1.19e+09 -91.7089
-1.18e+09 -92.0276
-1.17e+09 -92.3433
-1.16e+09 -91.6714
-1.15e+09 -92.8683
-1.14e+09 -91.5151
-1.13e+09 -92.1089
-1.12e+09 -91.8558
-1.11e+09 -92.2558
-1.1e+09 -92.7901
-1.09e+09 -93.3714
-1.08e+09 -92.537
-1.07e+09 -92.862
-1.06e+09 -92.8683
-1.05e+09 -92.4589
-1.04e+09 -92.7714
-1.03e+09 -91.4526
-1.02e+09 -92.6526
-1.01e+09 -92.8776
-1e+09 -92.3808
-9.9e+08 -92.2276
-9.8e+08 -92.4026
-9.7e+08 -92.4651
-9.6e+08 -92.5839
-9.5e+08 -93.2901
-9.4e+08 -92.5433
-9.3e+08 -92.6308
-9.2e+08 -92.0745
-9.1e+08 -92.3058
-9e+08 -92.4589
-8.9e+08 -91.8339
-8.8e+08 -91.9683
-8.7e+08 -91.8714
-8.6e+08 -91.6714
-8.5e+08 -92.2808
-8.4e+08 -92.5495
-8.3e+08 -92.4151
-8.2e+08 -92.8933
-8.1e+08 -93.112
-8e+08 -93.5714
-7.9e+08 -92.9401
-7.8e+08 -92.8683
-7.7e+08 -93.5495
-7.6e+08 -92.2776
-7.5e+08 -92.062
-7.4e+08 -93.4964
-7.3e+08 -92.1151
-7.2e+08 -92.4214
-7.1e+08 -92.1151
-7e+08 -92.187
-6.9e+08 -92.3214
-6.8e+08 -91.6964
-6.7e+08 -92.5558
-6.6e+08 -92.1433
-6.5e+08 -92.0933
-6.4e+08 -91.5745
-6.3e+08 -92.8526
-6.2e+08 -92.2339
-6.1e+08 -93.1589
-6e+08 -93.0839
-5.9e+08 -93.1026
-5.8e+08 -93.7245
-5.7e+08 -92.2058
-5.6e+08 -93.5745
-5.5e+08 -92.6995
-5.4e+08 -93.512
-5.3e+08 -92.8151
-5.2e+08 -92.7339
-5.1e+08 -93.9964
-5e+08 -93.6339
-4.9e+08 -93.7901
-4.8e+08 -93.4495
-4.7e+08 -92.9464
-4.6e+08 -92.8995
-4.5e+08 -92.8058
-4.4e+08 -93.7276
-4.3e+08 -92.9714
-4.2e+08 -92.7308
-4.1e+08 -92.5183
-4e+08 -93.087
-3.9e+08 -93.0183
-3.8e+08 -92.3151
-3.7e+08 -92.037
-3.6e+08 -91.4776
-3.5e+08 -91.8401
-3.4e+08 -91.6589
-3.3e+08 -91.687
-3.2e+08 -91.9589
-3.1e+08 -92.4839
-3e+08 -93.0526
-2.9e+08 -91.1308
-2.8e+08 -92.1214
-2.7e+08 -92.3714
-2.6e+08 -93.2464
-2.5e+08 -93.3933
-2.4e+08 -92.9901
-2.3e+08 -92.1776
-2.2e+08 -92.6339
-2.1e+08 -92.9183
-2e+08 -94.162
-1.9e+08 -93.3058
-1.8e+08 -93.1401
-1.7e+08 -92.712
-1.6e+08 -93.0901
-1.5e+08 -94.062
-1.4e+08 -92.7808
-1.3e+08 -92.5276
-1.2e+08 -93.0745
-1.1e+08 -92.937
-1e+08 -92.8495
-9e+07 -93.4339
-8e+07 -93.9464
-7e+07 -93.0245
-6e+07 -92.887
-5e+07 -93.8183
-4e+07 -93.6839
-3e+07 -93.987
-2e+07 -92.1964
-1e+07 -92.9683
0 -95.0151
1e+07 -93.0183
2e+07 -92.9276
3e+07 -93.7308
4e+07 -94.0526
5e+07 -94.2026
6e+07 -93.4995
7e+07 -93.4745
8e+07 -94.1401
9e+07 -93.7433
1e+08 -93.4683
1.1e+08 -93.462
1.2e+08 -93.4433
1.3e+08 -93.8026
1.4e+08 -93.2339
1.5e+08 -92.9526
1.6e+08 -94.1433
1.7e+08 -93.7995
1.8e+08 -93.962
1.9e+08 -94.3901
2e+08 -94.1058
2.1e+08 -93.9683
2.2e+08 -93.6839
2.3e+08 -93.937
2.4e+08 -94.062
2.5e+08 -93.7964
2.6e+08 -93.9151
2.7e+08 -93.6276
2.8e+08 -94.2276
2.9e+08 -92.2433
3e+08 -93.812
3.1e+08 -92.6276
3.2e+08 -92.7308
3.3e+08 -92.4933
3.4e+08 -93.2589
3.5e+08 -92.8526
3.6e+08 -93.2745
3.7e+08 -93.6151
3.8e+08 -93.6995
3.9e+08 -92.6339
4e+08 -93.0339
4.1e+08 -92.9401
4.2e+08 -94.1526
4.3e+08 -92.9589
4.4e+08 -92.9401
4.5e+08 -93.1839
4.6e+08 -93.5776
4.7e+08 -93.012
4.8e+08 -92.4776
4.9e+08 -92.9433
5e+08 -93.9183
5.1e+08 -93.3464
5.2e+08 -93.737
5.3e+08 -93.6058
5.4e+08 -92.862
5.5e+08 -93.4839
5.6e+08 -92.8776
5.7e+08 -93.962
5.8e+08 -92.8245
5.9e+08 -92.6651
6e+08 -93.387
6.1e+08 -92.5995
6.2e+08 -93.5745
6.3e+08 -93.9495
6.4e+08 -93.1558
6.5e+08 -93.1839
6.6e+08 -93.8245
6.7e+08 -93.5995
6.8e+08 -93.6558
6.9e+08 -92.8526
7e+08 -92.687
7.1e+08 -94.1433
7.2e+08 -93.2714
7.3e+08 -93.0245
7.4e+08 -93.8495
7.5e+08 -93.412
7.6e+08 -93.1183
7.7e+08 -93.0995
7.8e+08 -93.0776
7.9e+08 -92.9933
8e+08 -94.0526
8.1e+08 -93.0151
8.2e+08 -92.9183
8.3e+08 -93.5026
8.4e+08 -93.3308
8.5e+08 -92.9714
8.6e+08 -93.1339
8.7e+08 -93.3089
8.8e+08 -92.6683
8.9e+08 -92.837
9e+08 -92.8433
9.1e+08 -92.5683
9.2e+08 -92.6339
9.3e+08 -92.8308
9.4e+08 -92.262
9.5e+08 -92.7339
9.6e+08 -92.3276
9.7e+08 -93.0933
9.8e+08 -92.2839
9.9e+08 -91.4183
1e+09 -92.362
1.01e+09 -92.7901
1.02e+09 -92.7058
1.03e+09 -92.9839
1.04e+09 -92.2651
1.05e+09 -92.0495
1.06e+09 -92.8214
1.07e+09 -93.037
1.08e+09 -91.4839
1.09e+09 -92.2839
1.1e+09 -91.8464
1.11e+09 -93.0683
1.12e+09 -92.9214
1.13e+09 -91.7401
1.14e+09 -91.6495
1.15e+09 -91.3526
1.16e+09 -91.4058
1.17e+09 -92.9308
1.18e+09 -92.2839
1.19e+09 -92.3714
1.2e+09 -92.8589
1.21e+09 -92.3089
1.22e+09 -93.0776
1.23e+09 -92.0714
1.24e+09 -93.1183
1.25e+09 -94.1276
1.26e+09 -92.7308
1.27e+09 -92.5401
1.28e+09 -92.2651
1.29e+09 -92.912
1.3e+09 -93.2526
1.31e+09 -93.2558
1.32e+09 -92.6776
1.33e+09 -93.2214
1.34e+09 -91.6995
1.35e+09 -93.0339
1.36e+09 -92.937
1.37e+09 -92.962
1.38e+09 -93.3464
1.39e+09 -94.1245
1.4e+09 -92.9933
1.41e+09 -93.0433
1.42e+09 -92.8901
1.43e+09 -93.9683
1.44e+09 -93.8183
1.45e+09 -92.4058
1.46e+09 -93.7245
1.47e+09 -93.8026
1.48e+09 -93.5339
1.49e+09 -93.7026
1.5e+09 -93.3026
1.51e+09 -93.2651
1.52e+09 -93.587
1.53e+09 -93.1058
1.54e+09 -94.1651
1.55e+09 -93.6339
1.56e+09 -92.9464
1.57e+09 -93.3308
1.58e+09 -93.2526
1.59e+09 -93.4808
1.6e+09 -94.1151
1.61e+09 -93.5183
1.62e+09 -93.6058
1.63e+09 -93.0308
1.64e+09 -93.4464
1.65e+09 -94.1683
1.66e+09 -92.8464
1.67e+09 -93.7058
1.68e+09 -93.3651
1.69e+09 -93.0995
1.7e+09 -93.8808
1.71e+09 -94.037
1.72e+09 -93.4433
1.73e+09 -93.2651
1.74e+09 -93.8558
1.75e+09 -94.2151
1.76e+09 -93.6339
1.77e+09 -93.5683
1.78e+09 -92.6089
1.79e+09 -93.5745
1.8e+09 -92.6651
1.81e+09 -93.4401
1.82e+09 -94.2245
1.83e+09 -93.4526
1.84e+09 -93.1183
1.85e+09 -93.6339
1.86e+09 -94.1183
1.87e+09 -93.5433
1.88e+09 -93.7745
1.89e+09 -93.5933
1.9e+09 -93.1245
1.91e+09 -93.6526
1.92e+09 -93.087
1.93e+09 -93.7558
1.94e+09 -94.0058
1.95e+09 -93.8526
1.96e+09 -93.6464
1.97e+09 -93.7183
1.98e+09 -93.1808
1.99e+09 -94.1245
2e+09 -93.9589
2.01e+09 -93.4401
2.02e+09 -93.4214
2.03e+09 -94.3433
2.04e+09 -93.3058
2.05e+09 -93.4058
2.06e+09 -93.787
2.07e+09 -94.0933
2.08e+09 -94.2089
2.09e+09 -94.087
2.1e+09 -93.6245
2.11e+09 -94.3245
2.12e+09 -93.5245
2.13e+09 -94.0839
2.14e+09 -93.887
2.15e+09 -93.7339
2.16e+09 -93.9339
2.17e+09 -93.6964
2.18e+09 -93.0714
2.19e+09 -93.9964
2.2e+09 -94.0995
2.21e+09 -93.4214
2.22e+09 -93.7433
2.23e+09 -93.4214
2.24e+09 -93.8808
2.25e+09 -94.4433
2.26e+09 -94.0714
2.27e+09 -93.2995
2.28e+09 -94.4933
2.29e+09 -94.0214
2.3e+09 -94.0401
2.31e+09 -93.2714
2.32e+09 -94.4776
2.33e+09 -93.287
2.34e+09 -93.9933
2.35e+09 -94.037
2.36e+09 -93.3433
2.37e+09 -93.8933
2.38e+09 -94.0495
2.39e+09 -94.2526
2.4e+09 -93.837
2.41e+09 -93.6245
2.42e+09 -94.1808
2.43e+09 -93.6558
2.44e+09 -92.8558
2.45e+09 -94.1558
2.46e+09 -94.3526
2.47e+09 -94.0245
2.48e+09 -93.8745
2.49e+09 -94.0276
