-1.5e-08 0.000203124
-1.498e-08 -7.15256e-10
-1.496e-08 0.000562499
-1.494e-08 0.00159375
-1.492e-08 0.00273437
-1.49e-08 0.00370312
-1.488e-08 0.004
-1.486e-08 0.00335937
-1.484e-08 0.0019375
-1.482e-08 -7.15256e-10
-1.48e-08 -0.00209375
-1.478e-08 -0.004
-1.476e-08 -0.00528125
-1.474e-08 -0.00575
-1.472e-08 -0.00564063
-1.47e-08 -0.00503125
-1.468e-08 -0.004
-1.466e-08 -0.0030625
-1.464e-08 -0.00214063
-1.462e-08 -0.00128125
-1.46e-08 -0.000593751
-1.458e-08 -7.15256e-10
-1.456e-08 0.000578124
-1.454e-08 0.000890624
-1.452e-08 0.000921874
-1.45e-08 0.000656249
-1.448e-08 -7.15256e-10
-1.446e-08 -0.000984376
-1.444e-08 -0.00203125
-1.442e-08 -0.00301563
-1.44e-08 -0.00375
-1.438e-08 -0.004
-1.436e-08 -0.00378125
-1.434e-08 -0.00307813
-1.432e-08 -0.00209375
-1.43e-08 -0.00103125
-1.428e-08 -7.15256e-10
-1.426e-08 0.000734374
-1.424e-08 0.0010625
-1.422e-08 0.00104687
-1.42e-08 0.000703124
-1.418e-08 -7.15256e-10
-1.416e-08 -0.000828126
-1.414e-08 -0.00170313
-1.412e-08 -0.00260938
-1.41e-08 -0.003375
-1.408e-08 -0.004
-1.406e-08 -0.0045
-1.404e-08 -0.0046875
-1.402e-08 -0.0046875
-1.4e-08 -0.0045
-1.398e-08 -0.004
-1.396e-08 -0.003375
-1.394e-08 -0.00260938
-1.392e-08 -0.00170313
-1.39e-08 -0.000828126
-1.388e-08 -7.15256e-10
-1.386e-08 0.000703124
-1.384e-08 0.00104687
-1.382e-08 0.0010625
-1.38e-08 0.000734374
-1.378e-08 -7.15256e-10
-1.376e-08 -0.00103125
-1.374e-08 -0.00209375
-1.372e-08 -0.00307813
-1.37e-08 -0.00376563
-1.368e-08 -0.004
-1.366e-08 -0.00376563
-1.364e-08 -0.00307813
-1.362e-08 -0.00209375
-1.36e-08 -0.00103125
-1.358e-08 -7.15256e-10
-1.356e-08 0.000734374
-1.354e-08 0.0010625
-1.352e-08 0.00104687
-1.35e-08 0.000703124
-1.348e-08 -7.15256e-10
-1.346e-08 -0.000828126
-1.344e-08 -0.00170313
-1.342e-08 -0.00260938
-1.34e-08 -0.003375
-1.338e-08 -0.004
-1.336e-08 -0.00446875
-1.334e-08 -0.004625
-1.332e-08 -0.004625
-1.33e-08 -0.00445313
-1.328e-08 -0.004
-1.326e-08 -0.00345313
-1.324e-08 -0.00275
-1.322e-08 -0.00185938
-1.32e-08 -0.000937501
-1.318e-08 -7.15256e-10
-1.316e-08 0.000906249
-1.314e-08 0.00140625
-1.312e-08 0.00145312
-1.31e-08 0.000999999
-1.308e-08 -7.15256e-10
-1.306e-08 -0.00145313
-1.304e-08 -0.00284375
-1.302e-08 -0.00392188
-1.3e-08 -0.00440625
-1.298e-08 -0.004
-1.296e-08 -0.00273438
-1.294e-08 -0.000921876
-1.292e-08 0.00107812
-1.29e-08 0.00282812
-1.288e-08 0.004
-1.286e-08 0.00426562
-1.284e-08 0.00367187
-1.282e-08 0.00259375
-1.28e-08 0.00128125
-1.278e-08 -7.15256e-10
-1.276e-08 -0.000812501
-1.274e-08 -0.00109375
-1.272e-08 -0.000984376
-1.27e-08 -0.000546876
-1.268e-08 -7.15256e-10
-1.266e-08 0.000296874
-1.264e-08 0.000421874
-1.262e-08 0.000390624
-1.26e-08 0.000203124
-1.258e-08 -7.15256e-10
-1.256e-08 -0.000109376
-1.254e-08 -0.000140626
-1.252e-08 -0.000109376
-1.25e-08 -4.68757e-05
-1.248e-08 -7.15256e-10
-1.246e-08 -7.81257e-05
-1.244e-08 -0.000171876
-1.242e-08 -0.000187501
-1.24e-08 -0.000140626
-1.238e-08 -7.15256e-10
-1.236e-08 0.000265624
-1.234e-08 0.000499999
-1.232e-08 0.000578124
-1.23e-08 0.000453124
-1.228e-08 -7.15256e-10
-1.226e-08 -0.000765626
-1.224e-08 -0.0016875
-1.222e-08 -0.002625
-1.22e-08 -0.00342188
-1.218e-08 -0.004
-1.216e-08 -0.00425
-1.214e-08 -0.00421875
-1.212e-08 -0.004125
-1.21e-08 -0.00403125
-1.208e-08 -0.004
-1.206e-08 -0.00421875
-1.204e-08 -0.0044375
-1.202e-08 -0.00454688
-1.2e-08 -0.00446875
-1.198e-08 -0.004
-1.196e-08 -0.00310938
-1.194e-08 -0.0020625
-1.192e-08 -0.00104688
-1.19e-08 -0.000281251
-1.188e-08 -7.15256e-10
-1.186e-08 -0.000281251
-1.184e-08 -0.00104688
-1.182e-08 -0.0020625
-1.18e-08 -0.00309375
-1.178e-08 -0.004
-1.176e-08 -0.0045
-1.174e-08 -0.00459375
-1.172e-08 -0.0045
-1.17e-08 -0.00426563
-1.168e-08 -0.004
-1.166e-08 -0.00398438
-1.164e-08 -0.00404688
-1.162e-08 -0.004125
-1.16e-08 -0.0041875
-1.158e-08 -0.004
-1.156e-08 -0.00351563
-1.154e-08 -0.00279688
-1.152e-08 -0.00185938
-1.15e-08 -0.000890626
-1.148e-08 -7.15256e-10
-1.146e-08 0.000624999
-1.144e-08 0.000890624
-1.142e-08 0.000859374
-1.14e-08 0.000578124
-1.138e-08 -7.15256e-10
-1.136e-08 -0.000656251
-1.134e-08 -0.00142188
-1.132e-08 -0.0023125
-1.13e-08 -0.00317188
-1.128e-08 -0.004
-1.126e-08 -0.00478125
-1.124e-08 -0.00520313
-1.122e-08 -0.00521875
-1.12e-08 -0.00485938
-1.118e-08 -0.004
-1.116e-08 -0.0028125
-1.114e-08 -0.00160938
-1.112e-08 -0.000609376
-1.11e-08 -1.56257e-05
-1.108e-08 -7.15256e-10
-1.106e-08 -0.000593751
-1.104e-08 -0.0015625
-1.102e-08 -0.002625
-1.1e-08 -0.00353125
-1.098e-08 -0.004
-1.096e-08 -0.00389063
-1.094e-08 -0.00323438
-1.092e-08 -0.00221875
-1.09e-08 -0.00109375
-1.088e-08 -7.15256e-10
-1.086e-08 0.000718749
-1.084e-08 0.000984374
-1.082e-08 0.000906249
-1.08e-08 0.000531249
-1.078e-08 -7.15256e-10
-1.076e-08 -0.000453126
-1.074e-08 -0.000703126
-1.072e-08 -0.000703126
-1.07e-08 -0.000437501
-1.068e-08 -7.15256e-10
-1.066e-08 0.000453124
-1.064e-08 0.000765624
-1.062e-08 0.000828124
-1.06e-08 0.000609374
-1.058e-08 -7.15256e-10
-1.056e-08 -0.000921876
-1.054e-08 -0.00192188
-1.052e-08 -0.00289063
-1.05e-08 -0.00365625
-1.048e-08 -0.004
-1.046e-08 -0.00396875
-1.044e-08 -0.00340625
-1.042e-08 -0.00245313
-1.04e-08 -0.00126563
-1.038e-08 -7.15256e-10
-1.036e-08 0.00110937
-1.034e-08 0.00170312
-1.032e-08 0.00173437
-1.03e-08 0.00115625
-1.028e-08 -7.15256e-10
-1.026e-08 -0.00153125
-1.024e-08 -0.00295313
-1.022e-08 -0.00396875
-1.02e-08 -0.00435938
-1.018e-08 -0.004
-1.016e-08 -0.00290625
-1.014e-08 -0.00154688
-1.012e-08 -0.000390626
-1.01e-08 0.000249999
-1.008e-08 -7.15256e-10
-1.006e-08 -0.0013125
-1.004e-08 -0.00320313
-1.002e-08 -0.00526563
-1e-08 -0.0070625
-9.98e-09 -0.008
-9.96e-09 -0.00776563
-9.94e-09 -0.00642188
-9.92e-09 -0.00440625
-9.9e-09 -0.00214063
-9.88e-09 -7.15256e-10
-9.86e-09 0.00139062
-9.84e-09 0.00189062
-9.82e-09 0.00176562
-9.8e-09 0.00107812
-9.78e-09 -7.15256e-10
-9.76e-09 -0.000906251
-9.74e-09 -0.00173438
-9.72e-09 -0.00257813
-9.7e-09 -0.00329688
-9.68e-09 -0.004
-9.66e-09 -0.004875
-9.64e-09 -0.00540625
-9.62e-09 -0.00551563
-9.6e-09 -0.00514063
-9.58e-09 -0.004
-9.56e-09 -0.00225
-9.54e-09 -0.000281251
-9.52e-09 0.00164062
-9.5e-09 0.00315625
-9.48e-09 0.004
-9.46e-09 0.00398437
-9.44e-09 0.00323437
-9.42e-09 0.00217187
-9.4e-09 0.00101562
-9.38e-09 -7.15256e-10
-9.36e-09 -0.000531251
-9.34e-09 -0.000640626
-9.32e-09 -0.000484376
-9.3e-09 -0.000171876
-9.28e-09 -7.15256e-10
-9.26e-09 -0.000203126
-9.24e-09 -0.000750001
-9.22e-09 -0.0016875
-9.2e-09 -0.00284375
-9.18e-09 -0.004
-9.16e-09 -0.00496875
-9.14e-09 -0.0054375
-9.12e-09 -0.00545313
-9.1e-09 -0.00496875
-9.08e-09 -0.004
-9.06e-09 -0.0028125
-9.04e-09 -0.00164063
-9.02e-09 -0.000656251
-9e-09 -7.81257e-05
-8.98e-09 -7.15256e-10
-8.96e-09 -0.000406251
-8.94e-09 -0.00120313
-8.92e-09 -0.00223438
-8.9e-09 -0.00325
-8.88e-09 -0.004
-8.86e-09 -0.00434375
-8.84e-09 -0.00404688
-8.82e-09 -0.00314063
-8.8e-09 -0.00176563
-8.78e-09 -7.15256e-10
-8.76e-09 0.00182812
-8.74e-09 0.00328125
-8.72e-09 0.00421875
-8.7e-09 0.00448437
-8.68e-09 0.004
-8.66e-09 0.00290625
-8.64e-09 0.00159375
-8.62e-09 0.000515624
-8.6e-09 -7.81257e-05
-8.58e-09 -7.15256e-10
-8.56e-09 0.000843749
-8.54e-09 0.00204687
-8.52e-09 0.00320312
-8.5e-09 0.004
-8.48e-09 0.004
-8.46e-09 0.00296875
-8.44e-09 0.00126562
-8.42e-09 -0.000750001
-8.4e-09 -0.00264063
-8.38e-09 -0.004
-8.36e-09 -0.00445313
-8.34e-09 -0.00395313
-8.32e-09 -0.002875
-8.3e-09 -0.0014375
-8.28e-09 -7.15256e-10
-8.26e-09 0.000890624
-8.24e-09 0.00123437
-8.22e-09 0.001125
-8.2e-09 0.000640624
-8.18e-09 -7.15256e-10
-8.16e-09 -0.000468751
-8.14e-09 -0.000718751
-8.12e-09 -0.000703126
-8.1e-09 -0.000421876
-8.08e-09 -7.15256e-10
-8.06e-09 0.000421874
-8.04e-09 0.000718749
-8.02e-09 0.000765624
-8e-09 0.000562499
-7.98e-09 -7.15256e-10
-7.96e-09 -0.000828126
-7.94e-09 -0.00175
-7.92e-09 -0.0026875
-7.9e-09 -0.00345313
-7.88e-09 -0.004
-7.86e-09 -0.00421875
-7.84e-09 -0.00415625
-7.82e-09 -0.0040625
-7.8e-09 -0.00398438
-7.78e-09 -0.004
-7.76e-09 -0.00429688
-7.74e-09 -0.00457813
-7.72e-09 -0.00470313
-7.7e-09 -0.00457813
-7.68e-09 -0.004
-7.66e-09 -0.0029375
-7.64e-09 -0.00175
-7.62e-09 -0.000718751
-7.6e-09 -6.25007e-05
-7.58e-09 -7.15256e-10
-7.56e-09 -0.000640626
-7.54e-09 -0.00167188
-7.52e-09 -0.00275
-7.5e-09 -0.00364063
-7.48e-09 -0.004
-7.46e-09 -0.00364063
-7.44e-09 -0.00275
-7.42e-09 -0.00167188
-7.4e-09 -0.000625001
-7.38e-09 -7.15256e-10
-7.36e-09 -0.000109376
-7.34e-09 -0.000796876
-7.32e-09 -0.001875
-7.3e-09 -0.0030625
-7.28e-09 -0.004
-7.26e-09 -0.00440625
-7.24e-09 -0.00409375
-7.22e-09 -0.00314063
-7.2e-09 -0.00175
-7.18e-09 -7.15256e-10
-7.16e-09 0.001625
-7.14e-09 0.00289062
-7.12e-09 0.00382812
-7.1e-09 0.00425
-7.08e-09 0.004
-7.06e-09 0.00334375
-7.04e-09 0.00209375
-7.02e-09 0.000296874
-7e-09 -0.00173438
-6.98e-09 -0.004
-6.96e-09 -0.00626563
-6.94e-09 -0.007875
-6.92e-09 -0.00882813
-6.9e-09 -0.00892188
-6.88e-09 -0.008
-6.86e-09 -0.00640625
-6.84e-09 -0.0044375
-6.82e-09 -0.00248438
-6.8e-09 -0.000921876
-6.78e-09 -7.15256e-10
-6.76e-09 0.000140624
-6.74e-09 -0.000484376
-6.72e-09 -0.00157813
-6.7e-09 -0.002875
-6.68e-09 -0.004
-6.66e-09 -0.00464063
-6.64e-09 -0.00451563
-6.62e-09 -0.0035625
-6.6e-09 -0.00196875
-6.58e-09 -7.15256e-10
-6.56e-09 0.00198437
-6.54e-09 0.00321875
-6.52e-09 0.00339062
-6.5e-09 0.002375
-6.48e-09 -7.15256e-10
-6.46e-09 -0.00335938
-6.44e-09 -0.0068125
-6.42e-09 -0.00982813
-6.4e-09 -0.0117969
-6.38e-09 -0.012
-6.36e-09 -0.0105156
-6.34e-09 -0.0075
-6.32e-09 -0.00357813
-6.3e-09 0.000468749
-6.28e-09 0.004
-6.26e-09 0.00628125
-6.24e-09 0.00673437
-6.22e-09 0.0056875
-6.2e-09 0.00335937
-6.18e-09 -7.15256e-10
-6.16e-09 -0.0034375
-6.14e-09 -0.00623438
-6.12e-09 -0.008125
-6.1e-09 -0.00875
-6.08e-09 -0.008
-6.06e-09 -0.00626563
-6.04e-09 -0.00401563
-6.02e-09 -0.0019375
-6e-09 -0.000531251
-5.98e-09 -7.15256e-10
-5.96e-09 -0.000656251
-5.94e-09 -0.0019375
-5.92e-09 -0.0031875
-5.9e-09 -0.0040625
-5.88e-09 -0.004
-5.86e-09 -0.00264063
-5.84e-09 -0.000625001
-5.82e-09 0.00153125
-5.8e-09 0.00329687
-5.78e-09 0.004
-5.76e-09 0.00309375
-5.74e-09 0.00120312
-5.72e-09 -0.001
-5.7e-09 -0.00296875
-5.68e-09 -0.004
-5.66e-09 -0.00345313
-5.64e-09 -0.00179688
-5.62e-09 0.000359374
-5.6e-09 0.0025
-5.58e-09 0.004
-5.56e-09 0.00407812
-5.54e-09 0.0031875
-5.52e-09 0.00198437
-5.5e-09 0.000796874
-5.48e-09 -7.15256e-10
-5.46e-09 0.000296874
-5.44e-09 0.000937499
-5.42e-09 0.00132812
-5.4e-09 0.00123437
-5.38e-09 -7.15256e-10
-5.36e-09 -0.00271875
-5.34e-09 -0.00589063
-5.32e-09 -0.00896875
-5.3e-09 -0.0112656
-5.28e-09 -0.012
-5.26e-09 -0.0107656
-5.24e-09 -0.00814063
-5.22e-09 -0.00496875
-5.2e-09 -0.002
-5.18e-09 -7.15256e-10
-5.16e-09 0.000281249
-5.14e-09 -0.000968751
-5.12e-09 -0.003125
-5.1e-09 -0.00571875
-5.08e-09 -0.008
-5.06e-09 -0.009125
-5.04e-09 -0.00901563
-5.02e-09 -0.00795313
-5e-09 -0.0061875
-4.98e-09 -0.004
-4.96e-09 -0.0021875
-4.94e-09 -0.000875001
-4.92e-09 -7.81257e-05
-4.9e-09 0.000140624
-4.88e-09 -7.15256e-10
-4.86e-09 -0.000187501
-4.84e-09 -0.000406251
-4.82e-09 -0.000453126
-4.8e-09 -0.000296876
-4.78e-09 -7.15256e-10
-4.76e-09 0.000374999
-4.74e-09 0.000640624
-4.72e-09 0.000718749
-4.7e-09 0.000562499
-4.68e-09 -7.15256e-10
-4.66e-09 -0.000937501
-4.64e-09 -0.00196875
-4.62e-09 -0.00296875
-4.6e-09 -0.00371875
-4.58e-09 -0.004
-4.56e-09 -0.00376563
-4.54e-09 -0.00304688
-4.52e-09 -0.00204688
-4.5e-09 -0.000968751
-4.48e-09 -7.15256e-10
-4.46e-09 0.000546874
-4.44e-09 0.000703124
-4.42e-09 0.000609374
-4.4e-09 0.000328124
-4.38e-09 -7.15256e-10
-4.36e-09 -0.000156251
-4.34e-09 -0.000203126
-4.32e-09 -0.000171876
-4.3e-09 -7.81257e-05
-4.28e-09 -7.15256e-10
-4.26e-09 -4.68757e-05
-4.24e-09 -0.000109376
-4.22e-09 -0.000140626
-4.2e-09 -0.000109376
-4.18e-09 -7.15256e-10
-4.16e-09 0.000187499
-4.14e-09 0.000359374
-4.12e-09 0.000421874
-4.1e-09 0.000359374
-4.08e-09 -7.15256e-10
-4.06e-09 -0.000640626
-4.04e-09 -0.00145313
-4.02e-09 -0.00242188
-4e-09 -0.00334375
-3.98e-09 -0.004
-3.96e-09 -0.00439063
-3.94e-09 -0.00414063
-3.92e-09 -0.00326563
-3.9e-09 -0.00189063
-3.88e-09 -7.15256e-10
-3.86e-09 0.002125
-3.84e-09 0.00382812
-3.82e-09 0.00490625
-3.8e-09 0.00507812
-3.78e-09 0.004
-3.76e-09 0.001875
-3.74e-09 -0.000843751
-3.72e-09 -0.00375
-3.7e-09 -0.00626563
-3.68e-09 -0.008
-3.66e-09 -0.00864063
-3.64e-09 -0.008125
-3.62e-09 -0.00701563
-3.6e-09 -0.00557813
-3.58e-09 -0.004
-3.56e-09 -0.00296875
-3.54e-09 -0.00223438
-3.52e-09 -0.00154688
-3.5e-09 -0.000906251
-3.48e-09 -7.15256e-10
-3.46e-09 0.0014375
-3.44e-09 0.00279687
-3.42e-09 0.003875
-3.4e-09 0.00440625
-3.38e-09 0.004
-3.36e-09 0.00253125
-3.34e-09 0.000515624
-3.32e-09 -0.00153125
-3.3e-09 -0.00315625
-3.28e-09 -0.004
-3.26e-09 -0.00367188
-3.24e-09 -0.00259375
-3.22e-09 -0.00139063
-3.2e-09 -0.000390626
-3.18e-09 -7.15256e-10
-3.16e-09 -0.000750001
-3.14e-09 -0.002
-3.12e-09 -0.00321875
-3.1e-09 -0.0040625
-3.08e-09 -0.004
-3.06e-09 -0.00267188
-3.04e-09 -0.000671876
-3.02e-09 0.00145312
-3e-09 0.00321875
-2.98e-09 0.004
-2.96e-09 0.0033125
-2.94e-09 0.00159375
-2.92e-09 -0.000531251
-2.9e-09 -0.00257813
-2.88e-09 -0.004
-2.86e-09 -0.00414063
-2.84e-09 -0.00332813
-2.82e-09 -0.002125
-2.8e-09 -0.000843751
-2.78e-09 -7.15256e-10
-2.76e-09 -0.000203126
-2.74e-09 -0.0010625
-2.72e-09 -0.00220313
-2.7e-09 -0.00334375
-2.68e-09 -0.004
-2.66e-09 -0.00373438
-2.64e-09 -0.00285938
-2.62e-09 -0.00173438
-2.6e-09 -0.000656251
-2.58e-09 -7.15256e-10
-2.56e-09 -0.000218751
-2.54e-09 -0.00101563
-2.52e-09 -0.002125
-2.5e-09 -0.00325
-2.48e-09 -0.004
-2.46e-09 -0.00404688
-2.44e-09 -0.0034375
-2.42e-09 -0.00242188
-2.4e-09 -0.0011875
-2.38e-09 -7.15256e-10
-2.36e-09 0.000765624
-2.34e-09 0.00104687
-2.32e-09 0.000968749
-2.3e-09 0.000562499
-2.28e-09 -7.15256e-10
-2.26e-09 -0.000484376
-2.24e-09 -0.000765626
-2.22e-09 -0.000765626
-2.2e-09 -0.000468751
-2.18e-09 -7.15256e-10
-2.16e-09 0.000531249
-2.14e-09 0.000906249
-2.12e-09 0.000984374
-2.1e-09 0.000718749
-2.08e-09 -7.15256e-10
-2.06e-09 -0.00109375
-2.04e-09 -0.00221875
-2.02e-09 -0.00321875
-2e-09 -0.00389063
-1.98e-09 -0.004
-1.96e-09 -0.0035625
-1.94e-09 -0.00267188
-1.92e-09 -0.001625
-1.9e-09 -0.000640626
-1.88e-09 -7.15256e-10
-1.86e-09 9.37493e-05
-1.84e-09 -0.000421876
-1.82e-09 -0.00140625
-1.8e-09 -0.00267188
-1.78e-09 -0.004
-1.76e-09 -0.00510938
-1.74e-09 -0.00567188
-1.72e-09 -0.0056875
-1.7e-09 -0.005125
-1.68e-09 -0.004
-1.66e-09 -0.00259375
-1.64e-09 -0.00126563
-1.62e-09 -0.000265626
-1.6e-09 0.000203124
-1.58e-09 -7.15256e-10
-1.56e-09 -0.000843751
-1.54e-09 -0.002
-1.52e-09 -0.00307813
-1.5e-09 -0.00382813
-1.48e-09 -0.004
-1.46e-09 -0.00340625
-1.44e-09 -0.00235938
-1.42e-09 -0.00125
-1.4e-09 -0.000359376
-1.38e-09 -7.15256e-10
-1.36e-09 -0.000484376
-1.34e-09 -0.00145313
-1.32e-09 -0.0025625
-1.3e-09 -0.00354688
-1.28e-09 -0.004
-1.26e-09 -0.00359375
-1.24e-09 -0.00265625
-1.22e-09 -0.00153125
-1.2e-09 -0.000515626
-1.18e-09 -7.15256e-10
-1.16e-09 -0.000359376
-1.14e-09 -0.00128125
-1.12e-09 -0.00239063
-1.1e-09 -0.00342188
-1.08e-09 -0.004
-1.06e-09 -0.00378125
-1.04e-09 -0.00298438
-1.02e-09 -0.0019375
-1e-09 -0.000859376
-9.8e-10 -7.15256e-10
-9.6e-10 0.000187499
-9.4e-10 -7.15256e-10
-9.2e-10 -0.000187501
-9e-10 -0.000281251
-8.8e-10 -7.15256e-10
-8.6e-10 0.000890624
-8.4e-10 0.00198437
-8.2e-10 0.0030625
-8e-10 0.003875
-7.8e-10 0.004
-7.6e-10 0.0033125
-7.4e-10 0.00190625
-7.2e-10 -7.81257e-05
-7e-10 -0.00223438
-6.8e-10 -0.004
-6.6e-10 -0.00459375
-6.4e-10 -0.00442188
-6.2e-10 -0.00429688
-6e-10 -0.00426563
-5.8e-10 -0.004
-5.6e-10 -0.00326563
-5.4e-10 -0.002625
-5.2e-10 -0.00257813
-5e-10 -0.00315625
-4.8e-10 -0.004
-4.6e-10 -0.0045
-4.4e-10 -0.00503125
-4.2e-10 -0.00604688
-4e-10 -0.00734375
-3.8e-10 -0.008
-3.6e-10 -0.00804688
-3.4e-10 -0.00657813
-3.2e-10 -0.00404688
-3e-10 -0.000406251
-2.8e-10 0.008
-2.6e-10 0.0187031
-2.4e-10 0.0344531
-2.2e-10 0.0568906
-2e-10 0.0831875
-1.8e-10 0.116
-1.6e-10 0.151438
-1.4e-10 0.183156
-1.2e-10 0.212031
-1e-10 0.233344
-8e-11 0.244
-6e-11 0.244641
-4e-11 0.234719
-2e-11 0.220375
0 0.204672
2e-11 0.188
4e-11 0.174953
6e-11 0.165969
8e-11 0.159547
1e-10 0.156
1.2e-10 0.152
1.4e-10 0.144641
1.6e-10 0.136766
1.8e-10 0.128547
2e-10 0.121375
2.2e-10 0.116
2.4e-10 0.113234
2.6e-10 0.113047
2.8e-10 0.114141
3e-10 0.115844
3.2e-10 0.116
3.4e-10 0.113078
3.6e-10 0.108016
3.8e-10 0.101469
4e-10 0.0945781
4.2e-10 0.088
4.4e-10 0.0834063
4.6e-10 0.0807188
4.8e-10 0.0786875
5e-10 0.0773594
5.2e-10 0.076
5.4e-10 0.0739219
5.6e-10 0.0716563
5.8e-10 0.0689844
6e-10 0.0663125
6.2e-10 0.064
6.4e-10 0.0626406
6.6e-10 0.062
6.8e-10 0.0615313
7e-10 0.0610938
7.2e-10 0.06
7.4e-10 0.0580938
7.6e-10 0.0554375
7.8e-10 0.0519375
8e-10 0.0481094
8.2e-10 0.044
8.4e-10 0.0402969
8.6e-10 0.0374063
8.8e-10 0.0350156
9e-10 0.0333594
9.2e-10 0.032
9.4e-10 0.0309219
9.6e-10 0.0296563
9.8e-10 0.0274375
1e-09 0.0244219
1.02e-09 0.02
1.04e-09 0.0146562
1.06e-09 0.00926562
1.08e-09 0.0038125
1.1e-09 -0.000781251
1.12e-09 -0.004
1.14e-09 -0.00560938
1.16e-09 -0.00529688
1.18e-09 -0.0040625
1.2e-09 -0.00223438
1.22e-09 -7.15256e-10
1.24e-09 0.00182812
1.26e-09 0.003125
1.28e-09 0.0039375
1.3e-09 0.00417187
1.32e-09 0.004
1.34e-09 0.00398437
1.36e-09 0.00365625
1.38e-09 0.00295312
1.4e-09 0.00190625
1.42e-09 -7.15256e-10
1.44e-09 -0.00248438
1.46e-09 -0.00545313
1.48e-09 -0.009
1.5e-09 -0.0125781
1.52e-09 -0.016
1.54e-09 -0.0189219
1.56e-09 -0.020625
1.58e-09 -0.0214531
1.6e-09 -0.0212813
1.62e-09 -0.02
1.64e-09 -0.0181094
1.66e-09 -0.0159688
1.68e-09 -0.0139688
1.7e-09 -0.0125313
1.72e-09 -0.012
1.74e-09 -0.0124063
1.76e-09 -0.0137656
1.78e-09 -0.0156875
1.8e-09 -0.0178281
1.82e-09 -0.02
1.84e-09 -0.0216719
1.86e-09 -0.02275
1.88e-09 -0.0235
1.9e-09 -0.0238594
1.92e-09 -0.024
1.94e-09 -0.0242656
1.96e-09 -0.024375
1.98e-09 -0.024375
2e-09 -0.0242813
2.02e-09 -0.024
2.04e-09 -0.0234531
2.06e-09 -0.023
2.08e-09 -0.0228438
2.1e-09 -0.0230781
2.12e-09 -0.024
2.14e-09 -0.0255469
2.16e-09 -0.0273906
2.18e-09 -0.0292813
2.2e-09 -0.030875
2.22e-09 -0.032
2.24e-09 -0.0324063
2.26e-09 -0.0322656
2.28e-09 -0.032
2.3e-09 -0.0317813
2.32e-09 -0.032
2.34e-09 -0.0328125
2.36e-09 -0.0341563
2.38e-09 -0.036
2.4e-09 -0.0380313
2.42e-09 -0.04
2.44e-09 -0.0415938
2.46e-09 -0.0423594
2.48e-09 -0.0423594
2.5e-09 -0.0416094
2.52e-09 -0.04
2.54e-09 -0.0379844
2.56e-09 -0.0358906
2.58e-09 -0.0340313
2.6e-09 -0.0327344
2.62e-09 -0.032
2.64e-09 -0.0319375
2.66e-09 -0.0322813
2.68e-09 -0.0324844
2.7e-09 -0.0324219
2.72e-09 -0.032
2.74e-09 -0.0309375
2.76e-09 -0.0300313
2.78e-09 -0.0296875
2.8e-09 -0.030125
2.82e-09 -0.032
2.84e-09 -0.0352969
2.86e-09 -0.0391563
2.88e-09 -0.0430313
2.9e-09 -0.0461875
2.92e-09 -0.048
2.94e-09 -0.0481094
2.96e-09 -0.0466563
2.98e-09 -0.0444375
3e-09 -0.0420156
3.02e-09 -0.04
3.04e-09 -0.0392813
3.06e-09 -0.0396719
3.08e-09 -0.0408125
3.1e-09 -0.0424063
3.12e-09 -0.044
3.14e-09 -0.0449219
3.16e-09 -0.0452031
3.18e-09 -0.0450313
3.2e-09 -0.0444844
3.22e-09 -0.044
3.24e-09 -0.0439688
3.26e-09 -0.0444063
3.28e-09 -0.0452969
3.3e-09 -0.0465313
3.32e-09 -0.048
3.34e-09 -0.0493594
3.36e-09 -0.0504219
3.38e-09 -0.0512656
3.4e-09 -0.0517813
3.42e-09 -0.052
3.44e-09 -0.0520625
3.46e-09 -0.0519375
3.48e-09 -0.0518438
3.5e-09 -0.0518125
3.52e-09 -0.052
3.54e-09 -0.0524063
3.56e-09 -0.0530313
3.58e-09 -0.0539063
3.6e-09 -0.0549063
3.62e-09 -0.056
3.64e-09 -0.0569844
3.66e-09 -0.0578125
3.68e-09 -0.0586563
3.7e-09 -0.0593906
3.72e-09 -0.06
3.74e-09 -0.0605625
3.76e-09 -0.0608281
3.78e-09 -0.0608594
3.8e-09 -0.0606406
3.82e-09 -0.06
3.84e-09 -0.0590313
3.86e-09 -0.0579688
3.88e-09 -0.0570156
3.9e-09 -0.0563594
3.92e-09 -0.056
3.94e-09 -0.0560156
3.96e-09 -0.0562344
3.98e-09 -0.056375
4e-09 -0.0563906
4.02e-09 -0.056
4.04e-09 -0.055125
4.06e-09 -0.0540625
4.08e-09 -0.0530469
4.1e-09 -0.0522813
4.12e-09 -0.052
4.14e-09 -0.0523438
4.16e-09 -0.0531563
4.18e-09 -0.0542188
4.2e-09 -0.0552813
4.22e-09 -0.056
4.24e-09 -0.0561563
4.26e-09 -0.0556875
4.28e-09 -0.0547344
4.3e-09 -0.0535
4.32e-09 -0.052
4.34e-09 -0.0506563
4.36e-09 -0.0495938
4.38e-09 -0.04875
4.4e-09 -0.0482656
4.42e-09 -0.048
4.44e-09 -0.0478281
4.46e-09 -0.0478281
4.48e-09 -0.0478594
4.5e-09 -0.0479219
4.52e-09 -0.048
4.54e-09 -0.0480625
4.56e-09 -0.0480938
4.58e-09 -0.048125
4.6e-09 -0.0481406
4.62e-09 -0.048
4.64e-09 -0.0478125
4.66e-09 -0.0473438
4.68e-09 -0.0465469
4.7e-09 -0.0455156
4.72e-09 -0.044
4.74e-09 -0.0422188
4.76e-09 -0.0404219
4.78e-09 -0.038625
4.8e-09 -0.037125
4.82e-09 -0.036
4.84e-09 -0.0353125
4.86e-09 -0.0351875
4.88e-09 -0.0352969
4.9e-09 -0.0355938
4.92e-09 -0.036
4.94e-09 -0.0363281
4.96e-09 -0.0365
4.98e-09 -0.0365
5e-09 -0.0362969
5.02e-09 -0.036
5.04e-09 -0.0357344
5.06e-09 -0.0355781
5.08e-09 -0.0355938
5.1e-09 -0.0357813
5.12e-09 -0.036
5.14e-09 -0.0363438
5.16e-09 -0.0362969
5.18e-09 -0.0355625
5.2e-09 -0.0341875
5.22e-09 -0.032
5.24e-09 -0.0292031
5.26e-09 -0.0266406
5.28e-09 -0.0246094
5.3e-09 -0.0235625
5.32e-09 -0.024
5.34e-09 -0.0259375
5.36e-09 -0.0287656
5.38e-09 -0.0317813
5.4e-09 -0.0343438
5.42e-09 -0.036
5.44e-09 -0.0362344
5.46e-09 -0.0353438
5.48e-09 -0.0340781
5.5e-09 -0.0327813
5.52e-09 -0.032
5.54e-09 -0.0324531
5.56e-09 -0.0335313
5.58e-09 -0.03475
5.6e-09 -0.0357969
5.62e-09 -0.036
5.64e-09 -0.0349531
5.66e-09 -0.033125
5.68e-09 -0.0310313
5.7e-09 -0.0291094
5.72e-09 -0.028
5.74e-09 -0.0281875
5.76e-09 -0.0295
5.78e-09 -0.0315313
5.8e-09 -0.0338594
5.82e-09 -0.036
5.84e-09 -0.0372344
5.86e-09 -0.0375781
5.88e-09 -0.0373906
5.9e-09 -0.0367813
5.92e-09 -0.036
5.94e-09 -0.0355313
5.96e-09 -0.0353125
5.98e-09 -0.0354063
6e-09 -0.0357656
6.02e-09 -0.036
6.04e-09 -0.0359063
6.06e-09 -0.0354375
6.08e-09 -0.0345938
6.1e-09 -0.0335156
6.12e-09 -0.032
6.14e-09 -0.0303906
6.16e-09 -0.02875
6.18e-09 -0.0270469
6.2e-09 -0.0255
6.22e-09 -0.024
6.24e-09 -0.0226094
6.26e-09 -0.0215938
6.28e-09 -0.0208125
6.3e-09 -0.0203281
6.32e-09 -0.02
6.34e-09 -0.0198281
6.36e-09 -0.0195156
6.38e-09 -0.0187969
6.4e-09 -0.0176719
6.42e-09 -0.016
6.44e-09 -0.0139844
6.46e-09 -0.012
6.48e-09 -0.010125
6.5e-09 -0.00870313
6.52e-09 -0.008
6.54e-09 -0.008125
6.56e-09 -0.0089375
6.58e-09 -0.01
6.6e-09 -0.0110625
6.62e-09 -0.012
6.64e-09 -0.0125
6.66e-09 -0.0126094
6.68e-09 -0.0124531
6.7e-09 -0.0121406
6.72e-09 -0.012
6.74e-09 -0.0123125
6.76e-09 -0.0129531
6.78e-09 -0.0138906
6.8e-09 -0.0149688
6.82e-09 -0.016
6.84e-09 -0.0168125
6.86e-09 -0.0171875
6.88e-09 -0.0171719
6.9e-09 -0.0167969
6.92e-09 -0.016
6.94e-09 -0.0150781
6.96e-09 -0.0141094
6.98e-09 -0.0132031
7e-09 -0.0125
7.02e-09 -0.012
7.04e-09 -0.0117188
7.06e-09 -0.0116719
7.08e-09 -0.0117344
7.1e-09 -0.011875
7.12e-09 -0.012
7.14e-09 -0.0119531
7.16e-09 -0.0118594
7.18e-09 -0.0118125
7.2e-09 -0.0118594
7.22e-09 -0.012
7.24e-09 -0.0122969
7.26e-09 -0.0125469
7.28e-09 -0.012625
7.3e-09 -0.0125156
7.32e-09 -0.012
7.34e-09 -0.0110781
7.36e-09 -0.0100313
7.38e-09 -0.0090625
7.4e-09 -0.00835938
7.42e-09 -0.008
7.44e-09 -0.00814063
7.46e-09 -0.00846875
7.48e-09 -0.0086875
7.5e-09 -0.00865625
7.52e-09 -0.008
7.54e-09 -0.00664063
7.56e-09 -0.00489063
7.58e-09 -0.003
7.6e-09 -0.00129688
7.62e-09 -7.15256e-10
7.64e-09 0.000562499
7.66e-09 0.000531249
7.68e-09 0.000312499
7.7e-09 1.56243e-05
7.72e-09 -7.15256e-10
7.74e-09 0.000515624
7.76e-09 0.00135937
7.78e-09 0.00234375
7.8e-09 0.00329687
7.82e-09 0.004
7.84e-09 0.004125
7.86e-09 0.0039375
7.88e-09 0.00376562
7.9e-09 0.00370312
7.92e-09 0.004
7.94e-09 0.00482812
7.96e-09 0.00584375
7.98e-09 0.006875
8e-09 0.00770312
8.02e-09 0.008
8.04e-09 0.00757812
8.06e-09 0.00667187
8.08e-09 0.00559375
8.1e-09 0.00459375
8.12e-09 0.004
8.14e-09 0.00404687
8.16e-09 0.00467187
8.18e-09 0.0056875
8.2e-09 0.006875
8.22e-09 0.008
8.24e-09 0.0086875
8.26e-09 0.0089375
8.28e-09 0.00884375
8.3e-09 0.00846875
8.32e-09 0.008
8.34e-09 0.00770312
8.36e-09 0.0075625
8.38e-09 0.0075625
8.4e-09 0.00767187
8.42e-09 0.008
8.44e-09 0.00834375
8.46e-09 0.00889062
8.48e-09 0.00971875
8.5e-09 0.0107031
8.52e-09 0.012
8.54e-09 0.0135
8.56e-09 0.0147969
8.58e-09 0.0157656
8.6e-09 0.0162188
8.62e-09 0.016
8.64e-09 0.0151563
8.66e-09 0.014
8.68e-09 0.0128906
8.7e-09 0.0120937
8.72e-09 0.012
8.74e-09 0.0126719
8.76e-09 0.0140781
8.78e-09 0.0159688
8.8e-09 0.0179688
8.82e-09 0.02
8.84e-09 0.0215625
8.86e-09 0.0225938
8.88e-09 0.0233438
8.9e-09 0.0237656
8.92e-09 0.024
8.94e-09 0.0242813
8.96e-09 0.0244219
8.98e-09 0.0244531
9e-09 0.0243906
9.02e-09 0.024
9.04e-09 0.0232656
9.06e-09 0.022375
9.08e-09 0.0214063
9.1e-09 0.0205313
9.12e-09 0.02
9.14e-09 0.0198281
9.16e-09 0.0202188
9.18e-09 0.021125
9.2e-09 0.0223906
9.22e-09 0.024
9.24e-09 0.0256719
9.26e-09 0.0270156
9.28e-09 0.0279531
9.3e-09 0.0283125
9.32e-09 0.028
9.34e-09 0.0271406
9.36e-09 0.0260313
9.38e-09 0.0249688
9.4e-09 0.0242031
9.42e-09 0.024
9.44e-09 0.0244531
9.46e-09 0.025375
9.48e-09 0.0264063
9.5e-09 0.0273281
9.52e-09 0.028
9.54e-09 0.0280625
9.56e-09 0.0278281
9.58e-09 0.0275938
9.6e-09 0.0275156
9.62e-09 0.028
9.64e-09 0.0291875
9.66e-09 0.0308125
9.68e-09 0.0327188
9.7e-09 0.0345313
9.72e-09 0.036
9.74e-09 0.0367344
9.76e-09 0.0368281
9.78e-09 0.0366406
9.8e-09 0.0363125
9.82e-09 0.036
9.84e-09 0.0360469
9.86e-09 0.0362188
9.88e-09 0.0363438
9.9e-09 0.036375
9.92e-09 0.036
9.94e-09 0.0350313
9.96e-09 0.0339063
9.98e-09 0.032875
1e-08 0.0321563
1.002e-08 0.032
1.004e-08 0.0325156
1.006e-08 0.0334844
1.008e-08 0.0345625
1.01e-08 0.0355156
1.012e-08 0.036
1.014e-08 0.0357188
1.016e-08 0.0349063
1.018e-08 0.033875
1.02e-08 0.0328281
1.022e-08 0.032
1.024e-08 0.0316875
1.026e-08 0.0317656
1.028e-08 0.0319375
1.03e-08 0.0321094
1.032e-08 0.032
1.034e-08 0.0313594
1.036e-08 0.0304844
1.038e-08 0.0294688
1.04e-08 0.0285313
1.042e-08 0.028
1.044e-08 0.028
1.046e-08 0.0285781
1.048e-08 0.0295625
1.05e-08 0.0307656
1.052e-08 0.032
1.054e-08 0.0329531
1.056e-08 0.0334063
1.058e-08 0.0334063
1.06e-08 0.0329375
1.062e-08 0.032
1.064e-08 0.0308438
1.066e-08 0.0297031
1.068e-08 0.0287656
1.07e-08 0.0282031
1.072e-08 0.028
1.074e-08 0.0281563
1.076e-08 0.0284688
1.078e-08 0.028625
1.08e-08 0.0285313
1.082e-08 0.028
1.084e-08 0.0268906
1.086e-08 0.0256875
1.088e-08 0.0246406
1.09e-08 0.0239844
1.092e-08 0.024
1.094e-08 0.0247813
1.096e-08 0.0259531
1.098e-08 0.0271094
1.1e-08 0.0279531
1.102e-08 0.028
1.104e-08 0.0270313
1.106e-08 0.025375
1.108e-08 0.0234063
1.11e-08 0.0215
1.112e-08 0.02
1.114e-08 0.019375
1.116e-08 0.0194375
1.118e-08 0.0197031
1.12e-08 0.02
1.122e-08 0.02
1.124e-08 0.01925
1.126e-08 0.0182188
1.128e-08 0.0171563
1.13e-08 0.0162969
1.132e-08 0.016
1.134e-08 0.0165313
1.136e-08 0.0175469
1.138e-08 0.0186563
1.14e-08 0.0195938
1.142e-08 0.02
1.144e-08 0.0195469
1.146e-08 0.0185781
1.148e-08 0.0174688
1.15e-08 0.0164844
1.152e-08 0.016
1.154e-08 0.0163281
1.156e-08 0.0172031
1.158e-08 0.0183438
1.16e-08 0.0194531
1.162e-08 0.02
1.164e-08 0.0197344
1.166e-08 0.0185938
1.168e-08 0.0167344
1.17e-08 0.0144687
1.172e-08 0.012
1.174e-08 0.0098125
1.176e-08 0.00834375
1.178e-08 0.0075
1.18e-08 0.00740625
1.182e-08 0.008
1.184e-08 0.00889062
1.186e-08 0.00998437
1.188e-08 0.011
1.19e-08 0.0117344
1.192e-08 0.012
1.194e-08 0.01175
1.196e-08 0.0110312
1.198e-08 0.0100469
1.2e-08 0.00898437
1.202e-08 0.008
1.204e-08 0.0073125
1.206e-08 0.00703125
1.208e-08 0.00710937
1.21e-08 0.00746875
1.212e-08 0.008
1.214e-08 0.00848437
1.216e-08 0.00879687
1.218e-08 0.008875
1.22e-08 0.00867187
1.222e-08 0.008
1.224e-08 0.00709375
1.226e-08 0.0058125
1.228e-08 0.00410937
1.23e-08 0.00223437
1.232e-08 -7.15256e-10
1.234e-08 -0.00235938
1.236e-08 -0.00439063
1.238e-08 -0.0061875
1.24e-08 -0.00745313
1.242e-08 -0.008
1.244e-08 -0.0079375
1.246e-08 -0.00720313
1.248e-08 -0.00620313
1.25e-08 -0.00515625
1.252e-08 -0.004
1.254e-08 -0.00309375
1.256e-08 -0.00232813
1.258e-08 -0.00153125
1.26e-08 -0.000781251
1.262e-08 -7.15256e-10
1.264e-08 0.000937499
1.266e-08 0.00153125
1.268e-08 0.00165625
1.27e-08 0.00123437
1.272e-08 -7.15256e-10
1.274e-08 -0.00192188
1.276e-08 -0.00401563
1.278e-08 -0.006
1.28e-08 -0.00748438
1.282e-08 -0.008
1.284e-08 -0.0075
1.286e-08 -0.00603125
1.288e-08 -0.004
1.29e-08 -0.00184375
1.292e-08 -7.15256e-10
1.294e-08 0.00103125
1.296e-08 0.000984374
1.298e-08 4.68743e-05
1.3e-08 -0.001625
1.302e-08 -0.004
1.304e-08 -0.00648438
1.306e-08 -0.0086875
1.308e-08 -0.0105
1.31e-08 -0.011625
1.312e-08 -0.012
1.314e-08 -0.0118281
1.316e-08 -0.0110469
1.318e-08 -0.0100313
1.32e-08 -0.00896875
1.322e-08 -0.008
1.324e-08 -0.00735938
1.326e-08 -0.00714063
1.328e-08 -0.00717188
1.33e-08 -0.00746875
1.332e-08 -0.008
1.334e-08 -0.00848438
1.336e-08 -0.00909375
1.338e-08 -0.00990625
1.34e-08 -0.0108281
1.342e-08 -0.012
1.344e-08 -0.0134375
1.346e-08 -0.0146719
1.348e-08 -0.0156406
1.35e-08 -0.0161563
1.352e-08 -0.016
1.354e-08 -0.0152031
1.356e-08 -0.0140625
1.358e-08 -0.0129688
1.36e-08 -0.0122031
1.362e-08 -0.012
1.364e-08 -0.0125781
1.366e-08 -0.0136094
1.368e-08 -0.0147031
1.37e-08 -0.0156094
1.372e-08 -0.016
1.374e-08 -0.0155938
1.376e-08 -0.0146719
1.378e-08 -0.0135781
1.38e-08 -0.0125625
1.382e-08 -0.012
1.384e-08 -0.0122188
1.386e-08 -0.013
1.388e-08 -0.0140469
1.39e-08 -0.0151406
1.392e-08 -0.016
1.394e-08 -0.0162344
1.396e-08 -0.0161094
1.398e-08 -0.0159219
1.4e-08 -0.0157813
1.402e-08 -0.016
1.404e-08 -0.0168281
1.406e-08 -0.0178594
1.408e-08 -0.0188906
1.41e-08 -0.0197188
1.412e-08 -0.02
1.414e-08 -0.0195781
1.416e-08 -0.0186719
1.418e-08 -0.0175781
1.42e-08 -0.0165938
1.422e-08 -0.016
1.424e-08 -0.0161094
1.426e-08 -0.0167813
1.428e-08 -0.0178438
1.43e-08 -0.0190313
1.432e-08 -0.02
1.434e-08 -0.0204688
1.436e-08 -0.0202344
1.438e-08 -0.0192969
1.44e-08 -0.0178594
1.442e-08 -0.016
1.444e-08 -0.014125
1.446e-08 -0.0126563
1.448e-08 -0.0116875
1.45e-08 -0.0114063
1.452e-08 -0.012
1.454e-08 -0.0132344
1.456e-08 -0.0149531
1.458e-08 -0.0168438
1.46e-08 -0.0185781
1.462e-08 -0.02
1.464e-08 -0.0208906
1.466e-08 -0.0211406
1.468e-08 -0.0209844
1.47e-08 -0.0205625
1.472e-08 -0.02
1.474e-08 -0.0196875
1.476e-08 -0.0195469
1.478e-08 -0.0195938
1.48e-08 -0.0197813
1.482e-08 -0.02
1.484e-08 -0.0200938
1.486e-08 -0.0201094
1.488e-08 -0.0200781
1.49e-08 -0.0200313
1.492e-08 -0.02
1.494e-08 -0.0200781
1.496e-08 -0.0201406
1.498e-08 -0.0201719
1.5e-08 -0.0201406
1.502e-08 -0.02
1.504e-08 -0.0197188
1.506e-08 -0.0194844
1.508e-08 -0.0194063
1.51e-08 -0.0195313
1.512e-08 -0.02
1.514e-08 -0.0207813
1.516e-08 -0.0216875
1.518e-08 -0.0226563
1.52e-08 -0.0235156
1.522e-08 -0.024
1.524e-08 -0.0241094
1.526e-08 -0.0236719
1.528e-08 -0.02275
1.53e-08 -0.0215313
1.532e-08 -0.02
1.534e-08 -0.0184844
1.536e-08 -0.0172656
1.538e-08 -0.0163438
1.54e-08 -0.0158906
1.542e-08 -0.016
1.544e-08 -0.0165313
1.546e-08 -0.0174063
1.548e-08 -0.0183906
1.55e-08 -0.0192813
1.552e-08 -0.02
1.554e-08 -0.0204063
1.556e-08 -0.0204688
1.558e-08 -0.0203906
1.56e-08 -0.0202031
1.562e-08 -0.02
1.564e-08 -0.02
1.566e-08 -0.0200469
1.568e-08 -0.0200938
1.57e-08 -0.0200938
1.572e-08 -0.02
1.574e-08 -0.0197344
1.576e-08 -0.0194844
1.578e-08 -0.0193906
1.58e-08 -0.0195
1.582e-08 -0.02
1.584e-08 -0.0209063
1.586e-08 -0.0219375
1.588e-08 -0.0229375
1.59e-08 -0.0237188
1.592e-08 -0.024
1.594e-08 -0.0237188
1.596e-08 -0.0229375
1.598e-08 -0.0219375
1.6e-08 -0.0209063
1.602e-08 -0.02
1.604e-08 -0.0195
1.606e-08 -0.0193906
1.608e-08 -0.0194844
1.61e-08 -0.0197344
1.612e-08 -0.02
1.614e-08 -0.0200625
1.616e-08 -0.0200313
1.618e-08 -0.0199844
1.62e-08 -0.0199531
1.622e-08 -0.02
1.624e-08 -0.02025
1.626e-08 -0.0204844
1.628e-08 -0.0205625
1.63e-08 -0.0204688
1.632e-08 -0.02
1.634e-08 -0.0191563
1.636e-08 -0.0181719
1.638e-08 -0.0171719
1.64e-08 -0.016375
1.642e-08 -0.016
1.644e-08 -0.0161406
1.646e-08 -0.0167969
1.648e-08 -0.0177813
1.65e-08 -0.0189063
1.652e-08 -0.02
1.654e-08 -0.0208438
1.656e-08 -0.0212188
1.658e-08 -0.0212031
1.66e-08 -0.0208125
1.662e-08 -0.02
1.664e-08 -0.0190625
1.666e-08 -0.0180781
1.668e-08 -0.0171719
1.67e-08 -0.0164844
1.672e-08 -0.016
1.674e-08 -0.01575
1.676e-08 -0.0157188
1.678e-08 -0.0157969
1.68e-08 -0.0158906
1.682e-08 -0.016
1.684e-08 -0.016
1.686e-08 -0.0159688
1.688e-08 -0.0159375
1.69e-08 -0.0159531
1.692e-08 -0.016
1.694e-08 -0.0161719
1.696e-08 -0.0163125
1.698e-08 -0.0163906
1.7e-08 -0.0163438
1.702e-08 -0.016
1.704e-08 -0.0154063
1.706e-08 -0.0146094
1.708e-08 -0.0136875
1.71e-08 -0.0127969
1.712e-08 -0.012
1.714e-08 -0.0114375
1.716e-08 -0.0112031
1.718e-08 -0.0112656
1.72e-08 -0.0115625
1.722e-08 -0.012
1.724e-08 -0.0124375
1.726e-08 -0.0127344
1.728e-08 -0.0127813
1.73e-08 -0.0125781
1.732e-08 -0.012
1.734e-08 -0.0112031
1.736e-08 -0.0102969
1.738e-08 -0.009375
1.74e-08 -0.00859375
1.742e-08 -0.008
1.744e-08 -0.00770313
1.746e-08 -0.0076875
1.748e-08 -0.00779688
1.75e-08 -0.00798438
1.752e-08 -0.008
1.754e-08 -0.00782813
1.756e-08 -0.00732813
1.758e-08 -0.00646875
1.76e-08 -0.00535938
1.762e-08 -0.004
1.764e-08 -0.002625
1.766e-08 -0.0015
1.768e-08 -0.000578126
1.77e-08 -4.68757e-05
1.772e-08 -7.15256e-10
1.774e-08 -0.000359376
1.776e-08 -0.00109375
1.778e-08 -0.0020625
1.78e-08 -0.0030625
1.782e-08 -0.004
1.784e-08 -0.00476563
1.786e-08 -0.005125
1.788e-08 -0.005125
1.79e-08 -0.00475
1.792e-08 -0.004
1.794e-08 -0.003125
1.796e-08 -0.00220313
1.798e-08 -0.00129688
1.8e-08 -0.000562501
1.802e-08 -7.15256e-10
1.804e-08 0.000343749
1.806e-08 0.000421874
1.808e-08 0.000359374
1.81e-08 0.000203124
1.812e-08 -7.15256e-10
1.814e-08 -0.000171876
1.816e-08 -0.000265626
1.818e-08 -0.000265626
1.82e-08 -0.000171876
1.822e-08 -7.15256e-10
1.824e-08 0.000171874
1.826e-08 0.000312499
1.828e-08 0.000312499
1.83e-08 0.000203124
1.832e-08 -7.15256e-10
1.834e-08 -0.000265626
1.836e-08 -0.000468751
1.838e-08 -0.000531251
1.84e-08 -0.000421876
1.842e-08 -7.15256e-10
1.844e-08 0.000640624
1.846e-08 0.0014375
1.848e-08 0.00235937
1.85e-08 0.00323437
1.852e-08 0.004
1.854e-08 0.00453125
1.856e-08 0.00473437
1.858e-08 0.0046875
1.86e-08 0.00440625
1.862e-08 0.004
1.864e-08 0.00357812
1.866e-08 0.00329687
1.868e-08 0.00325
1.87e-08 0.00345312
1.872e-08 0.004
1.874e-08 0.00475
1.876e-08 0.005625
1.878e-08 0.00654687
1.88e-08 0.00734375
1.882e-08 0.008
1.884e-08 0.00840625
1.886e-08 0.00851562
1.888e-08 0.0084375
1.89e-08 0.00825
1.892e-08 0.008
1.894e-08 0.0078125
1.896e-08 0.00771875
1.898e-08 0.00773437
1.9e-08 0.00784375
1.902e-08 0.008
1.904e-08 0.00807812
1.906e-08 0.00810937
1.908e-08 0.00810937
1.91e-08 0.0080625
1.912e-08 0.008
1.914e-08 0.00789062
1.916e-08 0.00782812
1.918e-08 0.00778125
1.92e-08 0.00779687
1.922e-08 0.008
1.924e-08 0.00829687
1.926e-08 0.00882812
1.928e-08 0.00967187
1.93e-08 0.0107031
1.932e-08 0.012
1.934e-08 0.0134062
1.936e-08 0.0146094
1.938e-08 0.0155781
1.94e-08 0.0161406
1.942e-08 0.016
1.944e-08 0.0153281
1.946e-08 0.0140156
1.948e-08 0.0122031
1.95e-08 0.0101875
1.952e-08 0.008
1.954e-08 0.0059375
1.956e-08 0.00448437
1.958e-08 0.0035625
1.96e-08 0.00334375
1.962e-08 0.004
1.964e-08 0.00517187
1.966e-08 0.00682812
1.968e-08 0.00867187
1.97e-08 0.010375
1.972e-08 0.012
1.974e-08 0.01325
1.976e-08 0.0140937
1.978e-08 0.0148437
1.98e-08 0.0154688
1.982e-08 0.016
1.984e-08 0.0166563
1.986e-08 0.0170469
1.988e-08 0.0171406
1.99e-08 0.0169063
1.992e-08 0.016
1.994e-08 0.0145312
1.996e-08 0.0127812
1.998e-08 0.010875
2e-08 0.0091875
2.002e-08 0.008
2.004e-08 0.00745312
2.006e-08 0.00778125
2.008e-08 0.00876562
2.01e-08 0.0102031
2.012e-08 0.012
2.014e-08 0.0136719
2.016e-08 0.0149844
2.018e-08 0.0158906
2.02e-08 0.01625
2.022e-08 0.016
2.024e-08 0.0153281
2.026e-08 0.0143594
2.028e-08 0.013375
2.03e-08 0.0125625
2.032e-08 0.012
2.034e-08 0.0118281
2.036e-08 0.0119531
2.038e-08 0.0120625
2.04e-08 0.0120937
2.042e-08 0.012
2.044e-08 0.0115469
2.046e-08 0.0111406
2.048e-08 0.011
2.05e-08 0.0112187
2.052e-08 0.012
2.054e-08 0.0133906
2.056e-08 0.0148125
2.058e-08 0.0159219
2.06e-08 0.0164531
2.062e-08 0.016
2.064e-08 0.0144531
2.066e-08 0.012375
2.068e-08 0.0102969
2.07e-08 0.00865625
2.072e-08 0.008
2.074e-08 0.008625
2.076e-08 0.0102344
2.078e-08 0.0123125
2.08e-08 0.0143906
2.082e-08 0.016
2.084e-08 0.0165625
2.086e-08 0.016125
2.088e-08 0.0150312
2.09e-08 0.0135312
2.092e-08 0.012
2.094e-08 0.011
2.096e-08 0.0106094
2.098e-08 0.0107187
2.1e-08 0.0112656
2.102e-08 0.012
2.104e-08 0.0125156
2.106e-08 0.0127969
2.108e-08 0.0127656
2.11e-08 0.0124687
2.112e-08 0.012
2.114e-08 0.0115156
2.116e-08 0.0111875
2.118e-08 0.011125
2.12e-08 0.0113594
2.122e-08 0.012
2.124e-08 0.0128906
2.126e-08 0.013875
2.128e-08 0.0148437
2.13e-08 0.015625
2.132e-08 0.016
2.134e-08 0.0159219
2.136e-08 0.0153438
2.138e-08 0.0144062
2.14e-08 0.0132969
2.142e-08 0.012
2.144e-08 0.0108125
2.146e-08 0.00985937
2.148e-08 0.00903125
2.15e-08 0.00842187
2.152e-08 0.008
2.154e-08 0.00759375
2.156e-08 0.0074375
2.158e-08 0.00742187
2.16e-08 0.00754687
2.162e-08 0.008
2.164e-08 0.00864062
2.166e-08 0.00945312
2.168e-08 0.0103594
2.17e-08 0.0112187
2.172e-08 0.012
2.174e-08 0.0125937
2.176e-08 0.0128437
2.178e-08 0.0128437
2.18e-08 0.0125781
2.182e-08 0.012
2.184e-08 0.0112656
2.186e-08 0.0104375
2.188e-08 0.00954687
2.19e-08 0.00871875
2.192e-08 0.008
2.194e-08 0.00740625
2.196e-08 0.00714062
2.198e-08 0.00714062
2.2e-08 0.00739062
2.202e-08 0.008
2.204e-08 0.00876562
2.206e-08 0.009625
2.208e-08 0.0105469
2.21e-08 0.0113437
2.212e-08 0.012
2.214e-08 0.0124062
2.216e-08 0.0125156
2.218e-08 0.0124844
2.22e-08 0.0123594
2.222e-08 0.012
2.224e-08 0.0115781
2.226e-08 0.0109844
2.228e-08 0.0101562
2.23e-08 0.0091875
2.232e-08 0.008
2.234e-08 0.006625
2.236e-08 0.0054375
2.238e-08 0.00448437
2.24e-08 0.00395312
2.242e-08 0.004
2.244e-08 0.00454687
2.246e-08 0.00546875
2.248e-08 0.00651562
2.25e-08 0.0074375
2.252e-08 0.008
2.254e-08 0.00803125
2.256e-08 0.0075
2.258e-08 0.00654687
2.26e-08 0.00535937
2.262e-08 0.004
2.264e-08 0.00279687
2.266e-08 0.00182812
2.268e-08 0.000999999
2.27e-08 0.000406249
2.272e-08 -7.15256e-10
2.274e-08 -0.000375001
2.276e-08 -0.000500001
2.278e-08 -0.000515626
2.28e-08 -0.000406251
2.282e-08 -7.15256e-10
2.284e-08 0.000609374
2.286e-08 0.00139062
2.288e-08 0.00229687
2.29e-08 0.0031875
2.292e-08 0.004
2.294e-08 0.00460937
2.296e-08 0.004875
2.298e-08 0.004875
2.3e-08 0.00459375
2.302e-08 0.004
2.304e-08 0.00325
2.306e-08 0.00240625
2.308e-08 0.00151562
2.31e-08 0.000687499
2.312e-08 -7.15256e-10
2.314e-08 -0.000562501
2.316e-08 -0.000796876
2.318e-08 -0.000765626
2.32e-08 -0.000484376
2.322e-08 -7.15256e-10
2.324e-08 0.000546874
2.326e-08 0.000937499
2.328e-08 0.00101562
2.33e-08 0.000734374
2.332e-08 -7.15256e-10
2.334e-08 -0.00114063
2.336e-08 -0.0023125
2.338e-08 -0.0033125
2.34e-08 -0.00395313
2.342e-08 -0.004
2.344e-08 -0.00345313
2.346e-08 -0.00248438
2.348e-08 -0.00142188
2.35e-08 -0.000500001
2.352e-08 -7.15256e-10
2.354e-08 -0.000156251
2.356e-08 -0.000843751
2.358e-08 -0.00185938
2.36e-08 -0.00298438
2.362e-08 -0.004
2.364e-08 -0.00460938
2.366e-08 -0.00478125
2.368e-08 -0.00467188
2.37e-08 -0.004375
2.372e-08 -0.004
2.374e-08 -0.00385938
2.376e-08 -0.00384375
2.378e-08 -0.00389063
2.38e-08 -0.00396875
2.382e-08 -0.004
2.384e-08 -0.00385938
2.386e-08 -0.00370313
2.388e-08 -0.003625
2.39e-08 -0.00365625
2.392e-08 -0.004
2.394e-08 -0.0046875
2.396e-08 -0.00553125
2.398e-08 -0.00648438
2.4e-08 -0.00732813
2.402e-08 -0.008
2.404e-08 -0.00835938
2.406e-08 -0.00839063
2.408e-08 -0.0083125
2.41e-08 -0.00815625
2.412e-08 -0.008
2.414e-08 -0.00801563
2.416e-08 -0.00807813
2.418e-08 -0.00810938
2.42e-08 -0.00810938
2.422e-08 -0.008
2.424e-08 -0.00770313
2.426e-08 -0.00742188
2.428e-08 -0.00732813
2.43e-08 -0.00746875
2.432e-08 -0.008
2.434e-08 -0.0089375
2.436e-08 -0.00998438
2.438e-08 -0.011
2.44e-08 -0.01175
2.442e-08 -0.012
2.444e-08 -0.0116875
2.446e-08 -0.0109063
2.448e-08 -0.00990625
2.45e-08 -0.008875
2.452e-08 -0.008
2.454e-08 -0.00754688
2.456e-08 -0.00746875
2.458e-08 -0.0075625
2.46e-08 -0.00778125
2.462e-08 -0.008
2.464e-08 -0.00801563
2.466e-08 -0.0079375
2.468e-08 -0.00785938
2.47e-08 -0.00779688
2.472e-08 -0.008
2.474e-08 -0.00854688
2.476e-08 -0.0093125
2.478e-08 -0.0102344
2.48e-08 -0.0111875
2.482e-08 -0.012
2.484e-08 -0.0125625
2.486e-08 -0.01275
2.488e-08 -0.0127031
2.49e-08 -0.0124219
2.492e-08 -0.012
2.494e-08 -0.0116406
2.496e-08 -0.0114063
2.498e-08 -0.0113594
2.5e-08 -0.0115313
2.502e-08 -0.012
2.504e-08 -0.0126406
2.506e-08 -0.0134063
2.508e-08 -0.0143125
2.51e-08 -0.0152031
2.512e-08 -0.016
2.514e-08 -0.0166719
2.516e-08 -0.0169688
2.518e-08 -0.0169844
2.52e-08 -0.0166875
2.522e-08 -0.016
2.524e-08 -0.0150938
2.526e-08 -0.0140938
2.528e-08 -0.0131719
2.53e-08 -0.0124688
2.532e-08 -0.012
2.534e-08 -0.0118594
2.536e-08 -0.0119531
2.538e-08 -0.0120313
2.54e-08 -0.0120781
2.542e-08 -0.012
2.544e-08 -0.0116719
2.546e-08 -0.011375
2.548e-08 -0.0112656
2.55e-08 -0.0114219
2.552e-08 -0.012
2.554e-08 -0.0130625
2.556e-08 -0.0142188
2.558e-08 -0.0152344
2.56e-08 -0.0159219
2.562e-08 -0.016
2.564e-08 -0.0153906
2.566e-08 -0.014375
2.568e-08 -0.0132813
2.57e-08 -0.0123906
2.572e-08 -0.012
2.574e-08 -0.0123906
2.576e-08 -0.0132813
2.578e-08 -0.014375
2.58e-08 -0.0153906
2.582e-08 -0.016
2.584e-08 -0.0159219
2.586e-08 -0.0152344
2.588e-08 -0.0142188
2.59e-08 -0.0130625
2.592e-08 -0.012
2.594e-08 -0.0114219
2.596e-08 -0.0112656
2.598e-08 -0.011375
2.6e-08 -0.0116719
2.602e-08 -0.012
2.604e-08 -0.0120781
2.606e-08 -0.0120313
2.608e-08 -0.0119531
2.61e-08 -0.0118594
2.612e-08 -0.012
2.614e-08 -0.0124688
2.616e-08 -0.0131719
2.618e-08 -0.0140938
2.62e-08 -0.0150781
2.622e-08 -0.016
2.624e-08 -0.01675
2.626e-08 -0.0170938
2.628e-08 -0.0170938
2.63e-08 -0.01675
2.632e-08 -0.016
2.634e-08 -0.0150781
2.636e-08 -0.0140938
2.638e-08 -0.0131719
2.64e-08 -0.0124688
2.642e-08 -0.012
2.644e-08 -0.0118281
2.646e-08 -0.0118906
2.648e-08 -0.0119688
2.65e-08 -0.0120313
2.652e-08 -0.012
2.654e-08 -0.01175
2.656e-08 -0.0115156
2.658e-08 -0.0114219
2.66e-08 -0.0115313
2.662e-08 -0.012
2.664e-08 -0.0128594
2.666e-08 -0.0138438
2.668e-08 -0.0148438
2.67e-08 -0.0156406
2.672e-08 -0.016
2.674e-08 -0.0158594
2.676e-08 -0.0151875
2.678e-08 -0.0142031
2.68e-08 -0.0130938
2.682e-08 -0.012
2.684e-08 -0.0112188
2.686e-08 -0.010875
2.688e-08 -0.0109375
2.69e-08 -0.0113594
2.692e-08 -0.012
2.694e-08 -0.0126563
2.696e-08 -0.0130938
2.698e-08 -0.0131719
2.7e-08 -0.0128281
2.702e-08 -0.012
2.704e-08 -0.0108594
2.706e-08 -0.00970313
2.708e-08 -0.00870313
2.71e-08 -0.00807813
2.712e-08 -0.008
2.714e-08 -0.0085
2.716e-08 -0.00939063
2.718e-08 -0.0104531
2.72e-08 -0.0114219
2.722e-08 -0.012
2.724e-08 -0.0120313
2.726e-08 -0.0114844
2.728e-08 -0.0105
2.73e-08 -0.00926563
2.732e-08 -0.008
2.734e-08 -0.00703125
2.736e-08 -0.0065625
2.738e-08 -0.00657813
2.74e-08 -0.0070625
2.742e-08 -0.008
2.744e-08 -0.00909375
2.746e-08 -0.0101563
2.748e-08 -0.0111094
2.75e-08 -0.0117813
2.752e-08 -0.012
2.754e-08 -0.011875
2.756e-08 -0.0112969
2.758e-08 -0.010375
2.76e-08 -0.00929688
2.762e-08 -0.008
2.764e-08 -0.00678125
2.766e-08 -0.00578125
2.768e-08 -0.00492188
2.77e-08 -0.00432813
2.772e-08 -0.004
2.774e-08 -0.003875
2.776e-08 -0.00392188
2.778e-08 -0.00398438
2.78e-08 -0.00401563
2.782e-08 -0.004
2.784e-08 -0.0039375
2.786e-08 -0.003875
2.788e-08 -0.00384375
2.79e-08 -0.00389063
2.792e-08 -0.004
2.794e-08 -0.00425
2.796e-08 -0.00445313
2.798e-08 -0.00448438
2.8e-08 -0.00434375
2.802e-08 -0.004
2.804e-08 -0.00345313
2.806e-08 -0.00301563
2.808e-08 -0.002875
2.81e-08 -0.00310938
2.812e-08 -0.004
2.814e-08 -0.0055
2.816e-08 -0.00729688
2.818e-08 -0.00921875
2.82e-08 -0.0108906
2.822e-08 -0.012
2.824e-08 -0.0124063
2.826e-08 -0.0119688
2.828e-08 -0.0109688
2.83e-08 -0.009625
2.832e-08 -0.008
2.834e-08 -0.00657813
2.836e-08 -0.00546875
2.838e-08 -0.00464063
2.84e-08 -0.00420313
2.842e-08 -0.004
2.844e-08 -0.00385938
2.846e-08 -0.00385938
2.848e-08 -0.00389063
2.85e-08 -0.0039375
2.852e-08 -0.004
2.854e-08 -0.00407813
2.856e-08 -0.004125
2.858e-08 -0.004125
2.86e-08 -0.00409375
2.862e-08 -0.004
2.864e-08 -0.00385938
2.866e-08 -0.00375
2.868e-08 -0.00373438
2.87e-08 -0.00382813
2.872e-08 -0.004
2.874e-08 -0.00426563
2.876e-08 -0.00445313
2.878e-08 -0.00451563
2.88e-08 -0.00440625
2.882e-08 -0.004
2.884e-08 -0.00339063
2.886e-08 -0.00260938
2.888e-08 -0.0016875
2.89e-08 -0.000796876
2.892e-08 -7.15256e-10
2.894e-08 0.000578124
2.896e-08 0.000828124
2.898e-08 0.000781249
2.9e-08 0.000468749
2.902e-08 -7.15256e-10
2.904e-08 -0.000546876
2.906e-08 -0.000921876
2.908e-08 -0.001
2.91e-08 -0.000718751
2.912e-08 -7.15256e-10
2.914e-08 0.0010625
2.916e-08 0.0021875
2.918e-08 0.0031875
2.92e-08 0.00385937
2.922e-08 0.004
2.924e-08 0.00353125
2.926e-08 0.00264062
2.928e-08 0.001625
2.93e-08 0.000687499
2.932e-08 -7.15256e-10
2.934e-08 -0.000203126
2.936e-08 -9.37507e-05
2.938e-08 4.68743e-05
2.94e-08 0.000109374
2.942e-08 -7.15256e-10
2.944e-08 -0.000578126
2.946e-08 -0.00110938
2.948e-08 -0.0013125
2.95e-08 -0.0010625
2.952e-08 -7.15256e-10
2.954e-08 0.00185937
2.956e-08 0.00398437
2.958e-08 0.006
2.96e-08 0.00748437
2.962e-08 0.008
2.964e-08 0.00734375
2.966e-08 0.00576562
2.968e-08 0.00370312
2.97e-08 0.001625
2.972e-08 -7.15256e-10
2.974e-08 -0.000703126
2.976e-08 -0.000390626
2.978e-08 0.000687499
2.98e-08 0.00225
2.982e-08 0.004
2.984e-08 0.005375
2.986e-08 0.00607812
2.988e-08 0.0060625
2.99e-08 0.00532812
2.992e-08 0.004
2.994e-08 0.00242187
2.996e-08 0.00101562
2.998e-08 -1.56257e-05
3e-08 -0.000437501
3.002e-08 -7.15256e-10
3.004e-08 0.00110937
3.006e-08 0.00276562
3.008e-08 0.00467187
3.01e-08 0.00646875
3.012e-08 0.008
3.014e-08 0.00890625
3.016e-08 0.00915625
3.018e-08 0.009
3.02e-08 0.0085625
3.022e-08 0.008
3.024e-08 0.00765625
3.026e-08 0.0075
3.028e-08 0.00754687
3.03e-08 0.00776562
3.032e-08 0.008
3.034e-08 0.00804687
3.036e-08 0.00801562
3.038e-08 0.00796875
3.04e-08 0.00795312
3.042e-08 0.008
3.044e-08 0.0081875
3.046e-08 0.008375
3.048e-08 0.00846875
3.05e-08 0.00839062
3.052e-08 0.008
3.054e-08 0.00723437
3.056e-08 0.00632812
3.058e-08 0.005375
3.06e-08 0.00457812
3.062e-08 0.004
3.064e-08 0.00375
3.066e-08 0.00378125
3.068e-08 0.003875
3.07e-08 0.00396875
3.072e-08 0.004
3.074e-08 0.00378125
3.076e-08 0.0035625
3.078e-08 0.00345312
3.08e-08 0.00353125
3.082e-08 0.004
3.084e-08 0.00485937
3.086e-08 0.00589062
3.088e-08 0.00689062
3.09e-08 0.00767187
3.092e-08 0.008
3.094e-08 0.00779687
3.096e-08 0.00709375
3.098e-08 0.00609375
3.1e-08 0.005
3.102e-08 0.004
3.104e-08 0.00332812
3.106e-08 0.00309375
3.108e-08 0.00315625
3.11e-08 0.0035
3.112e-08 0.004
3.114e-08 0.00445312
3.116e-08 0.00475
3.118e-08 0.00475
3.12e-08 0.00446875
3.122e-08 0.004
3.124e-08 0.00339062
3.126e-08 0.0029375
3.128e-08 0.00284375
3.13e-08 0.00315625
3.132e-08 0.004
3.134e-08 0.00528125
3.136e-08 0.00657812
3.138e-08 0.00760937
3.14e-08 0.00814062
3.142e-08 0.008
3.144e-08 0.00710937
3.146e-08 0.00590625
3.148e-08 0.00476562
3.15e-08 0.00398437
3.152e-08 0.004
3.154e-08 0.00496875
3.156e-08 0.00660937
3.158e-08 0.00860937
3.16e-08 0.0105469
3.162e-08 0.012
3.164e-08 0.0125469
3.166e-08 0.0121406
3.168e-08 0.0110625
3.17e-08 0.00957812
3.172e-08 0.008
3.174e-08 0.00679687
3.176e-08 0.00621875
3.178e-08 0.00625
3.18e-08 0.006875
3.182e-08 0.008
3.184e-08 0.00917187
3.186e-08 0.0102656
3.188e-08 0.0112187
3.19e-08 0.0118281
3.192e-08 0.012
3.194e-08 0.0117969
3.196e-08 0.0111562
3.198e-08 0.0102031
3.2e-08 0.009125
3.202e-08 0.008
3.204e-08 0.00695312
3.206e-08 0.00639062
3.208e-08 0.006375
3.21e-08 0.00689062
3.212e-08 0.008
3.214e-08 0.0094375
3.216e-08 0.0108125
3.218e-08 0.0118594
3.22e-08 0.0123437
3.222e-08 0.012
3.224e-08 0.010875
3.226e-08 0.00920312
3.228e-08 0.00728125
3.23e-08 0.00548437
3.232e-08 0.004
3.234e-08 0.00314062
3.236e-08 0.0029375
3.238e-08 0.00310937
3.24e-08 0.00351562
3.242e-08 0.004
3.244e-08 0.00414062
3.246e-08 0.00414062
3.248e-08 0.00403125
3.25e-08 0.00389062
3.252e-08 0.004
3.254e-08 0.00446875
3.256e-08 0.00520312
3.258e-08 0.00614062
3.26e-08 0.007125
3.262e-08 0.008
3.264e-08 0.00857812
3.266e-08 0.00878125
3.268e-08 0.00873437
3.27e-08 0.0085
3.272e-08 0.008
3.274e-08 0.00751562
3.276e-08 0.00689062
3.278e-08 0.0060625
3.28e-08 0.00514062
3.282e-08 0.004
3.284e-08 0.00267187
3.286e-08 0.00153125
3.288e-08 0.000578124
3.29e-08 3.12493e-05
3.292e-08 -7.15256e-10
3.294e-08 0.000406249
3.296e-08 0.00121875
3.298e-08 0.00220312
3.3e-08 0.00317187
3.302e-08 0.004
3.304e-08 0.00446875
3.306e-08 0.00457812
3.308e-08 0.0045
3.31e-08 0.00426562
3.312e-08 0.004
3.314e-08 0.00385937
3.316e-08 0.0038125
3.318e-08 0.00385937
3.32e-08 0.004
3.322e-08 0.004
3.324e-08 0.00385937
3.326e-08 0.00342187
3.328e-08 0.00257812
3.33e-08 0.0014375
3.332e-08 -7.15256e-10
3.334e-08 -0.0015625
3.336e-08 -0.00282813
3.338e-08 -0.00376563
3.34e-08 -0.00420313
3.342e-08 -0.004
3.344e-08 -0.00326563
3.346e-08 -0.00221875
3.348e-08 -0.00115625
3.35e-08 -0.000343751
3.352e-08 -7.15256e-10
3.354e-08 -0.000265626
3.356e-08 -0.00101563
3.358e-08 -0.0020625
3.36e-08 -0.0031875
3.362e-08 -0.004
3.364e-08 -0.0043125
3.366e-08 -0.0039375
3.368e-08 -0.00301563
3.37e-08 -0.00167188
3.372e-08 -7.15256e-10
3.374e-08 0.00160937
3.376e-08 0.00289062
3.378e-08 0.00379687
3.38e-08 0.0041875
3.382e-08 0.004
3.384e-08 0.00342187
3.386e-08 0.00253125
3.388e-08 0.00154687
3.39e-08 0.000687499
3.392e-08 -7.15256e-10
3.394e-08 -0.000406251
3.396e-08 -0.000468751
3.398e-08 -0.000390626
3.4e-08 -0.000203126
3.402e-08 -7.15256e-10
3.404e-08 -7.15256e-10
3.406e-08 -4.68757e-05
3.408e-08 -9.37507e-05
3.41e-08 -9.37507e-05
3.412e-08 -7.15256e-10
3.414e-08 0.000265624
3.416e-08 0.000515624
3.418e-08 0.000609374
3.42e-08 0.000499999
3.422e-08 -7.15256e-10
3.424e-08 -0.000968751
3.426e-08 -0.00204688
3.428e-08 -0.0030625
3.43e-08 -0.00379688
3.432e-08 -0.004
3.434e-08 -0.00360938
3.436e-08 -0.00276563
3.438e-08 -0.00175
3.44e-08 -0.000781251
3.442e-08 -7.15256e-10
3.444e-08 0.000296874
3.446e-08 0.000265624
3.448e-08 0.000156249
3.45e-08 1.56243e-05
3.452e-08 -7.15256e-10
3.454e-08 0.000312499
3.456e-08 0.000640624
3.458e-08 0.000812499
3.46e-08 0.000718749
3.462e-08 -7.15256e-10
3.464e-08 -0.00135938
3.466e-08 -0.0030625
3.468e-08 -0.00498438
3.47e-08 -0.00675
3.472e-08 -0.008
3.474e-08 -0.00857813
3.476e-08 -0.00825
3.478e-08 -0.00726563
3.48e-08 -0.0058125
3.482e-08 -0.004
3.484e-08 -0.00229688
3.486e-08 -0.000968751
3.488e-08 -6.25007e-05
3.49e-08 0.000265624
3.492e-08 -7.15256e-10
3.494e-08 -0.000656251
3.496e-08 -0.00159375
3.498e-08 -0.0025625
