-3e-08 0.00204687
-2.99e-08 0.00154687
-2.98e-08 -0.000218751
-2.97e-08 -0.002
-2.96e-08 -0.00239844
-2.95e-08 -0.00108594
-2.94e-08 0.00107812
-2.93e-08 0.00236719
-2.92e-08 0.002
-2.91e-08 0.000523437
-2.9e-08 -0.000265626
-2.89e-08 0.000765624
-2.88e-08 0.00282812
-2.87e-08 0.004
-2.86e-08 0.00292969
-2.85e-08 0.000828124
-2.84e-08 -0.000335938
-2.83e-08 0.000390624
-2.82e-08 0.002
-2.81e-08 0.00280469
-2.8e-08 0.00249219
-2.79e-08 0.00151562
-2.78e-08 0.000601562
-2.77e-08 -8.34465e-10
-2.76e-08 -0.000335938
-2.75e-08 -0.000250001
-2.74e-08 0.000335937
-2.73e-08 0.00119531
-2.72e-08 0.002
-2.71e-08 0.00240625
-2.7e-08 0.00228125
-2.69e-08 0.00164062
-2.68e-08 0.000789062
-2.67e-08 -8.34465e-10
-2.66e-08 -0.000445313
-2.65e-08 -0.000273438
-2.64e-08 0.000335937
-2.63e-08 0.000624999
-2.62e-08 -8.34465e-10
-2.61e-08 -0.00140625
-2.6e-08 -0.00220313
-2.59e-08 -0.00134375
-2.58e-08 0.000601562
-2.57e-08 0.002
-2.56e-08 0.0016875
-2.55e-08 0.000515624
-2.54e-08 -0.000164063
-2.53e-08 -7.81333e-06
-2.52e-08 -8.34465e-10
-2.51e-08 -0.000953126
-2.5e-08 -0.00189063
-2.49e-08 -0.00169531
-2.48e-08 -0.000593751
-2.47e-08 -8.34465e-10
-2.46e-08 -0.000867188
-2.45e-08 -0.00192188
-2.44e-08 -0.00154688
-2.43e-08 0.000265624
-2.42e-08 0.002
-2.41e-08 0.00227344
-2.4e-08 0.00202344
-2.39e-08 0.00232031
-2.38e-08 0.00278125
-2.37e-08 0.002
-2.36e-08 -0.000570313
-2.35e-08 -0.00222656
-2.34e-08 -0.000859376
-2.33e-08 0.00232812
-2.32e-08 0.004
-2.31e-08 0.00196875
-2.3e-08 -0.00110938
-2.29e-08 -0.00188281
-2.28e-08 0.000109374
-2.27e-08 0.002
-2.26e-08 0.0010625
-2.25e-08 -0.00117969
-2.24e-08 -0.0020625
-2.23e-08 -0.000976563
-2.22e-08 -8.34465e-10
-2.21e-08 -0.000914063
-2.2e-08 -0.00200781
-2.19e-08 -0.00128125
-2.18e-08 0.000851562
-2.17e-08 0.002
-2.16e-08 0.000531249
-2.15e-08 -0.00157031
-2.14e-08 -0.00163281
-2.13e-08 0.000921874
-2.12e-08 0.004
-2.11e-08 0.00490625
-2.1e-08 0.00338281
-2.09e-08 0.000687499
-2.08e-08 -0.00128906
-2.07e-08 -0.002
-2.06e-08 -0.00175781
-2.05e-08 -0.000679688
-2.04e-08 0.000671874
-2.03e-08 0.00110937
-2.02e-08 -8.34465e-10
-2.01e-08 -0.00197656
-2e-08 -0.00264063
-1.99e-08 -0.000710938
-1.98e-08 0.00239062
-1.97e-08 0.004
-1.96e-08 0.00251562
-1.95e-08 -0.000617188
-1.94e-08 -0.00277344
-1.93e-08 -0.00225
-1.92e-08 -8.34465e-10
-1.91e-08 0.00185937
-1.9e-08 0.00232812
-1.89e-08 0.00151562
-1.88e-08 0.000453124
-1.87e-08 -8.34465e-10
-1.86e-08 0.000406249
-1.85e-08 0.00144531
-1.84e-08 0.00244531
-1.83e-08 0.00267187
-1.82e-08 0.002
-1.81e-08 0.000867187
-1.8e-08 0.000109374
-1.79e-08 8.59367e-05
-1.78e-08 0.000312499
-1.77e-08 -8.34465e-10
-1.76e-08 -0.000914063
-1.75e-08 -0.000781251
-1.74e-08 0.00133594
-1.73e-08 0.00378906
-1.72e-08 0.004
-1.71e-08 0.00104687
-1.7e-08 -0.00171875
-1.69e-08 -0.00113281
-1.68e-08 0.00205469
-1.67e-08 0.004
-1.66e-08 0.00192969
-1.65e-08 -0.00121875
-1.64e-08 -0.00158594
-1.63e-08 0.00128906
-1.62e-08 0.004
-1.61e-08 0.00326562
-1.6e-08 0.000906249
-1.59e-08 -7.03133e-05
-1.58e-08 0.00107031
-1.57e-08 0.002
-1.56e-08 0.000554687
-1.55e-08 -0.0015
-1.54e-08 -0.00171875
-1.53e-08 0.000187499
-1.52e-08 0.002
-1.51e-08 0.00171875
-1.5e-08 0.000453124
-1.49e-08 5.46867e-05
-1.48e-08 0.00101562
-1.47e-08 0.002
-1.46e-08 0.00154687
-1.45e-08 0.000406249
-1.44e-08 -2.34383e-05
-1.43e-08 0.000812499
-1.42e-08 0.002
-1.41e-08 0.00235937
-1.4e-08 0.0021875
-1.39e-08 0.00194531
-1.38e-08 0.00142969
-1.37e-08 -8.34465e-10
-1.36e-08 -0.00217969
-1.35e-08 -0.00278125
-1.34e-08 -0.000453126
-1.33e-08 0.00289062
-1.32e-08 0.004
-1.31e-08 0.00142187
-1.3e-08 -0.00151563
-1.29e-08 -0.0013125
-1.28e-08 0.00176562
-1.27e-08 0.004
-1.26e-08 0.0023125
-1.25e-08 -0.000914063
-1.24e-08 -0.00203906
-1.23e-08 -0.000156251
-1.22e-08 0.002
-1.21e-08 0.001625
-1.2e-08 0.000328124
-1.19e-08 0.000398437
-1.18e-08 0.00175781
-1.17e-08 0.002
-1.16e-08 -0.000531251
-1.15e-08 -0.00339844
-1.14e-08 -0.00363281
-1.13e-08 -0.000937501
-1.12e-08 0.002
-1.11e-08 0.00247656
-1.1e-08 0.000968749
-1.09e-08 -0.000617188
-1.08e-08 -0.000796876
-1.07e-08 -8.34465e-10
-1.06e-08 0.000499999
-1.05e-08 0.000289062
-1.04e-08 -0.000273438
-1.03e-08 -0.000476563
-1.02e-08 -8.34465e-10
-1.01e-08 0.000921874
-1e-08 0.00179687
-9.9e-09 0.002
-9.8e-09 0.00126562
-9.7e-09 -8.34465e-10
-9.6e-09 -0.001
-9.5e-09 -0.000695313
-9.4e-09 0.000937499
-9.3e-09 0.00234375
-9.2e-09 0.002
-9.1e-09 -0.000312501
-9e-09 -0.00201563
-8.9e-09 -0.00120313
-8.8e-09 0.00110937
-8.7e-09 0.002
-8.6e-09 -0.000304688
-8.5e-09 -0.00325
-8.4e-09 -0.00375781
-8.3e-09 -0.00166406
-8.2e-09 -8.34465e-10
-8.1e-09 -0.00157031
-8e-09 -0.00471875
-7.9e-09 -0.00650781
-7.8e-09 -0.00570313
-7.7e-09 -0.004
-7.6e-09 -0.00333594
-7.5e-09 -0.00264844
-7.4e-09 -0.000851563
-7.3e-09 0.000835937
-7.2e-09 -8.34465e-10
-7.1e-09 -0.00425781
-7e-09 -0.00875781
-6.9e-09 -0.0100781
-6.8e-09 -0.00805469
-6.7e-09 -0.006
-6.6e-09 -0.00649219
-6.5e-09 -0.00785156
-6.4e-09 -0.00728906
-6.3e-09 -0.00454688
-6.2e-09 -0.002
-6.1e-09 -0.00176563
-6e-09 -0.00223438
-5.9e-09 -0.00101563
-5.8e-09 0.00184375
-5.7e-09 0.004
-5.6e-09 0.00324219
-5.5e-09 0.00102344
-5.4e-09 -0.000484376
-5.3e-09 -0.000406251
-5.2e-09 -8.34465e-10
-5.1e-09 -0.000562501
-5e-09 -0.000593751
-4.9e-09 0.00117969
-4.8e-09 0.00353906
-4.7e-09 0.004
-4.6e-09 0.00128906
-4.5e-09 -0.00154688
-4.4e-09 -0.001375
-4.3e-09 0.00157031
-4.2e-09 0.004
-4.1e-09 0.00340625
-4e-09 0.00209375
-3.9e-09 0.0028125
-3.8e-09 0.00516406
-3.7e-09 0.006
-3.6e-09 0.00297656
-3.5e-09 -0.000921876
-3.4e-09 -0.00191406
-3.3e-09 0.000749999
-3.2e-09 0.004
-3.1e-09 0.00444531
-3e-09 0.00290625
-2.9e-09 0.00158594
-2.8e-09 0.00165625
-2.7e-09 0.002
-2.6e-09 0.00117187
-2.5e-09 0.000203124
-2.4e-09 0.000242187
-2.3e-09 0.000749999
-2.2e-09 -8.34465e-10
-2.1e-09 -0.00255469
-2e-09 -0.00422656
-1.9e-09 -0.00283594
-1.8e-09 0.000382812
-1.7e-09 0.002
-1.6e-09 -4.68758e-05
-1.5e-09 -0.00317188
-1.4e-09 -0.00374219
-1.3e-09 -0.00105469
-1.2e-09 0.002
-1.1e-09 0.00241406
-1e-09 0.000898437
-9e-10 -0.000437501
-8e-10 -0.000429688
-7e-10 -8.34465e-10
-6e-10 -0.000304688
-5e-10 -0.000429688
-4e-10 0.000882812
-3e-10 0.00349219
-2e-10 0.006
-1e-10 0.00671875
0 0.0053125
1e-10 0.00260156
2e-10 0.000453124
3e-10 -8.34465e-10
4e-10 0.00121875
5e-10 0.00314844
6e-10 0.0045625
7e-10 0.00470312
8e-10 0.004
9e-10 0.00332812
1e-09 0.00357031
1.1e-09 0.00452344
1.2e-09 0.00499219
1.3e-09 0.004
1.4e-09 0.00172656
1.5e-09 7.03117e-05
1.6e-09 0.000539062
1.7e-09 0.0025625
1.8e-09 0.004
1.9e-09 0.00309375
2e-09 0.000960937
2.1e-09 -0.000468751
2.2e-09 -0.000414063
2.3e-09 -8.34465e-10
2.4e-09 -0.000359376
2.5e-09 -0.000398438
2.6e-09 0.000874999
2.7e-09 0.00238281
2.8e-09 0.002
2.9e-09 -0.001
3e-09 -0.0036875
3.1e-09 -0.00328125
3.2e-09 -0.000289063
3.3e-09 0.002
3.4e-09 0.00108594
3.5e-09 -0.00121875
3.6e-09 -0.002
3.7e-09 -0.000281251
3.8e-09 0.002
3.9e-09 0.00235937
4e-09 0.000953124
4.1e-09 -0.000750001
4.2e-09 -0.00107813
4.3e-09 -8.34465e-10
4.4e-09 0.000609374
4.5e-09 0.000554687
4.6e-09 -0.00107031
4.7e-09 -0.00323438
4.8e-09 -0.004
4.9e-09 -0.00325
5e-09 -0.000914063
5.1e-09 0.000468749
5.2e-09 -0.0020625
5.3e-09 -0.01
5.4e-09 -0.0234531
5.5e-09 -0.0406719
5.6e-09 -0.0589609
5.7e-09 -0.0731953
5.8e-09 -0.082
5.9e-09 -0.0833438
6e-09 -0.0775547
6.1e-09 -0.0653828
6.2e-09 -0.0529922
6.3e-09 -0.046
6.4e-09 -0.0451094
6.5e-09 -0.0493047
6.6e-09 -0.0536797
6.7e-09 -0.0554063
6.8e-09 -0.056
6.9e-09 -0.0554688
7e-09 -0.0540234
7.1e-09 -0.0490313
7.2e-09 -0.0399453
7.3e-09 -0.028
7.4e-09 -0.0152031
7.5e-09 -0.00342188
7.6e-09 0.007
7.7e-09 0.015625
7.8e-09 0.024
7.9e-09 0.0313594
8e-09 0.0377891
8.1e-09 0.0410391
8.2e-09 0.0413594
8.3e-09 0.042
8.4e-09 0.0419844
8.5e-09 0.0434766
8.6e-09 0.0436484
8.7e-09 0.0409297
8.8e-09 0.036
8.9e-09 0.0271953
9e-09 0.0155312
9.1e-09 -9.37508e-05
9.2e-09 -0.0181875
9.3e-09 -0.038
9.4e-09 -0.0558516
9.5e-09 -0.0687109
9.6e-09 -0.0731406
9.7e-09 -0.0707969
9.8e-09 -0.068
9.9e-09 -0.0655703
1e-08 -0.0639766
1.01e-08 -0.0583594
1.02e-08 -0.0485
1.03e-08 -0.038
1.04e-08 -0.0279453
1.05e-08 -0.0189297
1.06e-08 -0.00826563
1.07e-08 0.00285937
1.08e-08 0.012
1.09e-08 0.0172187
1.1e-08 0.0204375
1.11e-08 0.0239141
1.12e-08 0.0280078
1.13e-08 0.032
1.14e-08 0.0339297
1.15e-08 0.0371406
1.16e-08 0.0435313
1.17e-08 0.0518984
1.18e-08 0.06
1.19e-08 0.0639688
1.2e-08 0.0656797
1.21e-08 0.0664531
1.22e-08 0.0662656
1.23e-08 0.064
1.24e-08 0.0581328
1.25e-08 0.0511328
1.26e-08 0.0455703
1.27e-08 0.0430156
1.28e-08 0.042
1.29e-08 0.0406641
1.3e-08 0.0408516
1.31e-08 0.0435313
1.32e-08 0.0487969
1.33e-08 0.056
1.34e-08 0.0620078
1.35e-08 0.0666016
1.36e-08 0.0688438
1.37e-08 0.0686016
1.38e-08 0.066
1.39e-08 0.0580781
1.4e-08 0.0410781
1.41e-08 0.0130625
1.42e-08 -0.0179531
1.43e-08 -0.044
1.44e-08 -0.0567891
1.45e-08 -0.0575781
1.46e-08 -0.0495703
1.47e-08 -0.0390859
1.48e-08 -0.03
1.49e-08 -0.0205
1.5e-08 -0.0132031
1.51e-08 -0.00671875
1.52e-08 -5.46883e-05
1.53e-08 0.008
1.54e-08 0.0182578
1.55e-08 0.0270781
1.56e-08 0.0316953
1.57e-08 0.0321797
1.58e-08 0.032
1.59e-08 0.0326094
1.6e-08 0.0348516
1.61e-08 0.0364688
1.62e-08 0.0363516
1.63e-08 0.036
1.64e-08 0.0359375
1.65e-08 0.0372344
1.66e-08 0.0385625
1.67e-08 0.0377891
1.68e-08 0.034
1.69e-08 0.0278906
1.7e-08 0.0220547
1.71e-08 0.0188281
1.72e-08 0.0183203
1.73e-08 0.018
1.74e-08 0.0166562
1.75e-08 0.0155
1.76e-08 0.0174062
1.77e-08 0.0234375
1.78e-08 0.032
1.79e-08 0.0396563
1.8e-08 0.0448125
1.81e-08 0.0463672
1.82e-08 0.0453125
1.83e-08 0.044
1.84e-08 0.0422422
1.85e-08 0.0410625
1.86e-08 0.0384141
1.87e-08 0.0328438
1.88e-08 0.024
1.89e-08 0.0124687
1.9e-08 0.000148437
1.91e-08 -0.0116016
1.92e-08 -0.0217578
1.93e-08 -0.032
1.94e-08 -0.0405078
1.95e-08 -0.0459297
1.96e-08 -0.0441641
1.97e-08 -0.0354375
1.98e-08 -0.024
1.99e-08 -0.0119141
2e-08 -0.00116406
2.01e-08 0.00938281
2.02e-08 0.0186875
2.03e-08 0.026
2.04e-08 0.0306016
2.05e-08 0.0342578
2.06e-08 0.0378047
2.07e-08 0.0406875
2.08e-08 0.042
2.09e-08 0.0393125
2.1e-08 0.0347109
2.11e-08 0.0292734
2.12e-08 0.0248672
2.13e-08 0.022
2.14e-08 0.0193281
2.15e-08 0.0169844
2.16e-08 0.015125
2.17e-08 0.0141484
2.18e-08 0.014
2.19e-08 0.0146875
2.2e-08 0.0156406
2.21e-08 0.01625
2.22e-08 0.0157656
2.23e-08 0.014
2.24e-08 0.0118359
2.25e-08 0.0101875
2.26e-08 0.0102109
2.27e-08 0.0124062
2.28e-08 0.016
2.29e-08 0.0190313
2.3e-08 0.0193672
2.31e-08 0.0158047
2.32e-08 0.0103203
2.33e-08 0.006
2.34e-08 0.00473437
2.35e-08 0.00655469
2.36e-08 0.00917969
2.37e-08 0.00992187
2.38e-08 0.008
2.39e-08 0.00402344
2.4e-08 -0.000164063
2.41e-08 -0.00350781
2.42e-08 -0.00575
2.43e-08 -0.008
2.44e-08 -0.0109688
2.45e-08 -0.0144063
2.46e-08 -0.0172109
2.47e-08 -0.0187734
2.48e-08 -0.02
2.49e-08 -0.0209609
2.5e-08 -0.0218516
2.51e-08 -0.02175
2.52e-08 -0.0207656
2.53e-08 -0.02
2.54e-08 -0.0193359
2.55e-08 -0.01875
2.56e-08 -0.0168047
2.57e-08 -0.0130391
2.58e-08 -0.008
2.59e-08 -0.00257031
2.6e-08 0.0021875
2.61e-08 0.00544531
2.62e-08 0.00650781
2.63e-08 0.006
2.64e-08 0.00478125
2.65e-08 0.00499219
2.66e-08 0.00742969
2.67e-08 0.0109922
2.68e-08 0.014
2.69e-08 0.0145078
2.7e-08 0.0131406
2.71e-08 0.010875
2.72e-08 0.00903906
2.73e-08 0.008
2.74e-08 0.00715625
2.75e-08 0.00634375
2.76e-08 0.00570312
2.77e-08 0.00557031
2.78e-08 0.006
2.79e-08 0.0068125
2.8e-08 0.00767969
2.81e-08 0.0081875
2.82e-08 0.00817969
2.83e-08 0.008
2.84e-08 0.008
2.85e-08 0.00909375
2.86e-08 0.0109922
2.87e-08 0.0123359
2.88e-08 0.012
2.89e-08 0.00945312
2.9e-08 0.00692969
2.91e-08 0.0055
2.92e-08 0.00454687
2.93e-08 0.002
2.94e-08 -0.00344531
2.95e-08 -0.00957031
2.96e-08 -0.0135234
2.97e-08 -0.01425
2.98e-08 -0.014
2.99e-08 -0.0147266
3e-08 -0.0168281
3.01e-08 -0.0187578
3.02e-08 -0.0195703
3.03e-08 -0.02
3.04e-08 -0.0199297
3.05e-08 -0.0191172
3.06e-08 -0.0163594
3.07e-08 -0.0121953
3.08e-08 -0.008
3.09e-08 -0.00450781
3.1e-08 -0.0015
3.11e-08 0.00163281
3.12e-08 0.00438281
3.13e-08 0.006
3.14e-08 0.00567187
3.15e-08 0.00453125
3.16e-08 0.0036875
3.17e-08 0.00364844
3.18e-08 0.004
3.19e-08 0.00400781
3.2e-08 0.00499219
3.21e-08 0.0073125
3.22e-08 0.00957031
3.23e-08 0.01
3.24e-08 0.0075625
3.25e-08 0.00474219
3.26e-08 0.004
3.27e-08 0.00576562
3.28e-08 0.008
3.29e-08 0.00820312
3.3e-08 0.00692969
3.31e-08 0.00525781
3.32e-08 0.00382031
3.33e-08 0.002
3.34e-08 -0.000914063
3.35e-08 -0.00335938
3.36e-08 -0.00410156
3.37e-08 -0.00365625
3.38e-08 -0.004
3.39e-08 -0.00627344
3.4e-08 -0.00902344
3.41e-08 -0.0103672
3.42e-08 -0.0100781
3.43e-08 -0.01
3.44e-08 -0.0114453
3.45e-08 -0.0133906
3.46e-08 -0.0140391
3.47e-08 -0.0130625
3.48e-08 -0.012
3.49e-08 -0.0120469
3.5e-08 -0.0122344
3.51e-08 -0.0112656
3.52e-08 -0.00985156
3.53e-08 -0.01
3.54e-08 -0.0124219
3.55e-08 -0.0152109
3.56e-08 -0.0159609
3.57e-08 -0.0147422
3.58e-08 -0.014
3.59e-08 -0.0149844
3.6e-08 -0.0162422
3.61e-08 -0.0148359
3.62e-08 -0.0100859
3.63e-08 -0.004
3.64e-08 0.000851562
3.65e-08 0.00339844
3.66e-08 0.0045
3.67e-08 0.00565625
3.68e-08 0.008
3.69e-08 0.0112344
3.7e-08 0.0146641
3.71e-08 0.016875
3.72e-08 0.0170469
3.73e-08 0.016
3.74e-08 0.0144766
3.75e-08 0.0138594
3.76e-08 0.0142578
3.77e-08 0.0151641
3.78e-08 0.016
3.79e-08 0.0158984
3.8e-08 0.0148594
3.81e-08 0.0130625
3.82e-08 0.0112734
3.83e-08 0.01
3.84e-08 0.0093125
3.85e-08 0.00953906
3.86e-08 0.0105703
3.87e-08 0.0116172
3.88e-08 0.012
3.89e-08 0.0114922
3.9e-08 0.0115859
3.91e-08 0.0127187
3.92e-08 0.0135
3.93e-08 0.012
3.94e-08 0.00757031
3.95e-08 0.00328906
3.96e-08 0.001625
3.97e-08 0.00224219
3.98e-08 0.002
3.99e-08 -0.00146875
4e-08 -0.00617969
4.01e-08 -0.00890625
4.02e-08 -0.00817188
4.03e-08 -0.006
4.04e-08 -0.00510156
4.05e-08 -0.00657813
4.06e-08 -0.00939844
4.07e-08 -0.0114922
4.08e-08 -0.012
4.09e-08 -0.0109375
4.1e-08 -0.0100313
4.11e-08 -0.0103438
4.12e-08 -0.0114688
4.13e-08 -0.012
4.14e-08 -0.0106875
4.15e-08 -0.00876563
4.16e-08 -0.00763281
4.17e-08 -0.00775
4.18e-08 -0.008
4.19e-08 -0.00689844
4.2e-08 -0.00495313
4.21e-08 -0.00329688
4.22e-08 -0.00305469
4.23e-08 -0.004
4.24e-08 -0.00498438
4.25e-08 -0.00483594
4.26e-08 -0.00279688
4.27e-08 0.000523437
4.28e-08 0.004
4.29e-08 0.00641406
4.3e-08 0.00771094
4.31e-08 0.00823437
4.32e-08 0.00827344
4.33e-08 0.008
4.34e-08 0.00735156
4.35e-08 0.00749219
4.36e-08 0.00875781
4.37e-08 0.0100547
4.38e-08 0.01
4.39e-08 0.0079375
4.4e-08 0.00615625
4.41e-08 0.00652344
4.42e-08 0.00857031
4.43e-08 0.01
4.44e-08 0.008875
4.45e-08 0.00679687
4.46e-08 0.00579687
4.47e-08 0.00614062
4.48e-08 0.006
4.49e-08 0.00396875
4.5e-08 0.00215625
4.51e-08 0.00261719
4.52e-08 0.00480469
4.53e-08 0.006
4.54e-08 0.00414844
4.55e-08 0.00111719
4.56e-08 -0.000351563
4.57e-08 0.000609374
4.58e-08 0.002
4.59e-08 0.00153125
4.6e-08 -0.000632813
4.61e-08 -0.00307813
4.62e-08 -0.00471875
4.63e-08 -0.006
4.64e-08 -0.00709375
4.65e-08 -0.00689063
4.66e-08 -0.00457031
4.67e-08 -0.00153125
4.68e-08 -8.34465e-10
4.69e-08 -0.000789063
4.7e-08 -0.00199219
4.71e-08 -0.00128906
4.72e-08 0.00139844
4.73e-08 0.004
4.74e-08 0.00435156
4.75e-08 0.00292187
4.76e-08 0.00135156
4.77e-08 0.00109375
4.78e-08 0.002
4.79e-08 0.00296875
4.8e-08 0.00373437
4.81e-08 0.00424219
4.82e-08 0.00436719
4.83e-08 0.004
4.84e-08 0.00314062
4.85e-08 0.00228906
4.86e-08 0.00183594
4.87e-08 0.00184375
4.88e-08 0.002
4.89e-08 0.00223437
4.9e-08 0.00317187
4.91e-08 0.00499219
4.92e-08 0.00690625
4.93e-08 0.008
4.94e-08 0.00758594
4.95e-08 0.00650781
4.96e-08 0.00567187
4.97e-08 0.00564062
4.98e-08 0.006
4.99e-08 0.00557031
5e-08 0.00358594
5.01e-08 0.000195312
5.02e-08 -0.0028125
5.03e-08 -0.004
5.04e-08 -0.00314063
5.05e-08 -0.0020625
5.06e-08 -0.00246094
5.07e-08 -0.0043125
5.08e-08 -0.006
5.09e-08 -0.005625
5.1e-08 -0.00341406
5.11e-08 -0.000742188
5.12e-08 0.000531249
5.13e-08 -8.34465e-10
5.14e-08 -0.00142188
5.15e-08 -0.00217188
5.16e-08 -0.00144531
5.17e-08 -0.000179688
5.18e-08 -8.34465e-10
5.19e-08 -0.00173438
5.2e-08 -0.00359375
5.21e-08 -0.00377344
5.22e-08 -0.00253906
5.23e-08 -0.002
5.24e-08 -0.00355469
5.25e-08 -0.00555469
5.26e-08 -0.00570313
5.27e-08 -0.00380469
5.28e-08 -0.002
5.29e-08 -0.00215625
5.3e-08 -0.0035
5.31e-08 -0.00402344
5.32e-08 -0.00260156
5.33e-08 -8.34465e-10
5.34e-08 0.00225781
5.35e-08 0.00364844
5.36e-08 0.00428125
5.37e-08 0.00435937
5.38e-08 0.004
5.39e-08 0.00310156
5.4e-08 0.0023125
5.41e-08 0.00176562
5.42e-08 0.00114062
5.43e-08 -8.34465e-10
5.44e-08 -0.00139844
5.45e-08 -0.00110156
5.46e-08 0.0016875
5.47e-08 0.005
5.48e-08 0.006
5.49e-08 0.00325
5.5e-08 -0.000625001
5.51e-08 -0.00245313
5.52e-08 -0.00144531
5.53e-08 -8.34465e-10
5.54e-08 -0.000484376
5.55e-08 -0.0016875
5.56e-08 -0.00171094
5.57e-08 -0.000507813
5.58e-08 -8.34465e-10
5.59e-08 -0.00166406
5.6e-08 -0.00363281
5.61e-08 -0.00359375
5.62e-08 -0.00159375
5.63e-08 -8.34465e-10
5.64e-08 -0.000789063
5.65e-08 -0.00296094
5.66e-08 -0.0045625
5.67e-08 -0.00458594
5.68e-08 -0.004
5.69e-08 -0.00399219
5.7e-08 -0.00416406
5.71e-08 -0.00351563
5.72e-08 -0.00184375
5.73e-08 -8.34465e-10
5.74e-08 0.000914062
5.75e-08 0.000562499
5.76e-08 -0.000617188
5.77e-08 -0.00166406
5.78e-08 -0.002
5.79e-08 -0.00146094
5.8e-08 -0.000476563
5.81e-08 0.000351562
5.82e-08 0.000468749
5.83e-08 -8.34465e-10
5.84e-08 -0.000421876
5.85e-08 -0.000367188
5.86e-08 0.000507812
5.87e-08 0.00207031
5.88e-08 0.004
5.89e-08 0.00570312
5.9e-08 0.00622656
5.91e-08 0.0055
5.92e-08 0.00490625
5.93e-08 0.006
5.94e-08 0.00882031
5.95e-08 0.0114531
5.96e-08 0.0117734
5.97e-08 0.009875
5.98e-08 0.008
5.99e-08 0.00789844
6e-08 0.00928125
6.01e-08 0.0103047
6.02e-08 0.00971094
6.03e-08 0.008
6.04e-08 0.00617187
6.05e-08 0.00464062
6.06e-08 0.00335937
6.07e-08 0.00246875
6.08e-08 0.002
6.09e-08 0.00195312
6.1e-08 0.00203906
6.11e-08 0.00189844
6.12e-08 0.00122656
6.13e-08 -8.34465e-10
6.14e-08 -0.00110938
6.15e-08 -0.000835938
6.16e-08 0.00124219
6.17e-08 0.00354687
6.18e-08 0.004
6.19e-08 0.00177344
6.2e-08 -0.00107031
6.21e-08 -0.00224219
6.22e-08 -0.00126563
6.23e-08 -8.34465e-10
6.24e-08 -0.000296876
6.25e-08 -0.00147656
6.26e-08 -0.002125
6.27e-08 -0.00189844
6.28e-08 -0.002
6.29e-08 -0.0034375
6.3e-08 -0.00535156
6.31e-08 -0.0061875
6.32e-08 -0.00539844
6.33e-08 -0.004
6.34e-08 -0.00303125
6.35e-08 -0.00236719
6.36e-08 -0.00144531
6.37e-08 -0.000437501
6.38e-08 -8.34465e-10
6.39e-08 -0.000421876
6.4e-08 -0.000421876
6.41e-08 0.000835937
6.42e-08 0.00227344
6.43e-08 0.002
6.44e-08 -0.000500001
6.45e-08 -0.00221875
6.46e-08 -0.000820313
6.47e-08 0.00242187
6.48e-08 0.004
6.49e-08 0.00170312
6.5e-08 -0.00138281
6.51e-08 -0.00142969
6.52e-08 0.002125
6.53e-08 0.006
6.54e-08 0.00646875
6.55e-08 0.00382031
6.56e-08 0.000531249
6.57e-08 -0.000773438
6.58e-08 -8.34465e-10
6.59e-08 0.00132812
6.6e-08 0.0020625
6.61e-08 0.00170312
6.62e-08 0.000726562
6.63e-08 -8.34465e-10
6.64e-08 0.000187499
6.65e-08 0.00130469
6.66e-08 0.00261719
6.67e-08 0.00296875
6.68e-08 0.002
6.69e-08 0.000429687
6.7e-08 -0.000250001
6.71e-08 0.000664062
6.72e-08 0.00203125
6.73e-08 0.002
6.74e-08 -7.81258e-05
6.75e-08 -0.00192188
6.76e-08 -0.00125
6.77e-08 0.00158594
6.78e-08 0.004
6.79e-08 0.00385937
6.8e-08 0.00250781
6.81e-08 0.0020625
6.82e-08 0.00308594
6.83e-08 0.004
6.84e-08 0.00303906
6.85e-08 0.000929687
6.86e-08 -0.000515626
6.87e-08 2.34367e-05
6.88e-08 0.002
6.89e-08 0.00383594
6.9e-08 0.00438281
6.91e-08 0.00332031
6.92e-08 0.00146875
6.93e-08 -8.34465e-10
6.94e-08 -0.000148438
6.95e-08 0.00107031
6.96e-08 0.00290625
6.97e-08 0.00407812
6.98e-08 0.004
6.99e-08 0.00299219
