-3e-08 0.00284375
-2.99e-08 0.0025
-2.98e-08 0.002
-2.97e-08 0.00154687
-2.96e-08 0.00126562
-2.95e-08 0.00126562
-2.94e-08 0.00153125
-2.93e-08 0.002
-2.92e-08 0.0025625
-2.91e-08 0.00295312
-2.9e-08 0.00303125
-2.89e-08 0.00273437
-2.88e-08 0.002
-2.87e-08 0.000906247
-2.86e-08 -0.000234378
-2.85e-08 -0.00123438
-2.84e-08 -0.00189063
-2.83e-08 -0.002
-2.82e-08 -0.00153125
-2.81e-08 -0.000625003
-2.8e-08 0.000437497
-2.79e-08 0.00140625
-2.78e-08 0.002
-2.77e-08 0.00201562
-2.76e-08 0.0014375
-2.75e-08 0.000437497
-2.74e-08 -0.000796878
-2.73e-08 -0.002
-2.72e-08 -0.00284375
-2.71e-08 -0.00320313
-2.7e-08 -0.00317188
-2.69e-08 -0.00276563
-2.68e-08 -0.002
-2.67e-08 -0.00120313
-2.66e-08 -0.000359378
-2.65e-08 0.000515622
-2.64e-08 0.00129687
-2.63e-08 0.002
-2.62e-08 0.00264062
-2.61e-08 0.00298437
-2.6e-08 0.00296875
-2.59e-08 0.002625
-2.58e-08 0.002
-2.57e-08 0.00114062
-2.56e-08 0.000515622
-2.55e-08 0.000374997
-2.54e-08 0.000781247
-2.53e-08 0.002
-2.52e-08 0.00382812
-2.51e-08 0.00585937
-2.5e-08 0.00782812
-2.49e-08 0.00935937
-2.48e-08 0.01
-2.47e-08 0.00967187
-2.46e-08 0.00835937
-2.45e-08 0.00639062
-2.44e-08 0.0041875
-2.43e-08 0.002
-2.42e-08 0.000265622
-2.41e-08 -0.000562503
-2.4e-08 -0.000515628
-2.39e-08 0.000390622
-2.38e-08 0.002
-2.37e-08 0.00384375
-2.36e-08 0.00545312
-2.35e-08 0.0065
-2.34e-08 0.00675
-2.33e-08 0.006
-2.32e-08 0.00442187
-2.31e-08 0.0024375
-2.3e-08 0.000437497
-2.29e-08 -0.001125
-2.28e-08 -0.002
-2.27e-08 -0.00195313
-2.26e-08 -0.00115625
-2.25e-08 -1.56276e-05
-2.24e-08 0.00117187
-2.23e-08 0.002
-2.22e-08 0.0020625
-2.21e-08 0.00148437
-2.2e-08 0.000406247
-2.19e-08 -0.000906253
-2.18e-08 -0.002
-2.17e-08 -0.00251563
-2.16e-08 -0.00226563
-2.15e-08 -0.00132813
-2.14e-08 0.000140622
-2.13e-08 0.002
-2.12e-08 0.0038125
-2.11e-08 0.00523437
-2.1e-08 0.0061875
-2.09e-08 0.0065
-2.08e-08 0.006
-2.07e-08 0.00496875
-2.06e-08 0.0034375
-2.05e-08 0.00157812
-2.04e-08 -0.000281253
-2.03e-08 -0.002
-2.02e-08 -0.00339063
-2.01e-08 -0.004
-2e-08 -0.004
-1.99e-08 -0.003375
-1.98e-08 -0.002
-1.97e-08 -0.000328128
-1.96e-08 0.00148437
-1.95e-08 0.0033125
-1.94e-08 0.00482812
-1.93e-08 0.006
-1.92e-08 0.00671875
-1.91e-08 0.006875
-1.9e-08 0.00679687
-1.89e-08 0.00651562
-1.88e-08 0.006
-1.87e-08 0.00551562
-1.86e-08 0.00490625
-1.85e-08 0.00409375
-1.84e-08 0.00317187
-1.83e-08 0.002
-1.82e-08 0.000578122
-1.81e-08 -0.000640628
-1.8e-08 -0.00160938
-1.79e-08 -0.002125
-1.78e-08 -0.002
-1.77e-08 -0.00126563
-1.76e-08 -0.000187503
-1.75e-08 0.000874997
-1.74e-08 0.00170312
-1.73e-08 0.002
-1.72e-08 0.00154687
-1.71e-08 0.000624997
-1.7e-08 -0.000468753
-1.69e-08 -0.00145313
-1.68e-08 -0.002
-1.67e-08 -0.00182813
-1.66e-08 -0.00107813
-1.65e-08 -3.12526e-05
-1.64e-08 0.00104687
-1.63e-08 0.002
-1.62e-08 0.00242187
-1.61e-08 0.00245312
-1.6e-08 0.00232812
-1.59e-08 0.00210937
-1.58e-08 0.002
-1.57e-08 0.00226562
-1.56e-08 0.00257812
-1.55e-08 0.00271875
-1.54e-08 0.00259375
-1.53e-08 0.002
-1.52e-08 0.000781247
-1.51e-08 -0.000515628
-1.5e-08 -0.00160938
-1.49e-08 -0.00223438
-1.48e-08 -0.002
-1.47e-08 -0.000843753
-1.46e-08 0.000937497
-1.45e-08 0.0029375
-1.44e-08 0.00476562
-1.43e-08 0.006
-1.42e-08 0.00628125
-1.41e-08 0.0056875
-1.4e-08 0.00459375
-1.39e-08 0.00326562
-1.38e-08 0.002
-1.37e-08 0.00126562
-1.36e-08 0.00104687
-1.35e-08 0.00115625
-1.34e-08 0.00154687
-1.33e-08 0.002
-1.32e-08 0.0021875
-1.31e-08 0.00221875
-1.3e-08 0.00217187
-1.29e-08 0.0020625
-1.28e-08 0.002
-1.27e-08 0.00214062
-1.26e-08 0.0023125
-1.25e-08 0.00240625
-1.24e-08 0.00235937
-1.23e-08 0.002
-1.22e-08 0.00129687
-1.21e-08 0.000437497
-1.2e-08 -0.000546878
-1.19e-08 -0.0014375
-1.18e-08 -0.002
-1.17e-08 -0.00220313
-1.16e-08 -0.0018125
-1.15e-08 -0.000906253
-1.14e-08 0.000359372
-1.13e-08 0.002
-1.12e-08 0.0036875
-1.11e-08 0.00504687
-1.1e-08 0.00598437
-1.09e-08 0.00632812
-1.08e-08 0.006
-1.07e-08 0.00510937
-1.06e-08 0.00396875
-1.05e-08 0.00290625
-1.04e-08 0.0021875
-1.03e-08 0.002
-1.02e-08 0.00242187
-1.01e-08 0.0033125
-1e-08 0.00439062
-9.9e-09 0.00539062
-9.8e-09 0.006
-9.7e-09 0.00592187
-9.6e-09 0.00528125
-9.5e-09 0.00426562
-9.4e-09 0.00310937
-9.3e-09 0.002
-9.2e-09 0.00123437
-9.1e-09 0.000937497
-9e-09 0.00103125
-8.9e-09 0.00145312
-8.8e-09 0.002
-8.7e-09 0.00235937
-8.6e-09 0.0025625
-8.5e-09 0.00257812
-8.4e-09 0.00240625
-8.3e-09 0.002
-8.2e-09 0.0015625
-8.1e-09 0.000953122
-8e-09 0.000109372
-7.9e-09 -0.000843753
-7.8e-09 -0.002
-7.7e-09 -0.00329688
-7.6e-09 -0.00439063
-7.5e-09 -0.00529688
-7.4e-09 -0.00584375
-7.3e-09 -0.006
-7.2e-09 -0.00573438
-7.1e-09 -0.00532813
-7e-09 -0.00517188
-6.9e-09 -0.00535938
-6.8e-09 -0.006
-6.7e-09 -0.007125
-6.6e-09 -0.00832813
-6.5e-09 -0.00940625
-6.4e-09 -0.0101094
-6.3e-09 -0.01
-6.2e-09 -0.009
-6.1e-09 -0.00734375
-6e-09 -0.00540625
-5.9e-09 -0.00354688
-5.8e-09 -0.002
-5.7e-09 -0.00117188
-5.6e-09 -0.00101563
-5.5e-09 -0.00121875
-5.4e-09 -0.00167188
-5.3e-09 -0.002
-5.2e-09 -0.001875
-5.1e-09 -0.00132813
-5e-09 -0.000406253
-4.9e-09 0.000718747
-4.8e-09 0.002
-4.7e-09 0.00304687
-4.6e-09 0.00389062
-4.5e-09 0.00470312
-4.4e-09 0.00539062
-4.3e-09 0.006
-4.2e-09 0.00665625
-4.1e-09 0.00703125
-4e-09 0.00710937
-3.9e-09 0.006875
-3.8e-09 0.006
-3.7e-09 0.00460937
-3.6e-09 0.00292187
-3.5e-09 0.00107812
-3.4e-09 -0.000609378
-3.3e-09 -0.002
-3.2e-09 -0.00296875
-3.1e-09 -0.00329688
-3e-09 -0.00321875
-2.9e-09 -0.00278125
-2.8e-09 -0.002
-2.7e-09 -0.00123438
-2.6e-09 -0.000421878
-2.5e-09 0.000421872
-2.4e-09 0.00117187
-2.3e-09 0.002
-2.2e-09 0.00284375
-2.1e-09 0.00364062
-2e-09 0.0045
-1.9e-09 0.00529687
-1.8e-09 0.006
-1.7e-09 0.00660937
-1.6e-09 0.00689062
-1.5e-09 0.00692187
-1.4e-09 0.00665625
-1.3e-09 0.006
-1.2e-09 0.0050625
-1.1e-09 0.00404687
-1e-09 0.00310937
-9e-10 0.00240625
-8e-10 0.002
-7e-10 0.0019375
-6e-10 0.00209375
-5e-10 0.00220312
-4e-10 0.00220312
-3e-10 0.002
-2e-10 0.00140625
-1e-10 0.000874997
0 0.000734372
1e-10 0.00104687
2e-10 0.002
3e-10 0.003625
4e-10 0.00523437
5e-10 0.00640625
6e-10 0.00682812
7e-10 0.006
8e-10 0.003875
9e-10 0.0010625
1e-09 -0.0019375
1.1e-09 -0.0045
1.2e-09 -0.006
1.3e-09 -0.00604688
1.4e-09 -0.00473438
1.5e-09 -0.00265625
1.6e-09 -0.000265628
1.7e-09 0.002
1.8e-09 0.00335937
1.9e-09 0.00379687
2e-09 0.00359375
2.1e-09 0.002875
2.2e-09 0.002
2.3e-09 0.00153125
2.4e-09 0.001375
2.5e-09 0.00145312
2.6e-09 0.00171875
2.7e-09 0.002
2.8e-09 0.00196875
2.9e-09 0.00184375
3e-09 0.00189062
3.1e-09 0.00207812
3.2e-09 0.002
3.3e-09 0.00117187
3.4e-09 0.000406247
3.5e-09 0.000437497
3.6e-09 0.00126562
3.7e-09 0.002
3.8e-09 0.00192187
3.9e-09 0.0013125
4e-09 0.000343747
4.1e-09 -0.000828128
4.2e-09 -0.002
4.3e-09 -0.00351563
4.4e-09 -0.00392188
4.5e-09 -0.00228125
4.6e-09 0.00121875
4.7e-09 0.006
4.8e-09 0.01225
4.9e-09 0.0160781
5e-09 0.0164844
5.1e-09 0.0124531
5.2e-09 -0.002
5.3e-09 -0.022875
5.4e-09 -0.0526719
5.5e-09 -0.0926563
5.6e-09 -0.136953
5.7e-09 -0.186
5.8e-09 -0.233516
5.9e-09 -0.269875
6e-09 -0.298078
6.1e-09 -0.313406
6.2e-09 -0.31
6.3e-09 -0.293047
6.4e-09 -0.261844
6.5e-09 -0.223266
6.6e-09 -0.183906
6.7e-09 -0.142
6.8e-09 -0.104594
6.9e-09 -0.0757813
7e-09 -0.05175
7.1e-09 -0.0350938
7.2e-09 -0.022
7.3e-09 -0.00879688
7.4e-09 0.0013125
7.5e-09 0.0117812
7.6e-09 0.0214687
7.7e-09 0.03
7.8e-09 0.0371875
7.9e-09 0.0415937
8e-09 0.0446094
8.1e-09 0.0460156
8.2e-09 0.046
8.3e-09 0.045375
8.4e-09 0.0444219
8.5e-09 0.0443125
8.6e-09 0.045125
8.7e-09 0.046
8.8e-09 0.0460937
8.9e-09 0.0459219
9e-09 0.0461094
9.1e-09 0.0465469
9.2e-09 0.046
9.3e-09 0.0437969
9.4e-09 0.0409062
9.5e-09 0.0380156
9.6e-09 0.0356875
9.7e-09 0.034
9.8e-09 0.032875
9.9e-09 0.0328906
1e-08 0.0339531
1.01e-08 0.0358125
1.02e-08 0.038
1.03e-08 0.0398594
1.04e-08 0.0409062
1.05e-08 0.0410469
1.06e-08 0.0402031
1.07e-08 0.038
1.08e-08 0.0349844
1.09e-08 0.0315
1.1e-08 0.027875
1.11e-08 0.0246875
1.12e-08 0.022
1.13e-08 0.0200937
1.14e-08 0.019125
1.15e-08 0.0185312
1.16e-08 0.01825
1.17e-08 0.018
1.18e-08 0.0174062
1.19e-08 0.0166875
1.2e-08 0.0157656
1.21e-08 0.0147812
1.22e-08 0.014
1.23e-08 0.0136562
1.24e-08 0.0136875
1.25e-08 0.0138281
1.26e-08 0.014
1.27e-08 0.014
1.28e-08 0.0136719
1.29e-08 0.0130625
1.3e-08 0.0121562
1.31e-08 0.0111094
1.32e-08 0.01
1.33e-08 0.009125
1.34e-08 0.00842187
1.35e-08 0.007625
1.36e-08 0.00679687
1.37e-08 0.006
1.38e-08 0.00514062
1.39e-08 0.00464062
1.4e-08 0.00454687
1.41e-08 0.00489062
1.42e-08 0.006
1.43e-08 0.00770312
1.44e-08 0.00965625
1.45e-08 0.0115781
1.46e-08 0.0131094
1.47e-08 0.014
1.48e-08 0.0141406
1.49e-08 0.0135156
1.5e-08 0.0124687
1.51e-08 0.0112031
1.52e-08 0.01
1.53e-08 0.00920312
1.54e-08 0.00890625
1.55e-08 0.009
1.56e-08 0.00942187
1.57e-08 0.01
1.58e-08 0.0104531
1.59e-08 0.0107187
1.6e-08 0.0107187
1.61e-08 0.0104219
1.62e-08 0.01
1.63e-08 0.0095625
1.64e-08 0.00926562
1.65e-08 0.00921875
1.66e-08 0.00942187
1.67e-08 0.01
1.68e-08 0.0108125
1.69e-08 0.0117344
1.7e-08 0.0127031
1.71e-08 0.0135312
1.72e-08 0.014
1.73e-08 0.0140781
1.74e-08 0.013625
1.75e-08 0.0126719
1.76e-08 0.0114062
1.77e-08 0.01
1.78e-08 0.008625
1.79e-08 0.00782812
1.8e-08 0.00770312
1.81e-08 0.00832812
1.82e-08 0.01
1.83e-08 0.0122969
1.84e-08 0.0149375
1.85e-08 0.0177344
1.86e-08 0.0202031
1.87e-08 0.022
1.88e-08 0.0229062
1.89e-08 0.0226562
1.9e-08 0.0216562
1.91e-08 0.020125
1.92e-08 0.018
1.93e-08 0.0158594
1.94e-08 0.0139062
1.95e-08 0.0121719
1.96e-08 0.0108906
1.97e-08 0.01
1.98e-08 0.00929687
1.99e-08 0.00907812
2e-08 0.00915625
2.01e-08 0.00946875
2.02e-08 0.01
2.03e-08 0.0105625
2.04e-08 0.0109687
2.05e-08 0.0110781
2.06e-08 0.0108437
2.07e-08 0.01
2.08e-08 0.00871875
2.09e-08 0.00710937
2.1e-08 0.00528125
2.11e-08 0.00353125
2.12e-08 0.002
2.13e-08 0.000843747
2.14e-08 0.000390622
2.15e-08 0.000437497
2.16e-08 0.000968747
2.17e-08 0.002
2.18e-08 0.00321875
2.19e-08 0.00440625
2.2e-08 0.00535937
2.21e-08 0.00592187
2.22e-08 0.006
2.23e-08 0.00567187
2.24e-08 0.0049375
2.25e-08 0.00395312
2.26e-08 0.0029375
2.27e-08 0.002
2.28e-08 0.0013125
2.29e-08 0.00104687
2.3e-08 0.00109375
2.31e-08 0.0014375
2.32e-08 0.002
2.33e-08 0.00259375
2.34e-08 0.003
2.35e-08 0.0030625
2.36e-08 0.00273437
2.37e-08 0.002
2.38e-08 0.000968747
2.39e-08 -9.37526e-05
2.4e-08 -0.00107813
2.41e-08 -0.00176563
2.42e-08 -0.002
2.43e-08 -0.00176563
2.44e-08 -0.00107813
2.45e-08 -9.37526e-05
2.46e-08 0.000968747
2.47e-08 0.002
2.48e-08 0.00273437
2.49e-08 0.0030625
2.5e-08 0.003
2.51e-08 0.00259375
2.52e-08 0.002
2.53e-08 0.00139062
2.54e-08 0.000984372
2.55e-08 0.000921872
2.56e-08 0.00123437
2.57e-08 0.002
2.58e-08 0.00303125
2.59e-08 0.004125
2.6e-08 0.005125
2.61e-08 0.0058125
2.62e-08 0.006
2.63e-08 0.00565625
2.64e-08 0.00485937
2.65e-08 0.00385937
2.66e-08 0.00285937
2.67e-08 0.002
2.68e-08 0.0015
2.69e-08 0.001375
2.7e-08 0.00146875
2.71e-08 0.00171875
2.72e-08 0.002
2.73e-08 0.00204687
2.74e-08 0.00201562
2.75e-08 0.00196875
2.76e-08 0.0019375
2.77e-08 0.002
2.78e-08 0.00226562
2.79e-08 0.00251562
2.8e-08 0.00260937
2.81e-08 0.00248437
2.82e-08 0.002
2.83e-08 0.001125
2.84e-08 0.000124997
2.85e-08 -0.000875003
2.86e-08 -0.00165625
2.87e-08 -0.002
2.88e-08 -0.00184375
2.89e-08 -0.0011875
2.9e-08 -0.000203128
2.91e-08 0.000906247
2.92e-08 0.002
2.93e-08 0.00279687
2.94e-08 0.00314062
2.95e-08 0.00309375
2.96e-08 0.00265625
2.97e-08 0.002
2.98e-08 0.0013125
2.99e-08 0.000874997
3e-08 0.000796872
3.01e-08 0.00115625
3.02e-08 0.002
3.03e-08 0.00317187
3.04e-08 0.00435937
3.05e-08 0.00539062
3.06e-08 0.00604687
3.07e-08 0.006
3.08e-08 0.00528125
3.09e-08 0.00392187
3.1e-08 0.00203125
3.11e-08 -1.56276e-05
3.12e-08 -0.002
3.13e-08 -0.003625
3.14e-08 -0.00440625
3.15e-08 -0.00442188
3.16e-08 -0.00364063
3.17e-08 -0.002
3.18e-08 4.68724e-05
3.19e-08 0.00214062
3.2e-08 0.00403125
3.21e-08 0.005375
3.22e-08 0.006
3.23e-08 0.00589062
3.24e-08 0.00510937
3.25e-08 0.00404687
3.26e-08 0.00295312
3.27e-08 0.002
3.28e-08 0.0015
3.29e-08 0.00142187
3.3e-08 0.00153125
3.31e-08 0.00178125
3.32e-08 0.002
3.33e-08 0.00189062
3.34e-08 0.00173437
3.35e-08 0.001625
3.36e-08 0.00164062
3.37e-08 0.002
3.38e-08 0.00279687
3.39e-08 0.00376562
3.4e-08 0.00478125
3.41e-08 0.005625
3.42e-08 0.006
3.43e-08 0.00575
3.44e-08 0.00498437
3.45e-08 0.00396875
3.46e-08 0.00292187
3.47e-08 0.002
3.48e-08 0.00148437
3.49e-08 0.001375
3.5e-08 0.00146875
3.51e-08 0.00171875
3.52e-08 0.002
3.53e-08 0.00201562
3.54e-08 0.00195312
3.55e-08 0.00190625
3.56e-08 0.00190625
3.57e-08 0.002
3.58e-08 0.0023125
3.59e-08 0.00260937
3.6e-08 0.00270312
3.61e-08 0.0025625
3.62e-08 0.002
3.63e-08 0.000968747
3.64e-08 -0.000156253
3.65e-08 -0.0011875
3.66e-08 -0.00189063
3.67e-08 -0.002
3.68e-08 -0.0014375
3.69e-08 -0.000437503
3.7e-08 0.000640622
3.71e-08 0.00154687
3.72e-08 0.002
3.73e-08 0.00178125
3.74e-08 0.00104687
3.75e-08 1.56224e-05
3.76e-08 -0.0010625
3.77e-08 -0.002
3.78e-08 -0.00246875
3.79e-08 -0.00251563
3.8e-08 -0.00240625
3.81e-08 -0.00220313
3.82e-08 -0.002
3.83e-08 -0.00209375
3.84e-08 -0.00223438
3.85e-08 -0.002375
3.86e-08 -0.00242188
3.87e-08 -0.002
3.88e-08 -0.00114063
3.89e-08 0.000171872
3.9e-08 0.002
3.91e-08 0.004
3.92e-08 0.006
3.93e-08 0.00778125
3.94e-08 0.00871875
3.95e-08 0.00878125
3.96e-08 0.00790625
3.97e-08 0.006
3.98e-08 0.003375
3.99e-08 0.000812497
4e-08 -0.00120313
4.01e-08 -0.00225
4.02e-08 -0.002
4.03e-08 -0.000484378
4.04e-08 0.00173437
4.05e-08 0.00389062
4.06e-08 0.00548437
4.07e-08 0.006
4.08e-08 0.005
4.09e-08 0.00307812
4.1e-08 0.000906247
4.11e-08 -0.00101563
4.12e-08 -0.002
4.13e-08 -0.00153125
4.14e-08 4.68724e-05
4.15e-08 0.0021875
4.16e-08 0.00442187
4.17e-08 0.006
4.18e-08 0.0063125
4.19e-08 0.00532812
4.2e-08 0.00332812
4.21e-08 0.000703122
4.22e-08 -0.002
4.23e-08 -0.0040625
4.24e-08 -0.00504688
4.25e-08 -0.00501563
4.26e-08 -0.00398438
4.27e-08 -0.002
4.28e-08 0.000296872
4.29e-08 0.00253125
4.3e-08 0.00442187
4.31e-08 0.00560937
4.32e-08 0.006
4.33e-08 0.00560937
4.34e-08 0.004625
4.35e-08 0.0035
4.36e-08 0.00253125
4.37e-08 0.002
4.38e-08 0.0021875
4.39e-08 0.0029375
4.4e-08 0.00396875
4.41e-08 0.00507812
4.42e-08 0.006
4.43e-08 0.00629687
4.44e-08 0.00620312
4.45e-08 0.00604687
4.46e-08 0.0059375
4.47e-08 0.006
4.48e-08 0.00657812
4.49e-08 0.007125
4.5e-08 0.00734375
4.51e-08 0.00709375
4.52e-08 0.006
4.53e-08 0.00390625
4.54e-08 0.00159375
4.55e-08 -0.000468753
4.56e-08 -0.00182813
4.57e-08 -0.002
4.58e-08 -0.000796878
4.59e-08 0.00123437
4.6e-08 0.00339062
4.61e-08 0.0051875
4.62e-08 0.006
4.63e-08 0.00535937
4.64e-08 0.0036875
4.65e-08 0.0015625
4.66e-08 -0.000531253
4.67e-08 -0.002
4.68e-08 -0.00223438
4.69e-08 -0.0015
4.7e-08 -0.000296878
4.71e-08 0.00103125
4.72e-08 0.002
4.73e-08 0.002
4.74e-08 0.0013125
4.75e-08 0.000187497
4.76e-08 -0.00109375
4.77e-08 -0.002
4.78e-08 -0.00209375
4.79e-08 -0.00148438
4.8e-08 -0.000437503
4.81e-08 0.000828122
4.82e-08 0.002
4.83e-08 0.002625
4.84e-08 0.00276562
4.85e-08 0.00264062
4.86e-08 0.00232812
4.87e-08 0.002
4.88e-08 0.002
4.89e-08 0.00209375
4.9e-08 0.00217187
4.91e-08 0.00217187
4.92e-08 0.002
4.93e-08 0.00146875
4.94e-08 0.00101562
4.95e-08 0.000890622
4.96e-08 0.00115625
4.97e-08 0.002
4.98e-08 0.0034375
4.99e-08 0.00490625
5e-08 0.00601562
5.01e-08 0.0065
5.02e-08 0.006
5.03e-08 0.00440625
5.04e-08 0.0023125
5.05e-08 0.000234372
5.06e-08 -0.001375
5.07e-08 -0.002
5.08e-08 -0.00140625
5.09e-08 0.000171872
5.1e-08 0.00225
5.11e-08 0.00435937
5.12e-08 0.006
5.13e-08 0.00660937
5.14e-08 0.00620312
5.15e-08 0.00510937
5.16e-08 0.00359375
5.17e-08 0.002
5.18e-08 0.000906247
5.19e-08 0.000437497
5.2e-08 0.000531247
5.21e-08 0.00114062
5.22e-08 0.002
5.23e-08 0.00275
5.24e-08 0.00321875
5.25e-08 0.00325
5.26e-08 0.00285937
5.27e-08 0.002
5.28e-08 0.000890622
5.29e-08 -0.000203128
5.3e-08 -0.0011875
5.31e-08 -0.00184375
5.32e-08 -0.002
5.33e-08 -0.0016875
5.34e-08 -0.000921878
5.35e-08 6.24974e-05
5.36e-08 0.00107812
5.37e-08 0.002
5.38e-08 0.0025625
5.39e-08 0.00275
5.4e-08 0.00267187
5.41e-08 0.002375
5.42e-08 0.002
5.43e-08 0.00173437
5.44e-08 0.00160937
5.45e-08 0.001625
5.46e-08 0.00178125
5.47e-08 0.002
5.48e-08 0.00214062
5.49e-08 0.00223437
5.5e-08 0.00221875
5.51e-08 0.002125
5.52e-08 0.002
5.53e-08 0.001875
5.54e-08 0.0018125
5.55e-08 0.0018125
5.56e-08 0.001875
5.57e-08 0.002
5.58e-08 0.002125
5.59e-08 0.00221875
5.6e-08 0.00226562
5.61e-08 0.00223437
5.62e-08 0.002
5.63e-08 0.001625
5.64e-08 0.00104687
5.65e-08 0.000171872
5.66e-08 -0.000875003
5.67e-08 -0.002
5.68e-08 -0.00317188
5.69e-08 -0.00384375
5.7e-08 -0.00395313
5.71e-08 -0.00340625
5.72e-08 -0.002
5.73e-08 3.12474e-05
5.74e-08 0.00220312
5.75e-08 0.00415625
5.76e-08 0.0055
5.77e-08 0.006
5.78e-08 0.00551562
5.79e-08 0.00442187
5.8e-08 0.00325
5.81e-08 0.00232812
5.82e-08 0.002
5.83e-08 0.00264062
5.84e-08 0.00376562
5.85e-08 0.00495312
5.86e-08 0.005875
5.87e-08 0.006
5.88e-08 0.00496875
5.89e-08 0.00321875
5.9e-08 0.00117187
5.91e-08 -0.000718753
5.92e-08 -0.002
5.93e-08 -0.00223438
5.94e-08 -0.0015625
5.95e-08 -0.000437503
5.96e-08 0.000859372
5.97e-08 0.002
5.98e-08 0.00234375
5.99e-08 0.00225
6e-08 0.00203125
6.01e-08 0.00182812
6.02e-08 0.002
6.03e-08 0.002875
6.04e-08 0.004
6.05e-08 0.00510937
6.06e-08 0.00592187
6.07e-08 0.006
6.08e-08 0.00515625
6.09e-08 0.003625
6.1e-08 0.00167187
6.11e-08 -0.000296878
6.12e-08 -0.002
6.13e-08 -0.00298438
6.14e-08 -0.00321875
6.15e-08 -0.00304688
6.16e-08 -0.0025625
6.17e-08 -0.002
6.18e-08 -0.00176563
6.19e-08 -0.00171875
6.2e-08 -0.0018125
6.21e-08 -0.002
6.22e-08 -0.002
6.23e-08 -0.00170313
6.24e-08 -0.00107813
6.25e-08 -0.000203128
6.26e-08 0.000828122
6.27e-08 0.002
6.28e-08 0.0030625
6.29e-08 0.0039375
6.3e-08 0.00478125
6.31e-08 0.00545312
6.32e-08 0.006
6.33e-08 0.00648437
6.34e-08 0.00671875
6.35e-08 0.00673437
6.36e-08 0.00654687
6.37e-08 0.006
6.38e-08 0.00520312
6.39e-08 0.0043125
6.4e-08 0.00339062
6.41e-08 0.00260937
6.42e-08 0.002
6.43e-08 0.00160937
6.44e-08 0.0015
6.45e-08 0.0015625
6.46e-08 0.00175
6.47e-08 0.002
6.48e-08 0.00215625
6.49e-08 0.00223437
6.5e-08 0.00221875
6.51e-08 0.002125
6.52e-08 0.002
6.53e-08 0.001875
6.54e-08 0.0018125
6.55e-08 0.0018125
6.56e-08 0.001875
6.57e-08 0.002
6.58e-08 0.002125
6.59e-08 0.00221875
6.6e-08 0.00221875
6.61e-08 0.00214062
6.62e-08 0.002
6.63e-08 0.0018125
6.64e-08 0.00167187
6.65e-08 0.001625
6.66e-08 0.00167187
6.67e-08 0.002
6.68e-08 0.0025
6.69e-08 0.00321875
6.7e-08 0.004125
6.71e-08 0.00507812
6.72e-08 0.006
6.73e-08 0.00676562
6.74e-08 0.007125
6.75e-08 0.00714062
6.76e-08 0.00679687
6.77e-08 0.006
6.78e-08 0.00490625
6.79e-08 0.00379687
6.8e-08 0.0028125
6.81e-08 0.00217187
6.82e-08 0.002
6.83e-08 0.00225
6.84e-08 0.00296875
6.85e-08 0.0039375
6.86e-08 0.005
6.87e-08 0.006
6.88e-08 0.00667187
6.89e-08 0.00692187
6.9e-08 0.00689062
6.91e-08 0.00659375
6.92e-08 0.006
6.93e-08 0.00535937
6.94e-08 0.00464062
6.95e-08 0.00379687
6.96e-08 0.00295312
6.97e-08 0.002
6.98e-08 0.000968747
6.99e-08 6.24974e-05
