-3e-08 0.001375
-2.99e-08 0.002
-2.98e-08 0.002625
-2.97e-08 0.0029375
-2.96e-08 0.00298437
-2.95e-08 0.00270312
-2.94e-08 0.002
-2.93e-08 0.000968747
-2.92e-08 -0.000109378
-2.91e-08 -0.00110938
-2.9e-08 -0.00179688
-2.89e-08 -0.002
-2.88e-08 -0.0016875
-2.87e-08 -0.000906253
-2.86e-08 9.37474e-05
-2.85e-08 0.00109375
-2.84e-08 0.002
-2.83e-08 0.0025625
-2.82e-08 0.00275
-2.81e-08 0.00267187
-2.8e-08 0.002375
-2.79e-08 0.002
-2.78e-08 0.00171875
-2.77e-08 0.00157812
-2.76e-08 0.00159375
-2.75e-08 0.00176562
-2.74e-08 0.002
-2.73e-08 0.0021875
-2.72e-08 0.0023125
-2.71e-08 0.0023125
-2.7e-08 0.00220312
-2.69e-08 0.002
-2.68e-08 0.00171875
-2.67e-08 0.00151562
-2.66e-08 0.00145312
-2.65e-08 0.0015625
-2.64e-08 0.002
-2.63e-08 0.00267187
-2.62e-08 0.0035
-2.61e-08 0.00442187
-2.6e-08 0.00528125
-2.59e-08 0.006
-2.58e-08 0.0064375
-2.57e-08 0.0065625
-2.56e-08 0.00654687
-2.55e-08 0.006375
-2.54e-08 0.006
-2.53e-08 0.00560937
-2.52e-08 0.0050625
-2.51e-08 0.00425
-2.5e-08 0.00326562
-2.49e-08 0.002
-2.48e-08 0.000468747
-2.47e-08 -0.000843753
-2.46e-08 -0.00184375
-2.45e-08 -0.00234375
-2.44e-08 -0.002
-2.43e-08 -0.000937503
-2.42e-08 0.000703122
-2.41e-08 0.00260937
-2.4e-08 0.0044375
-2.39e-08 0.006
-2.38e-08 0.0069375
-2.37e-08 0.0071875
-2.36e-08 0.0070625
-2.35e-08 0.00665625
-2.34e-08 0.006
-2.33e-08 0.0055
-2.32e-08 0.00492187
-2.31e-08 0.00414062
-2.3e-08 0.00321875
-2.29e-08 0.002
-2.28e-08 0.000421872
-2.27e-08 -0.000953128
-2.26e-08 -0.00198438
-2.25e-08 -0.0024375
-2.24e-08 -0.002
-2.23e-08 -0.000718753
-2.22e-08 0.00110937
-2.21e-08 0.00310937
-2.2e-08 0.00484375
-2.19e-08 0.006
-2.18e-08 0.00625
-2.17e-08 0.00565625
-2.16e-08 0.0045625
-2.15e-08 0.00325
-2.14e-08 0.002
-2.13e-08 0.00125
-2.12e-08 0.00101562
-2.11e-08 0.001125
-2.1e-08 0.00151562
-2.09e-08 0.002
-2.08e-08 0.00221875
-2.07e-08 0.00228125
-2.06e-08 0.00223437
-2.05e-08 0.00209375
-2.04e-08 0.002
-2.03e-08 0.00209375
-2.02e-08 0.00223437
-2.01e-08 0.00228125
-2e-08 0.00220312
-1.99e-08 0.002
-1.98e-08 0.00154687
-1.97e-08 0.0011875
-1.96e-08 0.00107812
-1.95e-08 0.00129687
-1.94e-08 0.002
-1.93e-08 0.00315625
-1.92e-08 0.004375
-1.91e-08 0.0054375
-1.9e-08 0.00609375
-1.89e-08 0.006
-1.88e-08 0.00509375
-1.87e-08 0.00354687
-1.86e-08 0.00159375
-1.85e-08 -0.000375003
-1.84e-08 -0.002
-1.83e-08 -0.003
-1.82e-08 -0.00296875
-1.81e-08 -0.00203125
-1.8e-08 -0.000390628
-1.79e-08 0.002
-1.78e-08 0.00451562
-1.77e-08 0.00675
-1.76e-08 0.00860937
-1.75e-08 0.00978125
-1.74e-08 0.01
-1.73e-08 0.00946875
-1.72e-08 0.00809375
-1.71e-08 0.00621875
-1.7e-08 0.00415625
-1.69e-08 0.002
-1.68e-08 0.000109372
-1.67e-08 -0.00115625
-1.66e-08 -0.002
-1.65e-08 -0.00228125
-1.64e-08 -0.002
-1.63e-08 -0.00146875
-1.62e-08 -0.000640628
-1.61e-08 0.000296872
-1.6e-08 0.0011875
-1.59e-08 0.002
-1.58e-08 0.00267187
-1.57e-08 0.00298437
-1.56e-08 0.003
-1.55e-08 0.0026875
-1.54e-08 0.002
-1.53e-08 0.00110937
-1.52e-08 0.000156247
-1.51e-08 -0.000796878
-1.5e-08 -0.00157813
-1.49e-08 -0.002
-1.48e-08 -0.00209375
-1.47e-08 -0.00165625
-1.46e-08 -0.000765628
-1.45e-08 0.000437497
-1.44e-08 0.002
-1.43e-08 0.00370312
-1.42e-08 0.00509375
-1.41e-08 0.00604687
-1.4e-08 0.00639062
-1.39e-08 0.006
-1.38e-08 0.00496875
-1.37e-08 0.0036875
-1.36e-08 0.00260937
-1.35e-08 0.00198437
-1.34e-08 0.002
-1.33e-08 0.00278125
-1.32e-08 0.0039375
-1.31e-08 0.00504687
-1.3e-08 0.00582812
-1.29e-08 0.006
-1.28e-08 0.00526562
-1.27e-08 0.00409375
-1.26e-08 0.00292187
-1.25e-08 0.0020625
-1.24e-08 0.002
-1.23e-08 0.00295312
-1.22e-08 0.00460937
-1.21e-08 0.00665625
-1.2e-08 0.00865625
-1.19e-08 0.01
-1.18e-08 0.0103125
-1.17e-08 0.00939062
-1.16e-08 0.00748437
-1.15e-08 0.00492187
-1.14e-08 0.002
-1.13e-08 -0.000671878
-1.12e-08 -0.00248438
-1.11e-08 -0.00339063
-1.1e-08 -0.00325
-1.09e-08 -0.002
-1.08e-08 -0.000125003
-1.07e-08 0.00203125
-1.06e-08 0.004
-1.05e-08 0.00539062
-1.04e-08 0.006
-1.03e-08 0.00570312
-1.02e-08 0.00475
-1.01e-08 0.00360937
-1e-08 0.00257812
-9.9e-09 0.002
-9.8e-09 0.0021875
-9.7e-09 0.00295312
-9.6e-09 0.00404687
-9.5e-09 0.0051875
-9.4e-09 0.006
-9.3e-09 0.00609375
-9.2e-09 0.00554687
-9.1e-09 0.00453125
-9e-09 0.00325
-8.9e-09 0.002
-8.8e-09 0.00110937
-8.7e-09 0.000734372
-8.6e-09 0.000812497
-8.5e-09 0.00129687
-8.4e-09 0.002
-8.3e-09 0.00260937
-8.2e-09 0.00298437
-8.1e-09 0.00303125
-8e-09 0.00271875
-7.9e-09 0.002
-7.8e-09 0.00101562
-7.7e-09 -2.6226e-09
-7.6e-09 -0.000953128
-7.5e-09 -0.00164063
-7.4e-09 -0.002
-7.3e-09 -0.00195313
-7.2e-09 -0.0016875
-7.1e-09 -0.00153125
-7e-09 -0.00157813
-6.9e-09 -0.002
-6.8e-09 -0.00289063
-6.7e-09 -0.00392188
-6.6e-09 -0.00495313
-6.5e-09 -0.00575
-6.4e-09 -0.006
-6.3e-09 -0.00553125
-6.2e-09 -0.00457813
-6.1e-09 -0.00353125
-6e-09 -0.002625
-5.9e-09 -0.002
-5.8e-09 -0.00196875
-5.7e-09 -0.00223438
-5.6e-09 -0.00246875
-5.5e-09 -0.00253125
-5.4e-09 -0.002
-5.3e-09 -0.000718753
-5.2e-09 0.000984372
-5.1e-09 0.00289062
-5e-09 0.00464062
-4.9e-09 0.006
-4.8e-09 0.00660937
-4.7e-09 0.00659375
-4.6e-09 0.006375
-4.5e-09 0.0060625
-4.4e-09 0.006
-4.3e-09 0.0064375
-4.2e-09 0.00721875
-4.1e-09 0.00823437
-4e-09 0.00929687
-3.9e-09 0.01
-3.8e-09 0.0100937
-3.7e-09 0.0095625
-3.6e-09 0.00860937
-3.5e-09 0.00739062
-3.4e-09 0.006
-3.3e-09 0.00478125
-3.2e-09 0.00382812
-3.1e-09 0.00301562
-3e-09 0.00242187
-2.9e-09 0.002
-2.8e-09 0.00151562
-2.7e-09 0.00128125
-2.6e-09 0.00128125
-2.5e-09 0.00153125
-2.4e-09 0.002
-2.3e-09 0.00267187
-2.2e-09 0.0031875
-2.1e-09 0.00328125
-2e-09 0.00292187
-1.9e-09 0.002
-1.8e-09 0.000546872
-1.7e-09 -0.000875003
-1.6e-09 -0.002
-1.5e-09 -0.00253125
-1.4e-09 -0.002
-1.3e-09 -0.000484378
-1.2e-09 0.00185937
-1.1e-09 0.00473437
-1e-09 0.00759375
-9e-10 0.01
-8e-10 0.0115469
-7e-10 0.0117187
-6e-10 0.01075
-5e-10 0.0088125
-4e-10 0.006
-3e-10 0.00296875
-2e-10 0.000374997
-1e-10 -0.00151563
0 -0.002375
1e-10 -0.002
2e-10 -0.000671878
3e-10 0.00129687
4e-10 0.003375
5e-10 0.00509375
6e-10 0.006
7e-10 0.00584375
8e-10 0.004625
9e-10 0.00267187
1e-09 0.000390622
1.1e-09 -0.002
1.2e-09 -0.00389063
1.3e-09 -0.00509375
1.4e-09 -0.00589063
1.5e-09 -0.00617188
1.6e-09 -0.006
1.7e-09 -0.00584375
1.8e-09 -0.00534375
1.9e-09 -0.00454688
2e-09 -0.00354688
2.1e-09 -0.002
2.2e-09 1.56224e-05
2.3e-09 0.00201562
2.4e-09 0.00389062
2.5e-09 0.00529687
2.6e-09 0.006
2.7e-09 0.00595312
2.8e-09 0.00520312
2.9e-09 0.00414062
3e-09 0.00301562
3.1e-09 0.002
3.2e-09 0.0014375
3.3e-09 0.0013125
3.4e-09 0.00140625
3.5e-09 0.0016875
3.6e-09 0.002
3.7e-09 0.00209375
3.8e-09 0.00209375
3.9e-09 0.00201562
4e-09 0.00189062
4.1e-09 0.002
4.2e-09 0.002375
4.3e-09 0.00303125
4.4e-09 0.00396875
4.5e-09 0.005
4.6e-09 0.006
4.7e-09 0.00675
4.8e-09 0.00707812
4.9e-09 0.00707812
5e-09 0.00675
5.1e-09 0.006
5.2e-09 0.00501562
5.3e-09 0.00398437
5.4e-09 0.00303125
5.5e-09 0.00232812
5.6e-09 0.002
5.7e-09 0.00167187
5.8e-09 0.00217187
5.9e-09 0.00390625
6e-09 0.00660937
6.1e-09 0.01
6.2e-09 0.0132812
6.3e-09 0.015875
6.4e-09 0.0179062
6.5e-09 0.0189687
6.6e-09 0.018
6.7e-09 0.0146719
6.8e-09 0.0103125
6.9e-09 0.006375
7e-09 0.003625
7.1e-09 0.002
7.2e-09 0.00234375
7.3e-09 0.0029375
7.4e-09 0.00235937
7.5e-09 0.000156247
7.6e-09 -0.006
7.7e-09 -0.0157656
7.8e-09 -0.0277813
7.9e-09 -0.0409531
8e-09 -0.05325
8.1e-09 -0.066
8.2e-09 -0.07575
8.3e-09 -0.0857188
8.4e-09 -0.100406
8.5e-09 -0.118469
8.6e-09 -0.142
8.7e-09 -0.170172
8.8e-09 -0.195031
8.9e-09 -0.215891
9e-09 -0.2285
9.1e-09 -0.226
9.2e-09 -0.209328
9.3e-09 -0.180547
9.4e-09 -0.145531
9.5e-09 -0.11075
9.6e-09 -0.078
9.7e-09 -0.053625
9.8e-09 -0.040375
9.9e-09 -0.0341563
1e-08 -0.03475
1.01e-08 -0.038
1.02e-08 -0.0382188
1.03e-08 -0.0364531
1.04e-08 -0.0313281
1.05e-08 -0.0235625
1.06e-08 -0.014
1.07e-08 -0.00517188
1.08e-08 0.0020625
1.09e-08 0.00798437
1.1e-08 0.0117969
1.11e-08 0.014
1.12e-08 0.0152812
1.13e-08 0.0155156
1.14e-08 0.0160469
1.15e-08 0.0169375
1.16e-08 0.018
1.17e-08 0.0188594
1.18e-08 0.0199062
1.19e-08 0.0217031
1.2e-08 0.0239844
1.21e-08 0.026
1.22e-08 0.0269844
1.23e-08 0.0271406
1.24e-08 0.0269687
1.25e-08 0.0265625
1.26e-08 0.026
1.27e-08 0.0254531
1.28e-08 0.025125
1.29e-08 0.0251562
1.3e-08 0.0255469
1.31e-08 0.026
1.32e-08 0.0261875
1.33e-08 0.0262187
1.34e-08 0.0262344
1.35e-08 0.0262031
1.36e-08 0.026
1.37e-08 0.0256875
1.38e-08 0.0251562
1.39e-08 0.0243281
1.4e-08 0.0233125
1.41e-08 0.022
1.42e-08 0.0204062
1.43e-08 0.0190781
1.44e-08 0.0181094
1.45e-08 0.0177031
1.46e-08 0.018
1.47e-08 0.0189062
1.48e-08 0.0200937
1.49e-08 0.0211719
1.5e-08 0.021875
1.51e-08 0.022
1.52e-08 0.0213437
1.53e-08 0.0202812
1.54e-08 0.0191875
1.55e-08 0.0183281
1.56e-08 0.018
1.57e-08 0.0184375
1.58e-08 0.0193906
1.59e-08 0.0205156
1.6e-08 0.0215625
1.61e-08 0.022
1.62e-08 0.0215937
1.63e-08 0.0203594
1.64e-08 0.0184531
1.65e-08 0.0162344
1.66e-08 0.014
1.67e-08 0.0121875
1.68e-08 0.0112969
1.69e-08 0.0113281
1.7e-08 0.0122656
1.71e-08 0.014
1.72e-08 0.0160781
1.73e-08 0.017875
1.74e-08 0.019
1.75e-08 0.0191562
1.76e-08 0.018
1.77e-08 0.0157187
1.78e-08 0.0128437
1.79e-08 0.00990625
1.8e-08 0.0075
1.81e-08 0.006
1.82e-08 0.00576562
1.83e-08 0.00660937
1.84e-08 0.00784375
1.85e-08 0.009125
1.86e-08 0.01
1.87e-08 0.00985937
1.88e-08 0.00904687
1.89e-08 0.00792187
1.9e-08 0.00673437
1.91e-08 0.006
1.92e-08 0.00617187
1.93e-08 0.00696875
1.94e-08 0.00807812
1.95e-08 0.00921875
1.96e-08 0.01
1.97e-08 0.01
1.98e-08 0.009375
1.99e-08 0.00832812
2e-08 0.00710937
2.01e-08 0.006
2.02e-08 0.00542187
2.03e-08 0.00529687
2.04e-08 0.00545312
2.05e-08 0.00579687
2.06e-08 0.006
2.07e-08 0.00584375
2.08e-08 0.00532812
2.09e-08 0.00440625
2.1e-08 0.00323437
2.11e-08 0.002
2.12e-08 0.000859372
2.13e-08 0.000218747
2.14e-08 0.000140622
2.15e-08 0.000671872
2.16e-08 0.002
2.17e-08 0.00384375
2.18e-08 0.00584375
2.19e-08 0.00775
2.2e-08 0.00920312
2.21e-08 0.01
2.22e-08 0.0100781
2.23e-08 0.00942187
2.24e-08 0.00840625
2.25e-08 0.00723437
2.26e-08 0.006
2.27e-08 0.00517187
2.28e-08 0.0045625
2.29e-08 0.00382812
2.3e-08 0.00304687
2.31e-08 0.002
2.32e-08 0.000515622
2.33e-08 -0.000828128
2.34e-08 -0.00190625
2.35e-08 -0.00246875
2.36e-08 -0.002
2.37e-08 -0.000578128
2.38e-08 0.0016875
2.39e-08 0.00448437
2.4e-08 0.00729687
2.41e-08 0.01
2.42e-08 0.012
2.43e-08 0.0131562
2.44e-08 0.0138594
2.45e-08 0.0140781
2.46e-08 0.014
2.47e-08 0.0139844
2.48e-08 0.0139219
2.49e-08 0.0139531
2.5e-08 0.0140625
2.51e-08 0.014
2.52e-08 0.0137031
2.53e-08 0.0131406
2.54e-08 0.0122969
2.55e-08 0.0112656
2.56e-08 0.01
2.57e-08 0.00860937
2.58e-08 0.0074375
2.59e-08 0.00654687
2.6e-08 0.00607812
2.61e-08 0.006
2.62e-08 0.0061875
2.63e-08 0.0065
2.64e-08 0.00665625
2.65e-08 0.00654687
2.66e-08 0.006
2.67e-08 0.0049375
2.68e-08 0.00376562
2.69e-08 0.00273437
2.7e-08 0.0020625
2.71e-08 0.002
2.72e-08 0.00264062
2.73e-08 0.0036875
2.74e-08 0.00479687
2.75e-08 0.00571875
2.76e-08 0.006
2.77e-08 0.00551562
2.78e-08 0.00425
2.79e-08 0.00234375
2.8e-08 0.000140622
2.81e-08 -0.002
2.82e-08 -0.00367188
2.83e-08 -0.00445313
2.84e-08 -0.00440625
2.85e-08 -0.0035625
2.86e-08 -0.002
2.87e-08 -0.000109378
2.88e-08 0.0015625
2.89e-08 0.002625
2.9e-08 0.00282812
2.91e-08 0.002
2.92e-08 0.000296872
2.93e-08 -0.00179688
2.94e-08 -0.00384375
2.95e-08 -0.00540625
2.96e-08 -0.006
2.97e-08 -0.00542188
2.98e-08 -0.003875
2.99e-08 -0.00185938
3e-08 0.000203122
3.01e-08 0.002
3.02e-08 0.00295312
3.03e-08 0.00314062
3.04e-08 0.00290625
3.05e-08 0.002375
3.06e-08 0.002
3.07e-08 0.0021875
3.08e-08 0.00279687
3.09e-08 0.00378125
3.1e-08 0.0049375
3.11e-08 0.006
3.12e-08 0.00659375
3.13e-08 0.00676562
3.14e-08 0.00665625
3.15e-08 0.00635937
3.16e-08 0.006
3.17e-08 0.00582812
3.18e-08 0.00576562
3.19e-08 0.0058125
3.2e-08 0.0059375
3.21e-08 0.006
3.22e-08 0.0058125
3.23e-08 0.00560937
3.24e-08 0.0055625
3.25e-08 0.0056875
3.26e-08 0.006
3.27e-08 0.00651562
3.28e-08 0.00692187
3.29e-08 0.00703125
3.3e-08 0.00678125
3.31e-08 0.006
3.32e-08 0.00464062
3.33e-08 0.00325
3.34e-08 0.0021875
3.35e-08 0.00170312
3.36e-08 0.002
3.37e-08 0.00314062
3.38e-08 0.00457812
3.39e-08 0.0058125
3.4e-08 0.00646875
3.41e-08 0.006
3.42e-08 0.00423437
3.43e-08 0.00164062
3.44e-08 -0.0013125
3.45e-08 -0.00403125
3.46e-08 -0.006
3.47e-08 -0.00671875
3.48e-08 -0.00621875
3.49e-08 -0.0050625
3.5e-08 -0.00353125
3.51e-08 -0.002
3.52e-08 -0.00114063
3.53e-08 -0.000875003
3.54e-08 -0.00101563
3.55e-08 -0.0015
3.56e-08 -0.002
3.57e-08 -0.00207813
3.58e-08 -0.002
3.59e-08 -0.001875
3.6e-08 -0.00179688
3.61e-08 -0.002
3.62e-08 -0.00260938
3.63e-08 -0.0034375
3.64e-08 -0.0044375
3.65e-08 -0.00540625
3.66e-08 -0.006
3.67e-08 -0.0060625
3.68e-08 -0.00554688
3.69e-08 -0.00459375
3.7e-08 -0.00340625
3.71e-08 -0.002
3.72e-08 -0.000718753
3.73e-08 0.000312497
3.74e-08 0.00115625
3.75e-08 0.00170312
3.76e-08 0.002
3.77e-08 0.00215625
3.78e-08 0.002125
3.79e-08 0.00204687
3.8e-08 0.00195312
3.81e-08 0.002
3.82e-08 0.002125
3.83e-08 0.00253125
3.84e-08 0.003375
3.85e-08 0.00451562
3.86e-08 0.006
3.87e-08 0.00765625
3.88e-08 0.00903125
3.89e-08 0.0100312
3.9e-08 0.0104531
3.91e-08 0.01
3.92e-08 0.00879687
3.93e-08 0.0070625
3.94e-08 0.00514062
3.95e-08 0.00340625
3.96e-08 0.002
3.97e-08 0.00115625
3.98e-08 0.000984372
3.99e-08 0.001125
4e-08 0.00151562
4.01e-08 0.002
4.02e-08 0.00220312
4.03e-08 0.00225
4.04e-08 0.00217187
4.05e-08 0.002
4.06e-08 0.002
4.07e-08 0.00223437
4.08e-08 0.00278125
4.09e-08 0.0036875
4.1e-08 0.0048125
4.11e-08 0.006
4.12e-08 0.0070625
4.13e-08 0.00764062
4.14e-08 0.00767187
4.15e-08 0.00714062
4.16e-08 0.006
4.17e-08 0.00445312
4.18e-08 0.003
4.19e-08 0.0019375
4.2e-08 0.0015
4.21e-08 0.002
4.22e-08 0.00334375
4.23e-08 0.00523437
4.24e-08 0.00726562
4.25e-08 0.00903125
4.26e-08 0.01
4.27e-08 0.00992187
4.28e-08 0.00876562
4.29e-08 0.00682812
4.3e-08 0.0045
4.31e-08 0.002
4.32e-08 -9.37526e-05
4.33e-08 -0.00146875
4.34e-08 -0.00228125
4.35e-08 -0.0024375
4.36e-08 -0.002
4.37e-08 -0.0014375
4.38e-08 -0.000625003
4.39e-08 0.000281247
4.4e-08 0.00115625
4.41e-08 0.002
4.42e-08 0.0028125
4.43e-08 0.00326562
4.44e-08 0.00329687
4.45e-08 0.00290625
4.46e-08 0.002
4.47e-08 0.000734372
4.48e-08 -0.000515628
4.49e-08 -0.00153125
4.5e-08 -0.00207813
4.51e-08 -0.002
4.52e-08 -0.00126563
4.53e-08 -0.000171878
4.54e-08 0.000906247
4.55e-08 0.00170312
4.56e-08 0.002
4.57e-08 0.00159375
4.58e-08 0.000703122
4.59e-08 -0.000375003
4.6e-08 -0.00139063
4.61e-08 -0.002
4.62e-08 -0.00196875
4.63e-08 -0.00132813
4.64e-08 -0.000296878
4.65e-08 0.000874997
4.66e-08 0.002
4.67e-08 0.00267187
4.68e-08 0.00290625
4.69e-08 0.0028125
4.7e-08 0.00245312
4.71e-08 0.002
4.72e-08 0.00171875
4.73e-08 0.00159375
4.74e-08 0.001625
4.75e-08 0.00179687
4.76e-08 0.002
4.77e-08 0.00207812
4.78e-08 0.00209375
4.79e-08 0.00207812
4.8e-08 0.00203125
4.81e-08 0.002
4.82e-08 0.002
4.83e-08 0.00201562
4.84e-08 0.00203125
4.85e-08 0.00201562
4.86e-08 0.002
4.87e-08 0.0019375
4.88e-08 0.001875
4.89e-08 0.001875
4.9e-08 0.00190625
4.91e-08 0.002
4.92e-08 0.002125
4.93e-08 0.00221875
4.94e-08 0.00226562
4.95e-08 0.00223437
4.96e-08 0.002
4.97e-08 0.001625
4.98e-08 0.00104687
4.99e-08 0.000156247
5e-08 -0.000890628
5.01e-08 -0.002
5.02e-08 -0.00314063
5.03e-08 -0.00379688
5.04e-08 -0.00389063
5.05e-08 -0.00335938
5.06e-08 -0.002
5.07e-08 -7.81276e-05
5.08e-08 0.00201562
5.09e-08 0.0039375
5.1e-08 0.00534375
5.11e-08 0.006
5.12e-08 0.00578125
5.13e-08 0.004875
5.14e-08 0.00373437
5.15e-08 0.00267187
5.16e-08 0.002
5.17e-08 0.00203125
5.18e-08 0.00267187
5.19e-08 0.00373437
5.2e-08 0.00498437
5.21e-08 0.006
5.22e-08 0.00646875
5.23e-08 0.00621875
5.24e-08 0.00528125
5.25e-08 0.00384375
5.26e-08 0.002
5.27e-08 0.000156247
5.28e-08 -0.00128125
5.29e-08 -0.00220313
5.3e-08 -0.00245313
5.31e-08 -0.002
5.32e-08 -0.00104688
5.33e-08 0.000140622
5.34e-08 0.0011875
5.35e-08 0.001875
5.36e-08 0.002
5.37e-08 0.0014375
5.38e-08 0.000468747
5.39e-08 -0.000609378
5.4e-08 -0.00154688
5.41e-08 -0.002
5.42e-08 -0.00175
5.43e-08 -0.000953128
5.44e-08 7.81224e-05
5.45e-08 0.00114062
5.46e-08 0.002
5.47e-08 0.00229687
5.48e-08 0.00221875
5.49e-08 0.00204687
5.5e-08 0.001875
5.51e-08 0.002
5.52e-08 0.00265625
5.53e-08 0.00357812
5.54e-08 0.00460937
5.55e-08 0.00551562
5.56e-08 0.006
5.57e-08 0.00582812
5.58e-08 0.005125
5.59e-08 0.004125
5.6e-08 0.00301562
5.61e-08 0.002
5.62e-08 0.001375
5.63e-08 0.00117187
5.64e-08 0.00126562
5.65e-08 0.00159375
5.66e-08 0.002
5.67e-08 0.00217187
5.68e-08 0.00221875
5.69e-08 0.00217187
5.7e-08 0.00207812
5.71e-08 0.002
5.72e-08 0.00207812
5.73e-08 0.00217187
5.74e-08 0.00221875
5.75e-08 0.00217187
5.76e-08 0.002
5.77e-08 0.00160937
5.78e-08 0.00129687
5.79e-08 0.00123437
5.8e-08 0.00145312
5.81e-08 0.002
5.82e-08 0.00292187
5.83e-08 0.00365625
5.84e-08 0.00384375
5.85e-08 0.003375
5.86e-08 0.002
5.87e-08 -0.000265628
5.88e-08 -0.00265625
5.89e-08 -0.00473438
5.9e-08 -0.00604688
5.91e-08 -0.006
5.92e-08 -0.00453125
5.93e-08 -0.00198438
5.94e-08 0.000999997
5.95e-08 0.00384375
5.96e-08 0.006
5.97e-08 0.00689062
5.98e-08 0.0065
5.99e-08 0.00532812
6e-08 0.0036875
6.01e-08 0.002
6.02e-08 0.000953122
6.03e-08 0.000562497
6.04e-08 0.000703122
6.05e-08 0.00126562
6.06e-08 0.002
6.07e-08 0.00242187
6.08e-08 0.002625
6.09e-08 0.00257812
6.1e-08 0.00232812
6.11e-08 0.002
6.12e-08 0.00176562
6.13e-08 0.00165625
6.14e-08 0.0016875
6.15e-08 0.0018125
6.16e-08 0.002
6.17e-08 0.002125
6.18e-08 0.00220312
6.19e-08 0.0021875
6.2e-08 0.00210937
6.21e-08 0.002
6.22e-08 0.001875
6.23e-08 0.00179687
6.24e-08 0.00178125
6.25e-08 0.00184375
6.26e-08 0.002
6.27e-08 0.00225
6.28e-08 0.0024375
6.29e-08 0.00251562
6.3e-08 0.00240625
6.31e-08 0.002
6.32e-08 0.0013125
6.33e-08 0.000484372
6.34e-08 -0.000484378
6.35e-08 -0.00139063
6.36e-08 -0.002
6.37e-08 -0.00232813
6.38e-08 -0.00203125
6.39e-08 -0.0011875
6.4e-08 0.000109372
6.41e-08 0.002
6.42e-08 0.00410937
6.43e-08 0.00610937
6.44e-08 0.0079375
6.45e-08 0.00929687
6.46e-08 0.01
6.47e-08 0.0100625
6.48e-08 0.00942187
6.49e-08 0.00842187
6.5e-08 0.00728125
6.51e-08 0.006
6.52e-08 0.00495312
6.53e-08 0.00410937
6.54e-08 0.0033125
6.55e-08 0.00264062
6.56e-08 0.002
6.57e-08 0.00117187
6.58e-08 0.000656247
6.59e-08 0.000578122
6.6e-08 0.000968747
6.61e-08 0.002
6.62e-08 0.00359375
6.63e-08 0.00514062
6.64e-08 0.00625
6.65e-08 0.00665625
6.66e-08 0.006
6.67e-08 0.0041875
6.68e-08 0.00192187
6.69e-08 -0.000187503
6.7e-08 -0.00167188
6.71e-08 -0.002
6.72e-08 -0.000859378
6.73e-08 0.00115625
6.74e-08 0.00334375
6.75e-08 0.00515625
6.76e-08 0.006
6.77e-08 0.00532812
6.78e-08 0.003625
6.79e-08 0.0015
6.8e-08 -0.000578128
6.81e-08 -0.002
6.82e-08 -0.00209375
6.83e-08 -0.00125
6.84e-08 -3.12526e-05
6.85e-08 0.00123437
6.86e-08 0.002
6.87e-08 0.00159375
6.88e-08 0.000578122
6.89e-08 -0.000625003
6.9e-08 -0.00170313
6.91e-08 -0.002
6.92e-08 -0.00109375
6.93e-08 0.000593747
6.94e-08 0.00264062
6.95e-08 0.00460937
6.96e-08 0.006
6.97e-08 0.00628125
6.98e-08 0.00564062
6.99e-08 0.00451562
