-3e-08 -0.00184375
-2.99e-08 -0.002
-2.98e-08 0.00176562
-2.97e-08 0.00546875
-2.96e-08 0.00507812
-2.95e-08 0.00109375
-2.94e-08 -0.002
-2.93e-08 -0.000734378
-2.92e-08 0.0016875
-2.91e-08 0.000921872
-2.9e-08 -0.0030625
-2.89e-08 -0.006
-2.88e-08 -0.00407813
-2.87e-08 0.000171872
-2.86e-08 0.00271875
-2.85e-08 0.00239062
-2.84e-08 0.002
-2.83e-08 0.0040625
-2.82e-08 0.00603125
-2.81e-08 0.00482812
-2.8e-08 0.000937497
-2.79e-08 -0.002
-2.78e-08 -0.00125
-2.77e-08 0.00115625
-2.76e-08 0.00195312
-2.75e-08 0.000140622
-2.74e-08 -0.002
-2.73e-08 -0.00178125
-2.72e-08 0.000578122
-2.71e-08 0.0030625
-2.7e-08 0.0035625
-2.69e-08 0.002
-2.68e-08 -0.000312503
-2.67e-08 -0.001875
-2.66e-08 -0.00171875
-2.65e-08 -3.12526e-05
-2.64e-08 0.002
-2.63e-08 0.003
-2.62e-08 0.00265625
-2.61e-08 0.00128125
-2.6e-08 -0.000390628
-2.59e-08 -0.002
-2.58e-08 -0.0031875
-2.57e-08 -0.002875
-2.56e-08 -0.000781253
-2.55e-08 0.00146875
-2.54e-08 0.002
-2.53e-08 0.000265622
-2.52e-08 -0.00165625
-2.51e-08 -0.00165625
-2.5e-08 0.000265622
-2.49e-08 0.002
-2.48e-08 0.00159375
-2.47e-08 -0.000687503
-2.46e-08 -0.00304688
-2.45e-08 -0.0035625
-2.44e-08 -0.002
-2.43e-08 0.000421872
-2.42e-08 0.00189062
-2.41e-08 0.00164062
-2.4e-08 0.000999997
-2.39e-08 0.002
-2.38e-08 0.00498437
-2.37e-08 0.00659375
-2.36e-08 0.0041875
-2.35e-08 -0.000218753
-2.34e-08 -0.002
-2.33e-08 0.00129687
-2.32e-08 0.00529687
-2.31e-08 0.00501562
-2.3e-08 0.000828122
-2.29e-08 -0.002
-2.28e-08 0.000562497
-2.27e-08 0.00484375
-2.26e-08 0.0055625
-2.25e-08 0.00184375
-2.24e-08 -0.002
-2.23e-08 -0.0015625
-2.22e-08 0.00103125
-2.21e-08 0.001875
-2.2e-08 -7.81276e-05
-2.19e-08 -0.002
-2.18e-08 -0.000953128
-2.17e-08 0.00120312
-2.16e-08 0.00203125
-2.15e-08 0.0015
-2.14e-08 0.002
-2.13e-08 0.00473437
-2.12e-08 0.00653125
-2.11e-08 0.00420312
-2.1e-08 -0.001375
-2.09e-08 -0.006
-2.08e-08 -0.00573438
-2.07e-08 -0.0010625
-2.06e-08 0.00465625
-2.05e-08 0.00729687
-2.04e-08 0.006
-2.03e-08 0.00239062
-2.02e-08 -0.00104688
-2.01e-08 -0.00234375
-2e-08 -0.000921878
-1.99e-08 0.002
-1.98e-08 0.00464062
-1.97e-08 0.00590625
-1.96e-08 0.00592187
-1.95e-08 0.00565625
-1.94e-08 0.006
-1.93e-08 0.00657812
-1.92e-08 0.00653125
-1.91e-08 0.0050625
-1.9e-08 0.003
-1.89e-08 0.002
-1.88e-08 0.0030625
-1.87e-08 0.005125
-1.86e-08 0.006375
-1.85e-08 0.0063125
-1.84e-08 0.006
-1.83e-08 0.00592187
-1.82e-08 0.004
-1.81e-08 -0.000750003
-1.8e-08 -0.005375
-1.79e-08 -0.006
-1.78e-08 -0.0011875
-1.77e-08 0.00448437
-1.76e-08 0.0059375
-1.75e-08 0.00234375
-1.74e-08 -0.002
-1.73e-08 -0.00253125
-1.72e-08 0.000234372
-1.71e-08 0.00320312
-1.7e-08 0.0036875
-1.69e-08 0.002
-1.68e-08 7.81224e-05
-1.67e-08 -0.00145313
-1.66e-08 -0.00254688
-1.65e-08 -0.00284375
-1.64e-08 -0.002
-1.63e-08 -0.000203128
-1.62e-08 0.00145312
-1.61e-08 0.00225
-1.6e-08 0.00217187
-1.59e-08 0.002
-1.58e-08 0.00217187
-1.57e-08 0.00225
-1.56e-08 0.00148437
-1.55e-08 -0.000140628
-1.54e-08 -0.002
-1.53e-08 -0.00303125
-1.52e-08 -0.00270313
-1.51e-08 -0.0011875
-1.5e-08 0.000624997
-1.49e-08 0.002
-1.48e-08 0.0025625
-1.47e-08 0.0023125
-1.46e-08 0.00167187
-1.45e-08 0.00142187
-1.44e-08 0.002
-1.43e-08 0.00295312
-1.42e-08 0.00278125
-1.41e-08 0.000734372
-1.4e-08 -0.00159375
-1.39e-08 -0.002
-1.38e-08 0.000140622
-1.37e-08 0.00196875
-1.36e-08 0.00101562
-1.35e-08 -0.00153125
-1.34e-08 -0.002
-1.33e-08 0.00167187
-1.32e-08 0.0054375
-1.31e-08 0.00504687
-1.3e-08 0.000999997
-1.29e-08 -0.002
-1.28e-08 -0.000593753
-1.27e-08 0.00178125
-1.26e-08 0.000781247
-1.25e-08 -0.00335938
-1.24e-08 -0.006
-1.23e-08 -0.0030625
-1.22e-08 0.00315625
-1.21e-08 0.00770312
-1.2e-08 0.00685937
-1.19e-08 0.002
-1.18e-08 -0.00310938
-1.17e-08 -0.005875
-1.16e-08 -0.00559375
-1.15e-08 -0.00360938
-1.14e-08 -0.002
-1.13e-08 -0.00173438
-1.12e-08 -0.0020625
-1.11e-08 -0.0015625
-1.1e-08 0.000124997
-1.09e-08 0.002
-1.08e-08 0.00271875
-1.07e-08 0.00234375
-1.06e-08 0.0018125
-1.05e-08 0.00176562
-1.04e-08 0.002
-1.03e-08 0.002
-1.02e-08 0.002
-1.01e-08 0.002
-1e-08 0.002
-9.9e-09 0.002
-9.8e-09 0.00185937
-9.7e-09 0.0018125
-9.6e-09 0.00228125
-9.5e-09 0.00370312
-9.4e-09 0.006
-9.3e-09 0.008
-9.2e-09 0.00759375
-9.1e-09 0.00364062
-9e-09 -0.00190625
-8.9e-09 -0.006
-8.8e-09 -0.0064375
-8.7e-09 -0.00385938
-8.6e-09 -0.000468753
-8.5e-09 0.0015
-8.4e-09 0.002
-8.3e-09 0.00210937
-8.2e-09 0.00207812
-8.1e-09 0.00178125
-8e-09 0.00159375
-7.9e-09 0.002
-7.8e-09 0.00242187
-7.7e-09 0.000312497
-7.6e-09 -0.005125
-7.5e-09 -0.0100313
-7.4e-09 -0.01
-7.3e-09 -0.00417188
-7.2e-09 0.00129687
-7.1e-09 0.000640622
-7e-09 -0.00529688
-6.9e-09 -0.01
-6.8e-09 -0.00821875
-6.7e-09 -0.00359375
-6.6e-09 -0.00201563
-6.5e-09 -0.00545313
-6.4e-09 -0.01
-6.3e-09 -0.0105313
-6.2e-09 -0.00776563
-6.1e-09 -0.00479688
-6e-09 -0.00434375
-5.9e-09 -0.006
-5.8e-09 -0.00748438
-5.7e-09 -0.00707813
-5.6e-09 -0.00451563
-5.5e-09 -0.00207813
-5.4e-09 -0.002
-5.3e-09 -0.0040625
-5.2e-09 -0.003875
-5.1e-09 0.00120312
-5e-09 0.00778125
-4.9e-09 0.01
-4.8e-09 0.004625
-4.7e-09 -0.00334375
-4.6e-09 -0.00676563
-4.5e-09 -0.00235938
-4.4e-09 0.006
-4.3e-09 0.0112187
-4.2e-09 0.0094375
-4.1e-09 0.00179687
-4e-09 -0.00514063
-3.9e-09 -0.006
-3.8e-09 4.68724e-05
-3.7e-09 0.00760937
-3.6e-09 0.010625
-3.5e-09 0.00734375
-3.4e-09 0.002
-3.3e-09 -0.000250003
-3.2e-09 0.000874997
-3.1e-09 0.00264062
-3e-09 0.00279687
-2.9e-09 0.002
-2.8e-09 0.00228125
-2.7e-09 0.00442187
-2.6e-09 0.00757812
-2.5e-09 0.0098125
-2.4e-09 0.01
-2.3e-09 0.00776562
-2.2e-09 0.00398437
-2.1e-09 0.000281247
-2e-09 -0.00170313
-1.9e-09 -0.002
-1.8e-09 -0.001625
-1.7e-09 -0.00170313
-1.6e-09 -0.0025
-1.5e-09 -0.00301563
-1.4e-09 -0.002
-1.3e-09 0.0010625
-1.2e-09 0.00460937
-1.1e-09 0.00689062
-1e-09 0.00704687
-9e-10 0.006
-8e-10 0.0048125
-7e-10 0.00314062
-6e-10 0.000531247
-5e-10 -0.00176563
-4e-10 -0.002
-3e-10 0.000531247
-2e-10 0.00434375
-1e-10 0.00703125
0 0.00725
1e-10 0.006
2e-10 0.00459375
3e-10 0.00298437
4e-10 0.000765622
5e-10 -0.00125
6e-10 -0.002
7e-10 -0.00128125
8e-10 -0.00128125
9e-10 -0.00339063
1e-09 -0.00595313
1.1e-09 -0.006
1.2e-09 -0.00235938
1.3e-09 0.00132812
1.4e-09 0.00145312
1.5e-09 -0.00215625
1.6e-09 -0.006
1.7e-09 -0.006375
1.8e-09 -0.00371875
1.9e-09 -0.000718753
2e-09 -0.000156253
2.1e-09 -0.002
2.2e-09 -0.00398438
2.3e-09 -0.00351563
2.4e-09 0.000156247
2.5e-09 0.00439062
2.6e-09 0.006
2.7e-09 0.0035
2.8e-09 -0.000531253
2.9e-09 -0.00254688
3e-09 -0.00104688
3.1e-09 0.002
3.2e-09 0.00348437
3.3e-09 0.00282812
3.4e-09 0.00125
3.5e-09 0.000718747
3.6e-09 0.002
3.7e-09 0.00425
3.8e-09 0.005875
3.9e-09 0.00559375
4e-09 0.00376562
4.1e-09 0.002
4.2e-09 0.00154687
4.3e-09 0.00184375
4.4e-09 0.0018125
4.5e-09 0.00148437
4.6e-09 0.002
4.7e-09 0.00401562
4.8e-09 0.00578125
4.9e-09 0.00557812
5e-09 0.00367187
5.1e-09 0.002
5.2e-09 0.00198437
5.3e-09 0.00225
5.4e-09 0.00123437
5.5e-09 -0.000796878
5.6e-09 -0.002
5.7e-09 -0.000531253
5.8e-09 0.00353125
5.9e-09 0.00825
6e-09 0.0106719
6.1e-09 0.01
6.2e-09 0.00728125
6.3e-09 0.00571875
6.4e-09 0.007125
6.5e-09 0.00973437
6.6e-09 0.01
6.7e-09 0.00614062
6.8e-09 0.000531247
6.9e-09 -0.004
7e-09 -0.004625
7.1e-09 -0.002
7.2e-09 -0.00128125
7.3e-09 -0.0016875
7.4e-09 -0.0029375
7.5e-09 -0.000531253
7.6e-09 0.01
7.7e-09 0.0234531
7.8e-09 0.03225
7.9e-09 0.0232969
8e-09 -0.007375
8.1e-09 -0.054
8.2e-09 -0.106094
8.3e-09 -0.156047
8.4e-09 -0.197375
8.5e-09 -0.222438
8.6e-09 -0.234
8.7e-09 -0.229984
8.8e-09 -0.218391
8.9e-09 -0.200484
9e-09 -0.181875
9.1e-09 -0.166
9.2e-09 -0.148219
9.3e-09 -0.131078
9.4e-09 -0.112
9.5e-09 -0.0945156
9.6e-09 -0.082
9.7e-09 -0.0742969
9.8e-09 -0.0689688
9.9e-09 -0.0625469
1e-08 -0.0535156
1.01e-08 -0.042
1.02e-08 -0.0322969
1.03e-08 -0.0248594
1.04e-08 -0.0197813
1.05e-08 -0.0157656
1.06e-08 -0.01
1.07e-08 -0.0033125
1.08e-08 0.00335937
1.09e-08 0.00770312
1.1e-08 0.0090625
1.11e-08 0.01
1.12e-08 0.012
1.13e-08 0.0156562
1.14e-08 0.0200625
1.15e-08 0.0245312
1.16e-08 0.03
1.17e-08 0.0354062
1.18e-08 0.0382812
1.19e-08 0.0364062
1.2e-08 0.0320469
1.21e-08 0.03
1.22e-08 0.0322187
1.23e-08 0.0363594
1.24e-08 0.0383906
1.25e-08 0.0377812
1.26e-08 0.038
1.27e-08 0.0404844
1.28e-08 0.0425312
1.29e-08 0.0398906
1.3e-08 0.0329062
1.31e-08 0.026
1.32e-08 0.0227812
1.33e-08 0.0223125
1.34e-08 0.0209219
1.35e-08 0.0165
1.36e-08 0.01
1.37e-08 0.00460937
1.38e-08 0.002
1.39e-08 0.00260937
1.4e-08 0.00475
1.41e-08 0.006
1.42e-08 0.00559375
1.43e-08 0.0033125
1.44e-08 0.00103125
1.45e-08 0.000578122
1.46e-08 0.002
1.47e-08 0.00492187
1.48e-08 0.0083125
1.49e-08 0.011625
1.5e-08 0.0136719
1.51e-08 0.014
1.52e-08 0.0131875
1.53e-08 0.0132812
1.54e-08 0.0152031
1.55e-08 0.0174844
1.56e-08 0.018
1.57e-08 0.0159375
1.58e-08 0.0140156
1.59e-08 0.0148906
1.6e-08 0.0184687
1.61e-08 0.022
1.62e-08 0.0223594
1.63e-08 0.01975
1.64e-08 0.0165156
1.65e-08 0.0156719
1.66e-08 0.018
1.67e-08 0.0219375
1.68e-08 0.02525
1.69e-08 0.0260781
1.7e-08 0.0243906
1.71e-08 0.022
1.72e-08 0.0206875
1.73e-08 0.0212656
1.74e-08 0.0226875
1.75e-08 0.0231875
1.76e-08 0.022
1.77e-08 0.0194844
1.78e-08 0.0179531
1.79e-08 0.0185937
1.8e-08 0.020625
1.81e-08 0.022
1.82e-08 0.021
1.83e-08 0.019
1.84e-08 0.0173906
1.85e-08 0.0162656
1.86e-08 0.014
1.87e-08 0.00934375
1.88e-08 0.0040625
1.89e-08 0.000687497
1.9e-08 0.000546872
1.91e-08 0.002
1.92e-08 0.00304687
1.93e-08 0.00270312
1.94e-08 0.00126562
1.95e-08 -0.000437503
1.96e-08 -0.002
1.97e-08 -0.00275
1.98e-08 -0.0025625
1.99e-08 -0.00121875
2e-08 0.000593747
2.01e-08 0.002
2.02e-08 0.00270312
2.03e-08 0.00240625
2.04e-08 0.00153125
2.05e-08 0.00114062
2.06e-08 0.002
2.07e-08 0.00403125
2.08e-08 0.00565625
2.09e-08 0.005875
2.1e-08 0.00539062
2.11e-08 0.006
2.12e-08 0.00821875
2.13e-08 0.00995312
2.14e-08 0.00917187
2.15e-08 0.0068125
2.16e-08 0.006
2.17e-08 0.00860937
2.18e-08 0.0125937
2.19e-08 0.0143437
2.2e-08 0.0126875
2.21e-08 0.01
2.22e-08 0.00848437
2.23e-08 0.00707812
2.24e-08 0.00426562
2.25e-08 0.00164062
2.26e-08 0.002
2.27e-08 0.00573437
2.28e-08 0.00739062
2.29e-08 0.00275
2.3e-08 -0.00535938
2.31e-08 -0.01
2.32e-08 -0.00657813
2.33e-08 -0.000203128
2.34e-08 0.00234375
2.35e-08 -0.00110938
2.36e-08 -0.006
2.37e-08 -0.00646875
2.38e-08 -0.00367188
2.39e-08 -0.00109375
2.4e-08 -0.001
2.41e-08 -0.002
2.42e-08 -0.00135938
2.43e-08 0.000703122
2.44e-08 0.00307812
2.45e-08 0.00473437
2.46e-08 0.006
2.47e-08 0.007375
2.48e-08 0.00914062
2.49e-08 0.01075
2.5e-08 0.0111562
2.51e-08 0.01
2.52e-08 0.00773437
2.53e-08 0.006125
2.54e-08 0.00634375
2.55e-08 0.00815625
2.56e-08 0.01
2.57e-08 0.01
2.58e-08 0.00765625
2.59e-08 0.00434375
2.6e-08 0.00320312
2.61e-08 0.006
2.62e-08 0.0117812
2.63e-08 0.0168906
2.64e-08 0.0178594
2.65e-08 0.0144687
2.66e-08 0.01
2.67e-08 0.00779687
2.68e-08 0.00878125
2.69e-08 0.0110625
2.7e-08 0.0118281
2.71e-08 0.01
2.72e-08 0.00628125
2.73e-08 0.00298437
2.74e-08 0.00154687
2.75e-08 0.0018125
2.76e-08 0.002
2.77e-08 0.000765622
2.78e-08 -0.00117188
2.79e-08 -0.0024375
2.8e-08 -0.00239063
2.81e-08 -0.002
2.82e-08 -0.00254688
2.83e-08 -0.00465625
2.84e-08 -0.0073125
2.85e-08 -0.008125
2.86e-08 -0.006
2.87e-08 -0.0020625
2.88e-08 -0.000734378
2.89e-08 -0.00457813
2.9e-08 -0.0107813
2.91e-08 -0.014
2.92e-08 -0.0107188
2.93e-08 -0.00453125
2.94e-08 -0.000843753
2.95e-08 -0.00228125
2.96e-08 -0.006
2.97e-08 -0.00760938
2.98e-08 -0.00692188
2.99e-08 -0.0053125
3e-08 -0.00384375
3.01e-08 -0.002
3.02e-08 0.000609372
3.03e-08 0.002125
3.04e-08 0.0011875
3.05e-08 -0.00107813
3.06e-08 -0.002
3.07e-08 7.81224e-05
3.08e-08 0.0040625
3.09e-08 0.00739062
3.1e-08 0.00790625
3.11e-08 0.006
3.12e-08 0.003375
3.13e-08 0.0019375
3.14e-08 0.0024375
3.15e-08 0.00423437
3.16e-08 0.006
3.17e-08 0.00657812
3.18e-08 0.00628125
3.19e-08 0.00582812
3.2e-08 0.00578125
3.21e-08 0.006
3.22e-08 0.00585937
3.23e-08 0.00585937
3.24e-08 0.00628125
3.25e-08 0.00660937
3.26e-08 0.006
3.27e-08 0.00415625
3.28e-08 0.00245312
3.29e-08 0.00195312
3.3e-08 0.00229687
3.31e-08 0.002
3.32e-08 0.000187497
3.33e-08 -0.00165625
3.34e-08 -0.00170313
3.35e-08 0.000140622
3.36e-08 0.002
3.37e-08 0.0023125
3.38e-08 0.00203125
3.39e-08 0.00235937
3.4e-08 0.00285937
3.41e-08 0.002
3.42e-08 -0.000625003
3.43e-08 -0.0023125
3.44e-08 -0.000734378
3.45e-08 0.00315625
3.46e-08 0.006
3.47e-08 0.004875
3.48e-08 0.000499997
3.49e-08 -0.00404688
3.5e-08 -0.00504688
3.51e-08 -0.002
3.52e-08 0.00279687
3.53e-08 0.00590625
3.54e-08 0.00510937
3.55e-08 0.00140625
3.56e-08 -0.002
3.57e-08 -0.00240625
3.58e-08 0.000218747
3.59e-08 0.00348437
3.6e-08 0.00434375
3.61e-08 0.002
3.62e-08 -0.00201563
3.63e-08 -0.00528125
3.64e-08 -0.00607813
3.65e-08 -0.00440625
3.66e-08 -0.002
3.67e-08 -0.000812503
3.68e-08 -0.00134375
3.69e-08 -0.00259375
3.7e-08 -0.00301563
3.71e-08 -0.002
3.72e-08 -6.25026e-05
3.73e-08 0.001625
3.74e-08 0.00203125
3.75e-08 0.000656247
3.76e-08 -0.002
3.77e-08 -0.00467188
3.78e-08 -0.00604688
3.79e-08 -0.005625
3.8e-08 -0.0039375
3.81e-08 -0.002
3.82e-08 -0.000406253
3.83e-08 0.001125
3.84e-08 0.003
3.85e-08 0.00484375
3.86e-08 0.006
3.87e-08 0.00560937
3.88e-08 0.00351562
3.89e-08 0.000421872
3.9e-08 -0.00178125
3.91e-08 -0.002
3.92e-08 -0.000406253
3.93e-08 0.00142187
3.94e-08 0.002125
3.95e-08 0.00182812
3.96e-08 0.002
3.97e-08 0.003625
3.98e-08 0.00551562
3.99e-08 0.00592187
4e-08 0.00429687
4.01e-08 0.002
4.02e-08 0.000812497
4.03e-08 0.00123437
4.04e-08 0.0028125
4.05e-08 0.00457812
4.06e-08 0.006
4.07e-08 0.00671875
4.08e-08 0.00653125
4.09e-08 0.00521875
4.1e-08 0.00342187
4.11e-08 0.002
4.12e-08 0.00148437
4.13e-08 0.00164062
4.14e-08 0.00232812
4.15e-08 0.00371875
4.16e-08 0.006
4.17e-08 0.00828125
4.18e-08 0.0078125
4.19e-08 0.00328125
4.2e-08 -0.00264063
4.21e-08 -0.006
4.22e-08 -0.004375
4.23e-08 -6.25026e-05
4.24e-08 0.00321875
4.25e-08 0.00335937
4.26e-08 0.002
4.27e-08 0.00201562
4.28e-08 0.00428125
4.29e-08 0.00765625
4.3e-08 0.00989062
4.31e-08 0.01
4.32e-08 0.00789062
4.33e-08 0.004125
4.34e-08 -4.68776e-05
4.35e-08 -0.00235938
4.36e-08 -0.002
4.37e-08 0.000203122
4.38e-08 0.00190625
4.39e-08 0.00146875
4.4e-08 -0.000546878
4.41e-08 -0.002
4.42e-08 -0.00109375
4.43e-08 0.00101562
4.44e-08 0.00251562
4.45e-08 0.0025
4.46e-08 0.002
4.47e-08 0.00221875
4.48e-08 0.00225
4.49e-08 0.0013125
4.5e-08 0.000546872
4.51e-08 0.002
4.52e-08 0.00598437
4.53e-08 0.00948437
4.54e-08 0.00935937
4.55e-08 0.00578125
4.56e-08 0.002
4.57e-08 0.000843747
4.58e-08 0.00159375
4.59e-08 0.00189062
4.6e-08 0.000390622
4.61e-08 -0.002
4.62e-08 -0.00334375
4.63e-08 -0.00285938
4.64e-08 -0.00104688
4.65e-08 0.000828122
4.66e-08 0.002
4.67e-08 0.00239062
4.68e-08 0.0021875
4.69e-08 0.00184375
4.7e-08 0.00179687
4.71e-08 0.002
4.72e-08 0.00173437
4.73e-08 -0.000328128
4.74e-08 -0.004
4.75e-08 -0.00667188
4.76e-08 -0.006
4.77e-08 -0.00196875
4.78e-08 0.0015625
4.79e-08 0.00120312
4.8e-08 -0.002625
4.81e-08 -0.006
4.82e-08 -0.00510938
4.83e-08 -0.000625003
4.84e-08 0.00410937
4.85e-08 0.00515625
4.86e-08 0.002
4.87e-08 -0.00290625
4.88e-08 -0.00596875
4.89e-08 -0.00510938
4.9e-08 -0.00142188
4.91e-08 0.002
4.92e-08 0.00285937
4.93e-08 0.00221875
4.94e-08 0.0023125
4.95e-08 0.00403125
4.96e-08 0.006
4.97e-08 0.00590625
4.98e-08 0.003625
4.99e-08 0.000437497
5e-08 -0.0016875
5.01e-08 -0.002
5.02e-08 -0.000828128
5.03e-08 0.00110937
5.04e-08 0.00264062
5.05e-08 0.00289062
5.06e-08 0.002
5.07e-08 0.000546872
5.08e-08 -0.00120313
5.09e-08 -0.00275
5.1e-08 -0.00317188
5.11e-08 -0.002
5.12e-08 0.000374997
5.13e-08 0.00198437
5.14e-08 0.00140625
5.15e-08 -0.000625003
5.16e-08 -0.002
5.17e-08 -0.00117188
5.18e-08 0.000968747
5.19e-08 0.00260937
5.2e-08 0.0026875
5.21e-08 0.002
5.22e-08 0.00179687
5.23e-08 0.0019375
5.24e-08 0.00182812
5.25e-08 0.00159375
5.26e-08 0.002
5.27e-08 0.003
5.28e-08 0.00284375
5.29e-08 0.000562497
5.3e-08 -0.00198438
5.31e-08 -0.002
5.32e-08 0.00145312
5.33e-08 0.00520312
5.34e-08 0.00560937
5.35e-08 0.0021875
5.36e-08 -0.002
5.37e-08 -0.0035625
5.38e-08 -0.00278125
5.39e-08 -0.0015625
5.4e-08 -0.00142188
5.41e-08 -0.002
5.42e-08 -0.00209375
5.43e-08 -0.002
5.44e-08 -0.00217188
5.45e-08 -0.00242188
5.46e-08 -0.002
5.47e-08 -0.000484378
5.48e-08 0.0013125
5.49e-08 0.00240625
5.5e-08 0.00245312
5.51e-08 0.002
5.52e-08 0.00170312
5.53e-08 0.00182812
5.54e-08 0.00214062
5.55e-08 0.00223437
5.56e-08 0.002
5.57e-08 0.001625
5.58e-08 0.00173437
5.59e-08 0.002375
5.6e-08 0.00275
5.61e-08 0.002
5.62e-08 -2.6226e-09
5.63e-08 -0.00173438
5.64e-08 -0.00173438
5.65e-08 -2.6226e-09
5.66e-08 0.002
5.67e-08 0.0028125
5.68e-08 0.00242187
5.69e-08 0.001625
5.7e-08 0.00140625
5.71e-08 0.002
5.72e-08 0.00273437
5.73e-08 0.00251562
5.74e-08 0.00117187
5.75e-08 0.000390622
5.76e-08 0.002
5.77e-08 0.00560937
5.78e-08 0.00709375
5.79e-08 0.00346875
5.8e-08 -0.00271875
5.81e-08 -0.006
5.82e-08 -0.00325
5.83e-08 0.000999997
5.84e-08 0.00132812
5.85e-08 -0.00265625
5.86e-08 -0.006
5.87e-08 -0.004125
5.88e-08 0.000281247
5.89e-08 0.00240625
5.9e-08 0.000578122
5.91e-08 -0.002
5.92e-08 -0.0015625
5.93e-08 0.000828122
5.94e-08 0.00246875
5.95e-08 0.0023125
5.96e-08 0.002
5.97e-08 0.00292187
5.98e-08 0.0029375
5.99e-08 0.000171872
6e-08 -0.00389063
6.01e-08 -0.006
6.02e-08 -0.00435938
6.03e-08 -0.00226563
6.04e-08 -0.00282813
6.05e-08 -0.005375
6.06e-08 -0.006
6.07e-08 -0.00189063
6.08e-08 0.003875
6.09e-08 0.00682812
6.1e-08 0.00523437
6.11e-08 0.002
6.12e-08 0.000734372
6.13e-08 0.00140625
6.14e-08 0.00220312
6.15e-08 0.00214062
6.16e-08 0.002
6.17e-08 0.00253125
6.18e-08 0.00254687
6.19e-08 0.000906247
6.2e-08 -0.00132813
6.21e-08 -0.002
6.22e-08 -0.000171878
6.23e-08 0.00173437
6.24e-08 0.00145312
6.25e-08 -0.000656253
6.26e-08 -0.002
6.27e-08 -0.000593753
6.28e-08 0.00151562
6.29e-08 0.00159375
6.3e-08 -0.000453128
6.31e-08 -0.002
6.32e-08 -0.000796878
6.33e-08 0.00129687
6.34e-08 0.00192187
6.35e-08 0.00132812
6.36e-08 0.002
6.37e-08 0.00501562
6.38e-08 0.00673437
6.39e-08 0.00385937
6.4e-08 -0.00203125
6.41e-08 -0.006
6.42e-08 -0.0044375
6.43e-08 4.68724e-05
6.44e-08 0.00282812
6.45e-08 0.0014375
6.46e-08 -0.002
6.47e-08 -0.00384375
6.48e-08 -0.00314063
6.49e-08 -0.000859378
6.5e-08 0.00110937
6.51e-08 0.002
6.52e-08 0.0020625
6.53e-08 0.00198437
6.54e-08 0.00214062
6.55e-08 0.00234375
6.56e-08 0.002
6.57e-08 0.000546872
6.58e-08 -0.00128125
6.59e-08 -0.0024375
6.6e-08 -0.00245313
6.61e-08 -0.002
6.62e-08 -0.00190625
6.63e-08 -0.002
6.64e-08 -0.00184375
6.65e-08 -0.00164063
6.66e-08 -0.002
6.67e-08 -0.00279688
6.68e-08 -0.0026875
6.69e-08 -0.000875003
6.7e-08 0.00134375
6.71e-08 0.002
6.72e-08 0.000296872
6.73e-08 -0.00171875
6.74e-08 -0.00153125
6.75e-08 0.00160937
6.76e-08 0.006
6.77e-08 0.0086875
6.78e-08 0.00782812
6.79e-08 0.003625
6.8e-08 -0.000656253
6.81e-08 -0.002
6.82e-08 -4.68776e-05
6.83e-08 0.00189062
6.84e-08 0.0010625
6.85e-08 -0.00146875
6.86e-08 -0.002
6.87e-08 0.0015625
6.88e-08 0.00545312
6.89e-08 0.00501562
6.9e-08 -0.000203128
6.91e-08 -0.006
6.92e-08 -0.00742188
6.93e-08 -0.00442188
6.94e-08 7.81224e-05
6.95e-08 0.0024375
6.96e-08 0.002
6.97e-08 0.000171872
6.98e-08 -0.00159375
6.99e-08 -0.00207813
