-3e-08 0.0033125
-2.99e-08 0.00573437
-2.98e-08 0.006
-2.97e-08 0.00304687
-2.96e-08 -0.000750003
-2.95e-08 -0.00239063
-2.94e-08 -0.000828128
-2.93e-08 0.002
-2.92e-08 0.00339062
-2.91e-08 0.00278125
-2.9e-08 0.00125
-2.89e-08 0.000718747
-2.88e-08 0.002
-2.87e-08 0.00428125
-2.86e-08 0.00590625
-2.85e-08 0.00551562
-2.84e-08 0.003625
-2.83e-08 0.002
-2.82e-08 0.001875
-2.81e-08 0.0021875
-2.8e-08 0.00128125
-2.79e-08 -0.000640628
-2.78e-08 -0.002
-2.77e-08 -0.0016875
-2.76e-08 -0.00153125
-2.75e-08 -0.00309375
-2.74e-08 -0.00540625
-2.73e-08 -0.006
-2.72e-08 -0.00329688
-2.71e-08 0.000578122
-2.7e-08 0.002625
-2.69e-08 0.00125
-2.68e-08 -0.002
-2.67e-08 -0.00423438
-2.66e-08 -0.00348438
-2.65e-08 -0.000156253
-2.64e-08 0.00257812
-2.63e-08 0.002
-2.62e-08 -0.00203125
-2.61e-08 -0.00559375
-2.6e-08 -0.00515625
-2.59e-08 -0.00129688
-2.58e-08 0.002
-2.57e-08 0.00145312
-2.56e-08 -0.00104688
-2.55e-08 -0.0020625
-2.54e-08 -0.000296878
-2.53e-08 0.002
-2.52e-08 0.00189062
-2.51e-08 -0.000515628
-2.5e-08 -0.00317188
-2.49e-08 -0.00373438
-2.48e-08 -0.002
-2.47e-08 0.000593747
-2.46e-08 0.00207812
-2.45e-08 0.00139062
-2.44e-08 -0.000609378
-2.43e-08 -0.002
-2.42e-08 -0.00142188
-2.41e-08 0.000765622
-2.4e-08 0.0029375
-2.39e-08 0.00332812
-2.38e-08 0.002
-2.37e-08 0.000453122
-2.36e-08 0.000859372
-2.35e-08 0.003625
-2.34e-08 0.0063125
-2.33e-08 0.006
-2.32e-08 0.0015625
-2.31e-08 -0.00401563
-2.3e-08 -0.0069375
-2.29e-08 -0.00554688
-2.28e-08 -0.002
-2.27e-08 0.000640622
-2.26e-08 0.0018125
-2.25e-08 0.00229687
-2.24e-08 0.00248437
-2.23e-08 0.002
-2.22e-08 0.000343747
-2.21e-08 -0.00142188
-2.2e-08 -0.00221875
-2.19e-08 -0.00203125
-2.18e-08 -0.002
-2.17e-08 -0.00264063
-2.16e-08 -0.00260938
-2.15e-08 -0.000890628
-2.14e-08 0.00134375
-2.13e-08 0.002
-2.12e-08 0.000140622
-2.11e-08 -0.00179688
-2.1e-08 -0.00132813
-2.09e-08 0.000937497
-2.08e-08 0.002
-2.07e-08 -1.56276e-05
-2.06e-08 -0.00203125
-2.05e-08 -0.000843753
-2.04e-08 0.00304687
-2.03e-08 0.006
-2.02e-08 0.00498437
-2.01e-08 0.00264062
-2e-08 0.00235937
-1.99e-08 0.00451562
-1.98e-08 0.006
-1.97e-08 0.00378125
-1.96e-08 -0.000234378
-1.95e-08 -0.00295313
-1.94e-08 -0.0029375
-1.93e-08 -0.002
-1.92e-08 -0.0021875
-1.91e-08 -0.002375
-1.9e-08 -0.00104688
-1.89e-08 0.00114062
-1.88e-08 0.002
-1.87e-08 0.000281247
-1.86e-08 -0.00170313
-1.85e-08 -0.00145313
-1.84e-08 0.000687497
-1.83e-08 0.002
-1.82e-08 0.000609372
-1.81e-08 -0.00148438
-1.8e-08 -0.00173438
-1.79e-08 0.000187497
-1.78e-08 0.002
-1.77e-08 0.00142187
-1.76e-08 -0.000906253
-1.75e-08 -0.00264063
-1.74e-08 -0.00160938
-1.73e-08 0.002
-1.72e-08 0.005875
-1.71e-08 0.007
-1.7e-08 0.00410937
-1.69e-08 -0.000187503
-1.68e-08 -0.002
-1.67e-08 0.000468747
-1.66e-08 0.00453125
-1.65e-08 0.00642187
-1.64e-08 0.00479687
-1.63e-08 0.002
-1.62e-08 0.000921872
-1.61e-08 0.0015625
-1.6e-08 0.0020625
-1.59e-08 0.000765622
-1.58e-08 -0.002
-1.57e-08 -0.00423438
-1.56e-08 -0.00364063
-1.55e-08 0.000281247
-1.54e-08 0.00464062
-1.53e-08 0.006
-1.52e-08 0.00304687
-1.51e-08 -0.000859378
-1.5e-08 -0.00198438
-1.49e-08 7.81224e-05
-1.48e-08 0.002
-1.47e-08 0.000828122
-1.46e-08 -0.00140625
-1.45e-08 -0.0016875
-1.44e-08 0.000343747
-1.43e-08 0.002
-1.42e-08 0.000812497
-1.41e-08 -0.00139063
-1.4e-08 -0.00178125
-1.39e-08 0.000124997
-1.38e-08 0.002
-1.37e-08 0.00140625
-1.36e-08 -0.000843753
-1.35e-08 -0.00270313
-1.34e-08 -0.00285938
-1.33e-08 -0.002
-1.32e-08 -0.001125
-1.31e-08 0.000656247
-1.3e-08 0.00370312
-1.29e-08 0.00620312
-1.28e-08 0.006
-1.27e-08 0.0025625
-1.26e-08 -0.00107813
-1.25e-08 -0.00195313
-1.24e-08 3.12474e-05
-1.23e-08 0.002
-1.22e-08 0.00129687
-1.21e-08 -0.00103125
-1.2e-08 -0.00235938
-1.19e-08 -0.00104688
-1.18e-08 0.002
-1.17e-08 0.00459375
-1.16e-08 0.0059375
-1.15e-08 0.005875
-1.14e-08 0.00446875
-1.13e-08 0.002
-1.12e-08 -0.000765628
-1.11e-08 -0.00215625
-1.1e-08 -0.00134375
-1.09e-08 0.000687497
-1.08e-08 0.002
-1.07e-08 0.00129687
-1.06e-08 -0.000859378
-1.05e-08 -0.00285938
-1.04e-08 -0.00323438
-1.03e-08 -0.002
-1.02e-08 -0.000140628
-1.01e-08 0.00146875
-1e-08 0.00234375
-9.9e-09 0.00239062
-9.8e-09 0.002
-9.7e-09 0.00164062
-9.6e-09 0.00176562
-9.5e-09 0.00226562
-9.4e-09 0.00251562
-9.3e-09 0.002
-9.2e-09 0.000515622
-9.1e-09 -0.00126563
-9e-09 -0.00254688
-8.9e-09 -0.00273438
-8.8e-09 -0.002
-8.7e-09 -0.000718753
-8.6e-09 0.00107812
-8.5e-09 0.00289062
-8.4e-09 0.00348437
-8.3e-09 0.002
-8.2e-09 -0.00151563
-8.1e-09 -0.00498438
-8e-09 -0.00640625
-7.9e-09 -0.005
-7.8e-09 -0.002
-7.7e-09 0.000671872
-7.6e-09 0.002
-7.5e-09 0.00175
-7.4e-09 0.000249997
-7.3e-09 -0.002
-7.2e-09 -0.00475
-7.1e-09 -0.00820313
-7e-09 -0.01175
-6.9e-09 -0.0139531
-6.8e-09 -0.014
-6.7e-09 -0.0115469
-6.6e-09 -0.007875
-6.5e-09 -0.00439063
-6.4e-09 -0.0025
-6.3e-09 -0.002
-6.2e-09 -0.00159375
-6.1e-09 0.000343747
-6e-09 0.00403125
-5.9e-09 0.00679687
-5.8e-09 0.006
-5.7e-09 0.00145312
-5.6e-09 -0.00195313
-5.5e-09 -0.000609378
-5.4e-09 0.00376562
-5.3e-09 0.006
-5.2e-09 0.00267187
-5.1e-09 -0.00142188
-5e-09 -0.000796878
-4.9e-09 0.00479687
-4.8e-09 0.01
-4.7e-09 0.00934375
-4.6e-09 0.00459375
-4.5e-09 0.000359372
-4.4e-09 -4.68776e-05
-4.3e-09 0.002
-4.2e-09 0.00323437
-4.1e-09 0.00279687
-4e-09 0.00114062
-3.9e-09 -0.000625003
-3.8e-09 -0.002
-3.7e-09 -0.00265625
-3.6e-09 -0.00246875
-3.5e-09 -0.00148438
-3.4e-09 7.81224e-05
-3.3e-09 0.002
-3.2e-09 0.0036875
-3.1e-09 0.00321875
-3e-09 0.000203122
-2.9e-09 -0.00259375
-2.8e-09 -0.002
-2.7e-09 0.0024375
-2.6e-09 0.00598437
-2.5e-09 0.004375
-2.4e-09 -0.001375
-2.3e-09 -0.006
-2.2e-09 -0.00501563
-2.1e-09 -0.000406253
-2e-09 0.0034375
-1.9e-09 0.00370312
-1.8e-09 0.002
-1.7e-09 0.00128125
-1.6e-09 0.00165625
-1.5e-09 0.00210937
-1.4e-09 0.00203125
-1.3e-09 0.002
-1.2e-09 0.00289062
-1.1e-09 0.004875
-1e-09 0.00704687
-9e-10 0.0076875
-8e-10 0.006
-7e-10 0.00260937
-6e-10 0.00121875
-5e-10 0.00379687
-4e-10 0.00810937
-3e-10 0.01
-2e-10 0.00701562
-1e-10 0.00304687
0 0.00228125
1e-10 0.00470312
2e-10 0.006
3e-10 0.00240625
4e-10 -0.00348438
5e-10 -0.00734375
6e-10 -0.00729688
7e-10 -0.006
8e-10 -0.00620313
9e-10 -0.00653125
1e-09 -0.004625
1.1e-09 -0.000875003
1.2e-09 0.002
1.3e-09 0.00173437
1.4e-09 -0.000671878
1.5e-09 -0.002875
1.6e-09 -0.003125
1.7e-09 -0.002
1.8e-09 -0.001125
1.9e-09 -0.00146875
2e-09 -0.00260938
2.1e-09 -0.00310938
2.2e-09 -0.002
2.3e-09 0.000296872
2.4e-09 0.002
2.5e-09 0.00135937
2.6e-09 -0.00189063
2.7e-09 -0.006
2.8e-09 -0.00795313
2.9e-09 -0.00520313
3e-09 0.001875
3.1e-09 0.00840625
3.2e-09 0.01
3.3e-09 0.0055
3.4e-09 -0.000312503
3.5e-09 -0.00217188
3.6e-09 0.0011875
3.7e-09 0.006
3.8e-09 0.00773437
3.9e-09 0.00682812
4e-09 0.00564062
4.1e-09 0.00570312
4.2e-09 0.006
4.3e-09 0.00479687
4.4e-09 0.00284375
4.5e-09 0.00153125
4.6e-09 0.00153125
4.7e-09 0.002
4.8e-09 0.00198437
4.9e-09 0.00184375
5e-09 0.00239062
5.1e-09 0.00392187
5.2e-09 0.006
5.3e-09 0.0079375
5.4e-09 0.00954687
5.5e-09 0.0102812
5.6e-09 0.00921875
5.7e-09 0.006
5.8e-09 0.001375
5.9e-09 -0.00173438
6e-09 -0.00154688
6.1e-09 0.00175
6.2e-09 0.006
6.3e-09 0.00746875
6.4e-09 0.0069375
6.5e-09 0.00476562
6.6e-09 0.00276562
6.7e-09 0.002
6.8e-09 -0.000203128
6.9e-09 -0.000937503
7e-09 -0.0039375
7.1e-09 -0.0130938
7.2e-09 -0.03
7.3e-09 -0.0539063
7.4e-09 -0.0747188
7.5e-09 -0.0863594
7.6e-09 -0.0914375
7.7e-09 -0.102
7.8e-09 -0.125203
7.9e-09 -0.161547
8e-09 -0.200453
8.1e-09 -0.22775
8.2e-09 -0.242
8.3e-09 -0.238578
8.4e-09 -0.221031
8.5e-09 -0.188125
8.6e-09 -0.150375
8.7e-09 -0.118
8.8e-09 -0.0932813
8.9e-09 -0.0765313
9e-09 -0.0630781
9.1e-09 -0.0525781
9.2e-09 -0.046
9.3e-09 -0.0443906
9.4e-09 -0.0435
9.5e-09 -0.0396875
9.6e-09 -0.0319844
9.7e-09 -0.022
9.8e-09 -0.0154844
9.9e-09 -0.0115156
1e-08 -0.00867188
1.01e-08 -0.00484375
1.02e-08 0.002
1.03e-08 0.00985937
1.04e-08 0.0161719
1.05e-08 0.01875
1.06e-08 0.0181719
1.07e-08 0.018
1.08e-08 0.020125
1.09e-08 0.0240156
1.1e-08 0.0272969
1.11e-08 0.0287344
1.12e-08 0.03
1.13e-08 0.032375
1.14e-08 0.0360781
1.15e-08 0.0394375
1.16e-08 0.0411719
1.17e-08 0.042
1.18e-08 0.0419062
1.19e-08 0.0419375
1.2e-08 0.0418906
1.21e-08 0.0418125
1.22e-08 0.042
1.23e-08 0.0412812
1.24e-08 0.0396562
1.25e-08 0.0358594
1.26e-08 0.0297969
1.27e-08 0.022
1.28e-08 0.0137344
1.29e-08 0.00764062
1.3e-08 0.00526562
1.31e-08 0.00573437
1.32e-08 0.006
1.33e-08 0.00471875
1.34e-08 0.0026875
1.35e-08 0.00209375
1.36e-08 0.00271875
1.37e-08 0.002
1.38e-08 -0.000453128
1.39e-08 -0.00229688
1.4e-08 -0.000437503
1.41e-08 0.00373437
1.42e-08 0.006
1.43e-08 0.00476562
1.44e-08 0.00432812
1.45e-08 0.0094375
1.46e-08 0.0186094
1.47e-08 0.026
1.48e-08 0.0265937
1.49e-08 0.0234844
1.5e-08 0.0216406
1.51e-08 0.0232969
1.52e-08 0.026
1.53e-08 0.0261562
1.54e-08 0.02575
1.55e-08 0.0269531
1.56e-08 0.0292812
1.57e-08 0.03
1.58e-08 0.0262656
1.59e-08 0.0205312
1.6e-08 0.0162812
1.61e-08 0.0158437
1.62e-08 0.018
1.63e-08 0.0201562
1.64e-08 0.0216875
1.65e-08 0.0221875
1.66e-08 0.0210781
1.67e-08 0.018
1.68e-08 0.0134687
1.69e-08 0.0103594
1.7e-08 0.0104844
1.71e-08 0.0127656
1.72e-08 0.014
1.73e-08 0.0119375
1.74e-08 0.00801562
1.75e-08 0.00446875
1.76e-08 0.00276562
1.77e-08 0.002
1.78e-08 0.000796872
1.79e-08 -0.00109375
1.8e-08 -0.00267188
1.81e-08 -0.00285938
1.82e-08 -0.002
1.83e-08 -0.00117188
1.84e-08 -0.00348438
1.85e-08 -0.00920313
1.86e-08 -0.0141719
1.87e-08 -0.014
1.88e-08 -0.00717188
1.89e-08 1.56224e-05
1.9e-08 0.002125
1.91e-08 -0.000562503
1.92e-08 -0.002
1.93e-08 0.00284375
1.94e-08 0.0107344
1.95e-08 0.0156406
1.96e-08 0.0143437
1.97e-08 0.01
1.98e-08 0.0075
1.99e-08 0.0085
2e-08 0.0114219
2.01e-08 0.0135937
2.02e-08 0.014
2.03e-08 0.0125937
2.04e-08 0.0107344
2.05e-08 0.00951562
2.06e-08 0.00946875
2.07e-08 0.01
2.08e-08 0.00998437
2.09e-08 0.00992187
2.1e-08 0.0102344
2.11e-08 0.0105625
2.12e-08 0.01
2.13e-08 0.0080625
2.14e-08 0.00639062
2.15e-08 0.00607812
2.16e-08 0.00657812
2.17e-08 0.006
2.18e-08 0.00315625
2.19e-08 -0.000515628
2.2e-08 -0.002875
2.21e-08 -0.0029375
2.22e-08 -0.002
2.23e-08 -0.0015
2.24e-08 -0.00176563
2.25e-08 -0.00204688
2.26e-08 -0.00196875
2.27e-08 -0.002
2.28e-08 -0.00220313
2.29e-08 -0.00228125
2.3e-08 -0.0014375
2.31e-08 0.000234372
2.32e-08 0.002
2.33e-08 0.00351562
2.34e-08 0.00507812
2.35e-08 0.00703125
2.36e-08 0.00885937
2.37e-08 0.01
2.38e-08 0.01
2.39e-08 0.0098125
2.4e-08 0.0104531
2.41e-08 0.0120937
2.42e-08 0.014
2.43e-08 0.0147969
2.44e-08 0.0145312
2.45e-08 0.0133906
2.46e-08 0.0117969
2.47e-08 0.01
2.48e-08 0.00839062
2.49e-08 0.00884375
2.5e-08 0.0116562
2.51e-08 0.0143281
2.52e-08 0.014
2.53e-08 0.00989062
2.54e-08 0.00632812
2.55e-08 0.00704687
2.56e-08 0.0111406
2.57e-08 0.014
2.58e-08 0.0118906
2.59e-08 0.00770312
2.6e-08 0.00542187
2.61e-08 0.0059375
2.62e-08 0.006
2.63e-08 0.00267187
2.64e-08 -0.00107813
2.65e-08 -0.00167188
2.66e-08 0.000703122
2.67e-08 0.002
2.68e-08 -0.000656253
2.69e-08 -0.00467188
2.7e-08 -0.00615625
2.71e-08 -0.00423438
2.72e-08 -0.002
2.73e-08 -0.00246875
2.74e-08 -0.00489063
2.75e-08 -0.00648438
2.76e-08 -0.00526563
2.77e-08 -0.002
2.78e-08 0.00109375
2.79e-08 0.0023125
2.8e-08 0.00126562
2.81e-08 -0.000718753
2.82e-08 -0.002
2.83e-08 -0.00189063
2.84e-08 -0.0016875
2.85e-08 -0.0028125
2.86e-08 -0.00482813
2.87e-08 -0.006
2.88e-08 -0.00492188
2.89e-08 -0.002875
2.9e-08 -0.00160938
2.91e-08 -0.00173438
2.92e-08 -0.002
2.93e-08 -0.000953128
2.94e-08 0.00101562
2.95e-08 0.00271875
2.96e-08 0.00298437
2.97e-08 0.002
2.98e-08 0.000874997
2.99e-08 0.00115625
3e-08 0.00317187
3.01e-08 0.00539062
3.02e-08 0.006
3.03e-08 0.0041875
3.04e-08 0.00228125
3.05e-08 0.0024375
3.06e-08 0.00445312
3.07e-08 0.006
3.08e-08 0.0050625
3.09e-08 0.00292187
3.1e-08 0.00160937
3.11e-08 0.00178125
3.12e-08 0.002
3.13e-08 0.000703122
3.14e-08 -0.0013125
3.15e-08 -0.00221875
3.16e-08 -0.000890628
3.17e-08 0.002
3.18e-08 0.00479687
3.19e-08 0.006125
3.2e-08 0.00548437
3.21e-08 0.00367187
3.22e-08 0.002
3.23e-08 0.0014375
3.24e-08 0.00173437
3.25e-08 0.00207812
3.26e-08 0.00203125
3.27e-08 0.002
3.28e-08 0.00223437
3.29e-08 0.00221875
3.3e-08 0.0015
3.31e-08 0.000984372
3.32e-08 0.002
3.33e-08 0.0045625
3.34e-08 0.00625
3.35e-08 0.00485937
3.36e-08 0.0011875
3.37e-08 -0.002
3.38e-08 -0.00267188
3.39e-08 -0.00210938
3.4e-08 -0.00245313
3.41e-08 -0.00425
3.42e-08 -0.006
3.43e-08 -0.0056875
3.44e-08 -0.00340625
3.45e-08 -0.000796878
3.46e-08 -0.000125003
3.47e-08 -0.002
3.48e-08 -0.005
3.49e-08 -0.00648438
3.5e-08 -0.0046875
3.51e-08 -0.000875003
3.52e-08 0.002
3.53e-08 0.00173437
3.54e-08 -0.000671878
3.55e-08 -0.00285938
3.56e-08 -0.00307813
3.57e-08 -0.002
3.58e-08 -0.00129688
3.59e-08 -0.00159375
3.6e-08 -0.0024375
3.61e-08 -0.00278125
3.62e-08 -0.002
3.63e-08 -0.000328128
3.64e-08 0.00139062
3.65e-08 0.0023125
3.66e-08 0.00226562
3.67e-08 0.002
3.68e-08 0.002125
3.69e-08 0.00221875
3.7e-08 0.00153125
3.71e-08 -7.81276e-05
3.72e-08 -0.002
3.73e-08 -0.00317188
3.74e-08 -0.0028125
3.75e-08 -0.000984378
3.76e-08 0.00101562
3.77e-08 0.002
3.78e-08 0.00179687
3.79e-08 0.00165625
3.8e-08 0.00276562
3.81e-08 0.00471875
3.82e-08 0.006
3.83e-08 0.00529687
3.84e-08 0.00314062
3.85e-08 0.001125
3.86e-08 0.000749997
3.87e-08 0.002
3.88e-08 0.00375
3.89e-08 0.00539062
3.9e-08 0.0064375
3.91e-08 0.00654687
3.92e-08 0.006
3.93e-08 0.00528125
3.94e-08 0.0055
3.95e-08 0.00671875
3.96e-08 0.00742187
3.97e-08 0.006
3.98e-08 0.00221875
3.99e-08 -0.00123438
4e-08 -0.00190625
4.01e-08 4.68724e-05
4.02e-08 0.002
4.03e-08 0.00195312
4.04e-08 0.00164062
4.05e-08 0.00309375
4.06e-08 0.0055
4.07e-08 0.006
4.08e-08 0.00278125
4.09e-08 -0.001
4.1e-08 -0.00182813
4.11e-08 0.000343747
4.12e-08 0.002
4.13e-08 0.000421872
4.14e-08 -0.0016875
4.15e-08 -0.00123438
4.16e-08 0.00123437
4.17e-08 0.002
4.18e-08 -0.0013125
4.19e-08 -0.00521875
4.2e-08 -0.005375
4.21e-08 -0.00157813
4.22e-08 0.002
4.23e-08 0.00167187
4.24e-08 -0.000906253
4.25e-08 -0.00220313
4.26e-08 -0.000609378
4.27e-08 0.002
4.28e-08 0.00292187
4.29e-08 0.00242187
4.3e-08 0.00184375
4.31e-08 0.00190625
4.32e-08 0.002
4.33e-08 0.00153125
4.34e-08 0.00154687
4.35e-08 0.00278125
4.36e-08 0.00471875
4.37e-08 0.006
4.38e-08 0.005375
4.39e-08 0.00321875
4.4e-08 0.000968747
4.41e-08 0.000437497
4.42e-08 0.002
4.43e-08 0.00453125
4.44e-08 0.00615625
4.45e-08 0.00520312
4.46e-08 0.00189062
4.47e-08 -0.002
4.48e-08 -0.00421875
4.49e-08 -0.0035
4.5e-08 -0.000203128
4.51e-08 0.00357812
4.52e-08 0.006
4.53e-08 0.0060625
4.54e-08 0.00375
4.55e-08 0.000218747
4.56e-08 -0.00210938
4.57e-08 -0.002
4.58e-08 0.000109372
4.59e-08 0.00185937
4.6e-08 0.00145312
4.61e-08 -0.000578128
4.62e-08 -0.002
4.63e-08 -0.0010625
4.64e-08 0.0010625
4.65e-08 0.00239062
4.66e-08 0.00226562
4.67e-08 0.002
4.68e-08 0.00271875
4.69e-08 0.00270312
4.7e-08 0.000640622
4.71e-08 -0.00189063
4.72e-08 -0.002
4.73e-08 0.00146875
4.74e-08 0.00523437
4.75e-08 0.00554687
4.76e-08 0.002
4.77e-08 -0.002
4.78e-08 -0.00270313
4.79e-08 -3.12526e-05
4.8e-08 0.00376562
4.81e-08 0.00595312
4.82e-08 0.006
4.83e-08 0.00473437
4.84e-08 0.00289062
4.85e-08 0.00115625
4.86e-08 0.000687497
4.87e-08 0.002
4.88e-08 0.00439062
4.89e-08 0.00598437
4.9e-08 0.00542187
4.91e-08 0.00345312
4.92e-08 0.002
4.93e-08 0.00204687
4.94e-08 0.00229687
4.95e-08 0.00115625
4.96e-08 -0.000921878
4.97e-08 -0.002
4.98e-08 -0.000796878
4.99e-08 0.00129687
5e-08 0.00210937
5.01e-08 0.000624997
5.02e-08 -0.002
5.03e-08 -0.003625
5.04e-08 -0.003
5.05e-08 -0.000812503
5.06e-08 0.000203122
5.07e-08 -0.002
5.08e-08 -0.00675
5.09e-08 -0.0100781
5.1e-08 -0.0085625
5.11e-08 -0.00309375
5.12e-08 0.002
5.13e-08 0.00285937
5.14e-08 -4.68776e-05
5.15e-08 -0.00346875
5.16e-08 -0.00415625
5.17e-08 -0.002
5.18e-08 0.000781247
5.19e-08 0.00217187
5.2e-08 0.00135937
5.21e-08 -0.000640628
5.22e-08 -0.002
5.23e-08 -0.00146875
5.24e-08 0.000718747
5.25e-08 0.00304687
5.26e-08 0.00357812
5.27e-08 0.002
5.28e-08 -0.000531253
5.29e-08 -0.00203125
5.3e-08 -0.00148438
5.31e-08 0.000421872
5.32e-08 0.002
5.33e-08 0.00215625
5.34e-08 0.00185937
5.35e-08 0.00253125
5.36e-08 0.00432812
5.37e-08 0.006
5.38e-08 0.00579687
5.39e-08 0.00357812
5.4e-08 0.000453122
5.41e-08 -0.00165625
5.42e-08 -0.002
5.43e-08 -0.000859378
5.44e-08 0.00107812
5.45e-08 0.0026875
5.46e-08 0.00295312
5.47e-08 0.002
5.48e-08 0.000828122
5.49e-08 0.00109375
5.5e-08 0.0033125
5.51e-08 0.00570312
5.52e-08 0.006
5.53e-08 0.00323437
5.54e-08 -0.000515628
5.55e-08 -0.00279688
5.56e-08 -0.00273438
5.57e-08 -0.002
5.58e-08 -0.00225
5.59e-08 -0.00240625
5.6e-08 -0.00103125
5.61e-08 0.00114062
5.62e-08 0.002
5.63e-08 0.000281247
5.64e-08 -0.00170313
5.65e-08 -0.00145313
5.66e-08 0.000687497
5.67e-08 0.002
5.68e-08 0.000546872
5.69e-08 -0.00154688
5.7e-08 -0.00159375
5.71e-08 0.000468747
5.72e-08 0.002
5.73e-08 0.000671872
5.74e-08 -0.00146875
5.75e-08 -0.00170313
5.76e-08 0.000218747
5.77e-08 0.002
5.78e-08 0.00175
5.79e-08 0.00151562
5.8e-08 0.00321875
5.81e-08 0.00573437
5.82e-08 0.006
5.83e-08 0.00192187
5.84e-08 -0.0038125
5.85e-08 -0.00709375
5.86e-08 -0.0058125
5.87e-08 -0.002
5.88e-08 0.00103125
5.89e-08 0.0021875
5.9e-08 0.00167187
5.91e-08 0.000109372
5.92e-08 -0.002
5.93e-08 -0.00384375
5.94e-08 -0.00342188
5.95e-08 7.81224e-05
5.96e-08 0.00428125
5.97e-08 0.006
5.98e-08 0.00373437
5.99e-08 -0.000265628
6e-08 -0.003
6.01e-08 -0.0030625
6.02e-08 -0.002
6.03e-08 -0.00173438
6.04e-08 -0.00204688
6.05e-08 -0.00157813
6.06e-08 9.37474e-05
6.07e-08 0.002
6.08e-08 0.00275
6.09e-08 0.002375
6.1e-08 0.00171875
6.11e-08 0.0015625
6.12e-08 0.002
6.13e-08 0.00282812
6.14e-08 0.00476562
6.15e-08 0.00732812
6.16e-08 0.00829687
6.17e-08 0.006
6.18e-08 0.000999997
6.19e-08 -0.00217188
6.2e-08 -0.000468753
6.21e-08 0.00398437
6.22e-08 0.006
6.23e-08 0.0023125
6.24e-08 -0.00378125
6.25e-08 -0.00682813
6.26e-08 -0.00401563
6.27e-08 0.002
6.28e-08 0.00648437
6.29e-08 0.00707812
6.3e-08 0.00459375
6.31e-08 0.002125
6.32e-08 0.002
6.33e-08 0.004125
6.34e-08 0.006
6.35e-08 0.00509375
6.36e-08 0.00153125
6.37e-08 -0.002
6.38e-08 -0.002625
6.39e-08 -3.12526e-05
6.4e-08 0.00389062
6.41e-08 0.00623437
6.42e-08 0.006
6.43e-08 0.00404687
6.44e-08 0.00235937
6.45e-08 0.00207812
6.46e-08 0.00254687
6.47e-08 0.002
6.48e-08 -0.000312503
6.49e-08 -0.00210938
6.5e-08 -0.000984378
6.51e-08 0.00267187
6.52e-08 0.006
6.53e-08 0.00604687
6.54e-08 0.00359375
6.55e-08 0.000828122
6.56e-08 -0.000796878
6.57e-08 -0.002
6.58e-08 -0.00345313
6.59e-08 -0.003125
6.6e-08 -0.000156253
6.61e-08 0.00276562
6.62e-08 0.002
6.63e-08 -0.0030625
6.64e-08 -0.0065625
6.65e-08 -0.0034375
6.66e-08 0.00440625
6.67e-08 0.01
6.68e-08 0.00789062
6.69e-08 0.00125
6.7e-08 -0.003875
6.71e-08 -0.00409375
6.72e-08 -0.002
6.73e-08 -0.00160938
6.74e-08 -0.00207813
6.75e-08 -0.00121875
6.76e-08 0.000890622
6.77e-08 0.002
6.78e-08 0.000453122
6.79e-08 -0.00157813
6.8e-08 -0.001625
6.81e-08 0.000390622
6.82e-08 0.002
6.83e-08 0.00117187
6.84e-08 -0.00107813
6.85e-08 -0.002375
6.86e-08 -0.001125
6.87e-08 0.002
6.88e-08 0.00489062
6.89e-08 0.00617187
6.9e-08 0.00545312
6.91e-08 0.00360937
6.92e-08 0.002
6.93e-08 0.0014375
6.94e-08 0.00173437
6.95e-08 0.00209375
6.96e-08 0.00209375
6.97e-08 0.002
6.98e-08 0.00209375
6.99e-08 0.00209375
