-2.5e-08 0.00130469
-2.49e-08 1.3411e-10
-2.48e-08 0.00065625
-2.47e-08 0.00182031
-2.46e-08 0.00158594
-2.45e-08 -0.000234375
-2.44e-08 -0.002
-2.43e-08 -0.002
-2.42e-08 -0.000726562
-2.41e-08 0.0004375
-2.4e-08 0.000539063
-2.39e-08 1.3411e-10
-2.38e-08 -0.000195312
-2.37e-08 -8.59374e-05
-2.36e-08 -2.34374e-05
-2.35e-08 -8.59374e-05
-2.34e-08 1.3411e-10
-2.33e-08 0.000375
-2.32e-08 0.00028125
-2.31e-08 -0.000492187
-2.3e-08 -0.000976562
-2.29e-08 1.3411e-10
-2.28e-08 0.00240625
-2.27e-08 0.00407813
-2.26e-08 0.00315625
-2.25e-08 0.000273438
-2.24e-08 -0.002
-2.23e-08 -0.00160156
-2.22e-08 0.000726563
-2.21e-08 0.00285156
-2.2e-08 0.003125
-2.19e-08 0.002
-2.18e-08 0.000820313
-2.17e-08 0.000132813
-2.16e-08 -0.000109375
-2.15e-08 -0.000109375
-2.14e-08 1.3411e-10
-2.13e-08 0.000164063
-2.12e-08 0.000117188
-2.11e-08 -0.0001875
-2.1e-08 -0.000367187
-2.09e-08 1.3411e-10
-2.08e-08 0.00090625
-2.07e-08 0.00175
-2.06e-08 0.00207031
-2.05e-08 0.00196875
-2.04e-08 0.002
-2.03e-08 0.00236719
-2.02e-08 0.00238281
-2.01e-08 0.00130469
-2e-08 -0.000523437
-1.99e-08 -0.002
-1.98e-08 -0.00209375
-1.97e-08 -0.000882812
-1.96e-08 0.000804688
-1.95e-08 0.00185938
-1.94e-08 0.002
-1.93e-08 0.00146094
-1.92e-08 0.000492188
-1.91e-08 -0.00046875
-1.9e-08 -0.000734375
-1.89e-08 1.3411e-10
-1.88e-08 0.001375
-1.87e-08 0.00211719
-1.86e-08 0.00151563
-1.85e-08 0.000328125
-1.84e-08 1.3411e-10
-1.83e-08 0.00111719
-1.82e-08 0.00208594
-1.81e-08 0.00130469
-1.8e-08 -0.000742187
-1.79e-08 -0.002
-1.78e-08 -0.000859375
-1.77e-08 0.00119531
-1.76e-08 0.00221875
-1.75e-08 0.00192188
-1.74e-08 0.002
-1.73e-08 0.0035
-1.72e-08 0.00439844
-1.71e-08 0.00277344
-1.7e-08 -0.000351562
-1.69e-08 -0.002
-1.68e-08 -0.000210937
-1.67e-08 0.00291406
-1.66e-08 0.00421875
-1.65e-08 0.00258594
-1.64e-08 1.3411e-10
-1.63e-08 -0.00102344
-1.62e-08 -0.000515625
-1.61e-08 0.000296875
-1.6e-08 0.000382813
-1.59e-08 1.3411e-10
-1.58e-08 -0.000101562
-1.57e-08 -3.12499e-05
-1.56e-08 -6.24999e-05
-1.55e-08 -0.000164062
-1.54e-08 1.3411e-10
-1.53e-08 0.000679688
-1.52e-08 0.00159375
-1.51e-08 0.00228125
-1.5e-08 0.002375
-1.49e-08 0.002
-1.48e-08 0.00135938
-1.47e-08 0.00046875
-1.46e-08 -0.000492187
-1.45e-08 -0.0008125
-1.44e-08 1.3411e-10
-1.43e-08 0.00160156
-1.42e-08 0.00233594
-1.41e-08 0.00111719
-1.4e-08 -0.00103125
-1.39e-08 -0.002
-1.38e-08 -0.000601562
-1.37e-08 0.00140625
-1.36e-08 0.0019375
-1.35e-08 0.000828125
-1.34e-08 1.3411e-10
-1.33e-08 0.000929688
-1.32e-08 0.00200781
-1.31e-08 0.00128906
-1.3e-08 -0.000828125
-1.29e-08 -0.002
-1.28e-08 -0.000585937
-1.27e-08 0.00148438
-1.26e-08 0.00175
-1.25e-08 -0.000117187
-1.24e-08 -0.002
-1.23e-08 -0.00185156
-1.22e-08 -0.000554687
-1.21e-08 9.37501e-05
-1.2e-08 -0.000734375
-1.19e-08 -0.002
-1.18e-08 -0.00213281
-1.17e-08 -0.000921875
-1.16e-08 0.000859375
-1.15e-08 0.00196875
-1.14e-08 0.002
-1.13e-08 0.00120313
-1.12e-08 0.000304688
-1.11e-08 -0.000132812
-1.1e-08 -5.46874e-05
-1.09e-08 1.3411e-10
-1.08e-08 -0.000523437
-1.07e-08 -0.00150781
-1.06e-08 -0.00239062
-1.05e-08 -0.0025625
-1.04e-08 -0.002
-1.03e-08 -0.00105469
-1.02e-08 -0.00025
-1.01e-08 0.000140625
-1e-08 0.000132813
-9.9e-09 1.3411e-10
-9.8e-09 -7.81237e-06
-9.7e-09 7.81263e-06
-9.6e-09 -7.81249e-05
-9.5e-09 -0.000171875
-9.4e-09 1.3411e-10
-9.3e-09 0.00059375
-9.2e-09 0.00153906
-9.1e-09 0.00235938
-9e-09 0.00252344
-8.9e-09 0.002
-8.8e-09 0.00105469
-8.7e-09 0.000242188
-8.6e-09 -0.000132812
-8.5e-09 -7.81249e-05
-8.4e-09 1.3411e-10
-8.3e-09 -0.00034375
-8.2e-09 -0.00136719
-8.1e-09 -0.00263281
-8e-09 -0.00304688
-7.9e-09 -0.002
-7.8e-09 0.000148438
-7.7e-09 0.0018125
-7.6e-09 0.0016875
-7.5e-09 -7.81249e-05
-7.4e-09 -0.002
-7.3e-09 -0.00248437
-7.2e-09 -0.00114062
-7.1e-09 0.00113281
-7e-09 0.00247656
-6.9e-09 0.002
-6.8e-09 9.37501e-05
-6.7e-09 -0.00163281
-6.6e-09 -0.00191406
-6.5e-09 -0.00090625
-6.4e-09 1.3411e-10
-6.3e-09 -0.000367187
-6.2e-09 -0.00152344
-6.1e-09 -0.00215625
-6e-09 -0.00148437
-5.9e-09 1.3411e-10
-5.8e-09 0.00121875
-5.7e-09 0.001875
-5.6e-09 0.00209375
-5.5e-09 0.00208594
-5.4e-09 0.002
-5.3e-09 0.00184375
-5.2e-09 0.00189063
-5.1e-09 0.00214844
-5e-09 0.00229688
-4.9e-09 0.002
-4.8e-09 0.00115625
-4.7e-09 0.000296875
-4.6e-09 -0.000164062
-4.5e-09 -0.000140625
-4.4e-09 1.3411e-10
-4.3e-09 -3.90624e-05
-4.2e-09 -0.000109375
-4.1e-09 0.000265625
-4e-09 0.00110938
-3.9e-09 0.002
-3.8e-09 0.00238281
-3.7e-09 0.00226563
-3.6e-09 0.00167188
-3.5e-09 0.0008125
-3.4e-09 1.3411e-10
-3.3e-09 -0.000242187
-3.2e-09 0.000835938
-3.1e-09 0.00345313
-3e-09 0.006375
-2.9e-09 0.008
-2.8e-09 0.00698438
-2.7e-09 0.00289063
-2.6e-09 -0.00300781
-2.5e-09 -0.00735938
-2.4e-09 -0.008
-2.3e-09 -0.00446875
-2.2e-09 0.00115625
-2.1e-09 0.00630469
-2e-09 0.00901563
-1.9e-09 0.01
-1.8e-09 0.010375
-1.7e-09 0.0103438
-1.6e-09 0.00935156
-1.5e-09 0.00760938
-1.4e-09 0.006
-1.3e-09 0.00507813
-1.2e-09 0.00442188
-1.1e-09 0.00332031
-1e-09 0.00219531
-9e-10 0.002
-8e-10 0.00274219
-7e-10 0.00272656
-6e-10 0.000695313
-5e-10 -0.00228906
-4e-10 -0.004
-3e-10 -0.00289063
-2e-10 -0.000757812
-1e-10 0.000140625
0 -0.000804687
1e-10 -0.002
2e-10 -0.001625
3e-10 -0.000445312
4e-10 2.34376e-05
5e-10 -0.000804687
6e-10 -0.002
7e-10 -0.00233594
8e-10 -0.002125
9e-10 -0.00207031
1e-09 -0.00223437
1.1e-09 -0.002
1.2e-09 -0.00101562
1.3e-09 -0.000125
1.4e-09 -0.000203125
1.5e-09 -0.00114844
1.6e-09 -0.002
1.7e-09 -0.00207812
1.8e-09 -0.00192187
1.9e-09 -0.00232031
2e-09 -0.00326563
2.1e-09 -0.004
2.2e-09 -0.00372656
2.3e-09 -0.002625
2.4e-09 -0.0015
2.5e-09 -0.00125781
2.6e-09 -0.002
2.7e-09 -0.00314063
2.8e-09 -0.0039375
2.9e-09 -0.00385938
3e-09 -0.00300781
3.1e-09 -0.002
3.2e-09 -0.00144531
3.3e-09 -0.00167969
3.4e-09 -0.00235156
3.5e-09 -0.00263281
3.6e-09 -0.002
3.7e-09 -0.000734375
3.8e-09 3.90626e-05
3.9e-09 -0.000375
4e-09 -0.00147656
4.1e-09 -0.002
4.2e-09 -0.00105469
4.3e-09 0.000960938
4.4e-09 0.00279688
4.5e-09 0.00313281
4.6e-09 0.002
4.7e-09 0.000351563
4.8e-09 -0.00028125
4.9e-09 0.000625
5e-09 0.00192188
5.1e-09 0.002
5.2e-09 0.00021875
5.3e-09 -0.00165625
5.4e-09 -0.00171875
5.5e-09 0.000117188
5.6e-09 0.002
5.7e-09 0.0020625
5.8e-09 0.00075
5.9e-09 -0.000445312
6e-09 -0.000539062
6.1e-09 1.3411e-10
6.2e-09 0.000195313
6.3e-09 7.81251e-05
6.4e-09 2.34376e-05
6.5e-09 9.37501e-05
6.6e-09 1.3411e-10
6.7e-09 -0.000328125
6.8e-09 -0.000289062
6.9e-09 0.00046875
7e-09 0.0015
7.1e-09 0.002
7.2e-09 0.00146094
7.3e-09 0.00040625
7.4e-09 -0.0001875
7.5e-09 0.000421875
7.6e-09 0.002
7.7e-09 0.003625
7.8e-09 0.00427344
7.9e-09 0.00340625
8e-09 0.00161719
8.1e-09 1.3411e-10
8.2e-09 -0.000640625
8.3e-09 -0.000375
8.4e-09 0.0003125
8.5e-09 0.00105469
8.6e-09 0.002
8.7e-09 0.00322656
8.8e-09 0.004
8.9e-09 0.00369531
9e-09 0.00269531
9.1e-09 0.002
9.2e-09 0.002125
9.3e-09 0.00222656
9.4e-09 0.00141406
9.5e-09 0.000203125
9.6e-09 1.3411e-10
9.7e-09 0.00152344
9.8e-09 0.00342969
9.9e-09 0.00403906
1e-08 0.00311719
1.01e-08 0.002
1.02e-08 0.00171875
1.03e-08 0.000960938
1.04e-08 -0.00151562
1.05e-08 -0.00458594
1.06e-08 -0.006
1.07e-08 -0.00424219
1.08e-08 -0.00123437
1.09e-08 0.000570313
1.1e-08 0.000414063
1.11e-08 1.3411e-10
1.12e-08 0.000929688
1.13e-08 0.00196094
1.14e-08 0.00144531
1.15e-08 -0.000484375
1.16e-08 -0.002
1.17e-08 -0.00158594
1.18e-08 -0.000382812
1.19e-08 -0.000125
1.2e-08 -0.001125
1.21e-08 -0.002
1.22e-08 -0.00151562
1.23e-08 -0.000390625
1.24e-08 1.56251e-05
1.25e-08 -0.000796875
1.26e-08 -0.002
1.27e-08 -0.00246094
1.28e-08 -0.00222656
1.29e-08 -0.00188281
1.3e-08 -0.00185156
1.31e-08 -0.002
1.32e-08 -0.00198437
1.33e-08 -0.00196875
1.34e-08 -0.002125
1.35e-08 -0.00225
1.36e-08 -0.002
1.37e-08 -0.00139062
1.38e-08 -0.00150781
1.39e-08 -0.0028125
1.4e-08 -0.00416406
1.41e-08 -0.004
1.42e-08 -0.00186719
1.43e-08 -9.37499e-05
1.44e-08 -0.000703125
1.45e-08 -0.00294531
1.46e-08 -0.004
1.47e-08 -0.00192969
1.48e-08 0.00103125
1.49e-08 0.00210156
1.5e-08 0.000945313
1.51e-08 1.3411e-10
1.52e-08 0.00115625
1.53e-08 0.00224219
1.54e-08 0.00084375
1.55e-08 -0.0023125
1.56e-08 -0.004
1.57e-08 -0.0018125
1.58e-08 0.00226563
1.59e-08 0.00488281
1.6e-08 0.00423438
1.61e-08 0.002
1.62e-08 0.000773438
1.63e-08 0.00126563
1.64e-08 0.00270313
1.65e-08 0.00378125
1.66e-08 0.004
1.67e-08 0.00347656
1.68e-08 0.0025
1.69e-08 0.00153125
1.7e-08 0.00127344
1.71e-08 0.002
1.72e-08 0.00322656
1.73e-08 0.00400781
1.74e-08 0.00369531
1.75e-08 0.00269531
1.76e-08 0.002
1.77e-08 0.002125
1.78e-08 0.00221875
1.79e-08 0.0014375
1.8e-08 0.000265625
1.81e-08 1.3411e-10
1.82e-08 0.00124219
1.83e-08 0.00217188
1.84e-08 0.00117969
1.85e-08 -0.000984375
1.86e-08 -0.002
1.87e-08 -0.0004375
1.88e-08 0.00157813
1.89e-08 0.00165625
1.9e-08 -0.000304687
1.91e-08 -0.002
1.92e-08 -0.00124219
1.93e-08 0.000992188
1.94e-08 0.00247656
1.95e-08 0.00183594
1.96e-08 1.3411e-10
1.97e-08 -0.00117969
1.98e-08 -0.000804687
1.99e-08 0.000953125
2e-08 0.00288281
2.01e-08 0.004
2.02e-08 0.00379688
2.03e-08 0.00270313
2.04e-08 0.001375
2.05e-08 0.000476563
2.06e-08 1.3411e-10
2.07e-08 -0.00034375
2.08e-08 -0.00028125
2.09e-08 0.000445313
2.1e-08 0.00144531
2.11e-08 0.002
2.12e-08 0.0015625
2.13e-08 0.000554688
2.14e-08 -0.0004375
2.15e-08 -0.00117969
2.16e-08 -0.002
2.17e-08 -0.00284375
2.18e-08 -0.00267969
2.19e-08 -0.000945312
2.2e-08 0.0011875
2.21e-08 0.002
2.22e-08 0.00065625
2.23e-08 -0.00134375
2.24e-08 -0.002125
2.25e-08 -0.00121094
2.26e-08 1.3411e-10
2.27e-08 -3.90624e-05
2.28e-08 -0.00125
2.29e-08 -0.00259375
2.3e-08 -0.002875
2.31e-08 -0.002
2.32e-08 -0.000710937
2.33e-08 -7.81237e-06
2.34e-08 -0.000242187
2.35e-08 -0.000625
2.36e-08 1.3411e-10
2.37e-08 0.00171875
2.38e-08 0.0025
2.39e-08 0.000765625
2.4e-08 -0.00232031
2.41e-08 -0.004
2.42e-08 -0.002625
2.43e-08 -0.000492187
2.44e-08 -0.000375
2.45e-08 -0.00239844
2.46e-08 -0.004
2.47e-08 -0.002875
2.48e-08 -0.000726562
2.49e-08 -7.81237e-06
2.5e-08 -0.00114062
2.51e-08 -0.002
2.52e-08 -0.000648437
2.53e-08 0.001375
2.54e-08 0.00196094
2.55e-08 0.000875
2.56e-08 1.3411e-10
2.57e-08 0.000773438
2.58e-08 0.00189063
2.59e-08 0.0015
2.6e-08 -0.000414062
2.61e-08 -0.002
2.62e-08 -0.00145312
2.63e-08 0.000765625
2.64e-08 0.00291406
2.65e-08 0.00330469
2.66e-08 0.002
2.67e-08 2.34376e-05
2.68e-08 -0.00160156
2.69e-08 -0.00213281
2.7e-08 -0.00139844
2.71e-08 1.3411e-10
2.72e-08 0.00128906
2.73e-08 0.00197656
2.74e-08 0.00190625
2.75e-08 0.00115625
2.76e-08 1.3411e-10
2.77e-08 -0.001
2.78e-08 -0.00075
2.79e-08 0.00108594
2.8e-08 0.00322656
2.81e-08 0.004
2.82e-08 0.00267969
2.83e-08 0.0006875
2.84e-08 -0.00021875
2.85e-08 0.000578125
2.86e-08 0.002
2.87e-08 0.00258594
2.88e-08 0.00229688
2.89e-08 0.0018125
2.9e-08 0.00174219
2.91e-08 0.002
2.92e-08 0.00207813
2.93e-08 0.00203125
2.94e-08 0.00199219
2.95e-08 0.00201563
2.96e-08 0.002
2.97e-08 0.00185938
2.98e-08 0.00189063
2.99e-08 0.00216406
3e-08 0.00232813
3.01e-08 0.002
3.02e-08 0.00110156
3.03e-08 0.00025
3.04e-08 -6.24999e-05
3.05e-08 7.81251e-05
3.06e-08 1.3411e-10
3.07e-08 -0.00075
3.08e-08 -0.00171094
3.09e-08 -0.00205469
3.1e-08 -0.00134375
3.11e-08 1.3411e-10
3.12e-08 0.00124219
3.13e-08 0.00194531
3.14e-08 0.00194531
3.15e-08 0.00124219
3.16e-08 1.3411e-10
3.17e-08 -0.001375
3.18e-08 -0.00207031
3.19e-08 -0.0016875
3.2e-08 -0.000703125
3.21e-08 1.3411e-10
3.22e-08 -3.90624e-05
3.23e-08 -0.000140625
3.24e-08 0.000359375
3.25e-08 0.00132813
3.26e-08 0.002
3.27e-08 0.00163281
3.28e-08 0.000554688
3.29e-08 -0.000398437
3.3e-08 -0.000539062
3.31e-08 1.3411e-10
3.32e-08 0.00053125
3.33e-08 0.000398438
3.34e-08 -0.000578125
3.35e-08 -0.00167187
3.36e-08 -0.002
3.37e-08 -0.00124219
3.38e-08 -0.000289062
3.39e-08 -7.81237e-06
3.4e-08 -0.000242187
3.41e-08 1.3411e-10
3.42e-08 0.00123438
3.43e-08 0.00211719
3.44e-08 0.00136719
3.45e-08 -0.000570312
3.46e-08 -0.002
3.47e-08 -0.00158594
3.48e-08 -0.000390625
3.49e-08 -7.03124e-05
3.5e-08 -0.00102344
3.51e-08 -0.002
3.52e-08 -0.00167187
3.53e-08 -0.000585937
3.54e-08 0.0003125
3.55e-08 0.000890625
3.56e-08 0.002
3.57e-08 0.00386719
3.58e-08 0.00457813
3.59e-08 0.00269531
3.6e-08 -0.000429687
3.61e-08 -0.002
3.62e-08 -0.000539062
3.63e-08 0.0015625
3.64e-08 0.00153125
3.65e-08 -0.000578125
3.66e-08 -0.002
3.67e-08 -0.000578125
3.68e-08 0.00152344
3.69e-08 0.00158594
3.7e-08 -0.000476562
3.71e-08 -0.002
3.72e-08 -0.000734375
3.73e-08 0.00141406
3.74e-08 0.00178125
3.75e-08 -9.37499e-05
3.76e-08 -0.002
3.77e-08 -0.0015625
3.78e-08 0.000710938
3.79e-08 0.00292969
3.8e-08 0.00329688
3.81e-08 0.002
3.82e-08 0.000382813
3.83e-08 -0.000234375
3.84e-08 0.000484375
3.85e-08 0.00163281
3.86e-08 0.002
3.87e-08 0.00109375
3.88e-08 8.59376e-05
3.89e-08 0.000359375
3.9e-08 0.00208594
3.91e-08 0.004
3.92e-08 0.00446094
3.93e-08 0.00316406
3.94e-08 0.000789063
3.95e-08 -0.0011875
3.96e-08 -0.002
3.97e-08 -0.001625
3.98e-08 -0.000601562
3.99e-08 0.000492188
4e-08 0.00129688
4.01e-08 0.002
4.02e-08 0.00264063
4.03e-08 0.00253125
4.04e-08 0.00115625
4.05e-08 -0.000773437
4.06e-08 -0.002
4.07e-08 -0.00164062
4.08e-08 -0.000515625
4.09e-08 0.000226563
4.1e-08 0.000179688
4.11e-08 1.3411e-10
4.12e-08 0.000273438
4.13e-08 0.000289063
4.14e-08 -0.00059375
4.15e-08 -0.00178125
4.16e-08 -0.002
4.17e-08 -0.00053125
4.18e-08 0.00138281
4.19e-08 0.00214063
4.2e-08 0.00129688
4.21e-08 1.3411e-10
4.22e-08 -0.000476562
4.23e-08 -0.000226562
4.24e-08 7.81251e-05
4.25e-08 5.46876e-05
4.26e-08 1.3411e-10
4.27e-08 0.000226563
4.28e-08 0.000234375
4.29e-08 -0.000460937
4.3e-08 -0.0015
4.31e-08 -0.002
4.32e-08 -0.00142969
4.33e-08 -0.000421875
4.34e-08 0.000203125
4.35e-08 0.000164063
4.36e-08 1.3411e-10
4.37e-08 0.000195313
4.38e-08 0.000226563
4.39e-08 -0.000476562
4.4e-08 -0.00153125
4.41e-08 -0.002
4.42e-08 -0.00127344
4.43e-08 -0.000296875
4.44e-08 -2.34374e-05
4.45e-08 -0.000289062
4.46e-08 1.3411e-10
4.47e-08 0.0013125
4.48e-08 0.00217969
4.49e-08 0.00125
4.5e-08 -0.0008125
4.51e-08 -0.002
4.52e-08 -0.0009375
4.53e-08 0.00116406
4.54e-08 0.00230469
4.55e-08 0.00155469
4.56e-08 1.3411e-10
4.57e-08 -0.00078125
4.58e-08 -0.0004375
4.59e-08 0.000390625
4.6e-08 0.00065625
4.61e-08 1.3411e-10
4.62e-08 -0.00111719
4.63e-08 -0.00192969
4.64e-08 -0.00185156
4.65e-08 -0.000984375
4.66e-08 1.3411e-10
4.67e-08 0.000414063
4.68e-08 0.000179688
4.69e-08 -0.000125
4.7e-08 0.000375
4.71e-08 0.002
4.72e-08 0.00401563
4.73e-08 0.004625
4.74e-08 0.00278125
4.75e-08 -0.000195312
4.76e-08 -0.002
4.77e-08 -0.00146875
4.78e-08 -0.000265625
4.79e-08 -0.00034375
4.8e-08 -0.00160156
4.81e-08 -0.002
4.82e-08 4.68751e-05
4.83e-08 0.00299219
4.84e-08 0.00429688
4.85e-08 0.00282813
4.86e-08 1.3411e-10
4.87e-08 -0.00195312
4.88e-08 -0.00235156
4.89e-08 -0.00157031
4.9e-08 -0.000585937
4.91e-08 1.3411e-10
4.92e-08 0.000148438
4.93e-08 6.25001e-05
4.94e-08 -7.81237e-06
4.95e-08 1.56251e-05
4.96e-08 1.3411e-10
4.97e-08 -0.00015625
4.98e-08 -0.000171875
4.99e-08 0.000320313
5e-08 0.00120313
5.01e-08 0.002
5.02e-08 0.00222656
5.03e-08 0.00210938
5.04e-08 0.00192188
5.05e-08 0.00189844
5.06e-08 0.002
5.07e-08 0.00203125
5.08e-08 0.00201563
5.09e-08 0.00197656
5.1e-08 0.00198438
5.11e-08 0.002
5.12e-08 0.00175
5.13e-08 0.000773438
5.14e-08 -0.0009375
5.15e-08 -0.00224219
5.16e-08 -0.002
5.17e-08 -8.59374e-05
5.18e-08 0.00167188
5.19e-08 0.00175781
5.2e-08 0.000570313
5.21e-08 1.3411e-10
5.22e-08 0.00114844
5.23e-08 0.00217969
5.24e-08 0.00108594
5.25e-08 -0.00177344
5.26e-08 -0.004
5.27e-08 -0.00344531
5.28e-08 -0.00117187
5.29e-08 0.0006875
5.3e-08 0.0008125
5.31e-08 1.3411e-10
5.32e-08 -0.000328125
5.33e-08 -0.000148437
5.34e-08 7.81263e-06
5.35e-08 -7.81249e-05
5.36e-08 1.3411e-10
5.37e-08 0.0006875
5.38e-08 0.00161719
5.39e-08 0.00219531
5.4e-08 0.00221094
5.41e-08 0.002
5.42e-08 0.00169531
5.43e-08 0.000757813
5.44e-08 -0.000960937
5.45e-08 -0.00230469
5.46e-08 -0.002
5.47e-08 7.81251e-05
5.48e-08 0.00184375
5.49e-08 0.00146094
5.5e-08 -0.000585937
5.51e-08 -0.002
5.52e-08 -0.000992187
5.53e-08 0.00114844
5.54e-08 0.00227344
5.55e-08 0.00147656
5.56e-08 1.3411e-10
5.57e-08 -0.000476562
5.58e-08 -0.000195312
5.59e-08 -3.90624e-05
5.6e-08 -0.000210937
5.61e-08 1.3411e-10
5.62e-08 0.0010625
5.63e-08 0.00194531
5.64e-08 0.00165625
5.65e-08 0.0005625
5.66e-08 1.3411e-10
5.67e-08 0.000789063
5.68e-08 0.00180469
5.69e-08 0.00175
5.7e-08 0.0006875
5.71e-08 1.3411e-10
5.72e-08 0.00071875
5.73e-08 0.00177344
5.74e-08 0.00175781
5.75e-08 0.0006875
5.76e-08 1.3411e-10
5.77e-08 0.00078125
5.78e-08 0.00182031
5.79e-08 0.00167969
5.8e-08 0.000546875
5.81e-08 1.3411e-10
5.82e-08 0.00105469
5.83e-08 0.00205469
5.84e-08 0.0013125
5.85e-08 -0.000742187
5.86e-08 -0.002
5.87e-08 -0.000875
5.88e-08 0.00122656
5.89e-08 0.0021875
5.9e-08 0.00129688
5.91e-08 1.3411e-10
5.92e-08 5.46876e-05
5.93e-08 0.00127344
5.94e-08 0.00249219
5.95e-08 0.0026875
5.96e-08 0.002
5.97e-08 0.00105469
5.98e-08 0.000265625
5.99e-08 -0.000203125
6e-08 -0.000265625
6.01e-08 1.3411e-10
6.02e-08 0.000515625
6.03e-08 0.00145313
6.04e-08 0.00257813
6.05e-08 0.00298438
6.06e-08 0.002
6.07e-08 -0.000195312
6.08e-08 -0.00186719
6.09e-08 -0.0015625
6.1e-08 0.00034375
6.11e-08 0.002
6.12e-08 0.00185938
6.13e-08 0.000625
6.14e-08 -0.000296875
6.15e-08 -0.000265625
6.16e-08 1.3411e-10
6.17e-08 -0.000296875
6.18e-08 -0.0003125
6.19e-08 0.000640625
6.2e-08 0.001875
6.21e-08 0.002
6.22e-08 0.000328125
6.23e-08 -0.00157031
6.24e-08 -0.00186719
6.25e-08 -0.000179687
6.26e-08 0.002
6.27e-08 0.00273438
6.28e-08 0.00134375
6.29e-08 -0.0014375
6.3e-08 -0.003625
6.31e-08 -0.004
6.32e-08 -0.0025625
6.33e-08 -0.0006875
6.34e-08 0.000296875
6.35e-08 0.000164063
6.36e-08 1.3411e-10
6.37e-08 0.0008125
6.38e-08 0.00179688
6.39e-08 0.00179688
6.4e-08 0.0008125
6.41e-08 1.3411e-10
6.42e-08 0.000203125
6.43e-08 0.000296875
6.44e-08 -0.000734375
6.45e-08 -0.00210156
6.46e-08 -0.002
6.47e-08 0.000445313
6.48e-08 0.00324219
6.49e-08 0.00398438
6.5e-08 0.00224219
6.51e-08 1.3411e-10
6.52e-08 -0.000703125
6.53e-08 -0.000296875
6.54e-08 -1.56249e-05
6.55e-08 -0.000203125
6.56e-08 1.3411e-10
6.57e-08 0.00124219
6.58e-08 0.00213281
6.59e-08 0.00132813
6.6e-08 -0.00065625
6.61e-08 -0.002
6.62e-08 -0.00148437
6.63e-08 -0.000335937
6.64e-08 -0.000132812
6.65e-08 -0.00114062
6.66e-08 -0.002
6.67e-08 -0.00123437
6.68e-08 0.000859375
6.69e-08 0.00288281
6.7e-08 0.00329688
6.71e-08 0.002
6.72e-08 -5.46874e-05
6.73e-08 -0.00166406
6.74e-08 -0.00203125
6.75e-08 -0.0011875
6.76e-08 1.3411e-10
6.77e-08 0.000617188
6.78e-08 0.000359375
6.79e-08 -0.00040625
6.8e-08 -0.00071875
6.81e-08 1.3411e-10
6.82e-08 0.00144531
6.83e-08 0.00217969
6.84e-08 0.00138281
6.85e-08 6.25001e-05
6.86e-08 1.3411e-10
6.87e-08 0.00169531
6.88e-08 0.00255469
6.89e-08 0.00053125
6.9e-08 -0.00284375
6.91e-08 -0.004
6.92e-08 -0.00096875
6.93e-08 0.00296094
6.94e-08 0.00378125
6.95e-08 0.00096875
6.96e-08 -0.002
6.97e-08 -0.00164844
6.98e-08 0.000820313
6.99e-08 0.00246875
7e-08 0.00172656
7.01e-08 1.3411e-10
7.02e-08 -0.000578125
7.03e-08 -0.00025
7.04e-08 -3.12499e-05
7.05e-08 -0.000210937
7.06e-08 1.3411e-10
7.07e-08 0.00110938
7.08e-08 0.00196875
7.09e-08 0.001625
7.1e-08 0.0005
7.11e-08 1.3411e-10
7.12e-08 0.000929688
7.13e-08 0.00195313
7.14e-08 0.0015
7.15e-08 -0.000367187
7.16e-08 -0.002
7.17e-08 -0.00190625
7.18e-08 -0.000710937
7.19e-08 0.000429688
7.2e-08 0.00108594
7.21e-08 0.002
7.22e-08 0.00353906
7.23e-08 0.00434375
7.24e-08 0.00307813
7.25e-08 0.000328125
7.26e-08 -0.002
7.27e-08 -0.00227344
7.28e-08 -0.000898437
7.29e-08 0.00065625
7.3e-08 0.000953125
7.31e-08 1.3411e-10
7.32e-08 -0.00125781
7.33e-08 -0.002
7.34e-08 -0.0018125
7.35e-08 -0.000945312
7.36e-08 1.3411e-10
7.37e-08 0.000523438
7.38e-08 0.000304688
7.39e-08 -0.000328125
7.4e-08 -0.000585937
7.41e-08 1.3411e-10
7.42e-08 0.00114844
7.43e-08 0.00196094
7.44e-08 0.00175
7.45e-08 0.00078125
7.46e-08 1.3411e-10
7.47e-08 0.000203125
7.48e-08 0.00132813
7.49e-08 0.00253125
7.5e-08 0.00280469
7.51e-08 0.002
7.52e-08 0.000695313
7.53e-08 -5.46874e-05
7.54e-08 0.0003125
7.55e-08 0.00133594
7.56e-08 0.002
7.57e-08 0.00157813
7.58e-08 0.000523438
7.59e-08 -0.000351562
7.6e-08 -0.000445312
7.61e-08 1.3411e-10
7.62e-08 0.000335938
7.63e-08 0.000203125
7.64e-08 -0.00025
7.65e-08 -0.0004375
7.66e-08 1.3411e-10
7.67e-08 0.000796875
7.68e-08 0.000664063
7.69e-08 -0.00108594
7.7e-08 -0.00326563
7.71e-08 -0.004
7.72e-08 -0.00236719
7.73e-08 -0.000445312
7.74e-08 -0.000234375
7.75e-08 -0.00148437
7.76e-08 -0.002
7.77e-08 -0.000257812
7.78e-08 0.0016875
7.79e-08 0.00149219
7.8e-08 -0.000617187
7.81e-08 -0.002
7.82e-08 -0.000453125
7.83e-08 0.00266406
7.84e-08 0.00465625
7.85e-08 0.00403906
7.86e-08 0.002
7.87e-08 0.000484375
7.88e-08 -3.12499e-05
7.89e-08 -2.34374e-05
7.9e-08 -1.56249e-05
7.91e-08 1.3411e-10
7.92e-08 0.0001875
7.93e-08 0.000148438
7.94e-08 -0.000273437
7.95e-08 -0.000554687
7.96e-08 1.3411e-10
7.97e-08 0.00135156
7.98e-08 0.002125
7.99e-08 0.00145313
8e-08 0.0001875
8.01e-08 1.3411e-10
8.02e-08 0.00165625
8.03e-08 0.00357813
8.04e-08 0.00378125
8.05e-08 0.002
8.06e-08 1.3411e-10
8.07e-08 -0.000367187
8.08e-08 0.00102344
8.09e-08 0.00279688
8.1e-08 0.00324219
8.11e-08 0.002
8.12e-08 -7.03124e-05
8.13e-08 -0.0016875
8.14e-08 -0.00197656
8.15e-08 -0.0010625
8.16e-08 1.3411e-10
8.17e-08 0.000148438
8.18e-08 -0.00108594
8.19e-08 -0.00291406
8.2e-08 -0.00354688
8.21e-08 -0.002
8.22e-08 0.00114844
8.23e-08 0.00361719
8.24e-08 0.00371094
8.25e-08 0.00180469
8.26e-08 1.3411e-10
8.27e-08 5.46876e-05
8.28e-08 0.00141406
8.29e-08 0.00217969
8.3e-08 0.000898438
8.31e-08 -0.002
8.32e-08 -0.00460938
8.33e-08 -0.00498438
8.34e-08 -0.00248437
8.35e-08 0.00125
8.36e-08 0.004
8.37e-08 0.00430469
8.38e-08 0.00288281
8.39e-08 0.00139063
8.4e-08 0.0011875
8.41e-08 0.002
8.42e-08 0.002625
8.43e-08 0.0024375
8.44e-08 0.00142188
8.45e-08 0.000382813
8.46e-08 1.3411e-10
8.47e-08 0.000304688
8.48e-08 0.000320313
8.49e-08 -0.000632812
8.5e-08 -0.00183594
8.51e-08 -0.002
8.52e-08 -0.000601562
8.53e-08 0.00028125
8.54e-08 -0.00096875
8.55e-08 -0.00328906
8.56e-08 -0.004
8.57e-08 -0.00135156
8.58e-08 0.00252344
8.59e-08 0.00464063
8.6e-08 0.00384375
8.61e-08 0.002
8.62e-08 0.00135938
8.63e-08 0.00176563
8.64e-08 0.00192188
8.65e-08 0.00113281
8.66e-08 1.3411e-10
8.67e-08 -0.00053125
8.68e-08 -0.000289062
8.69e-08 0.00025
8.7e-08 0.00040625
8.71e-08 1.3411e-10
8.72e-08 -0.000617187
8.73e-08 -0.000484375
8.74e-08 0.00075
8.75e-08 0.00203125
8.76e-08 0.002
8.77e-08 0.000257813
8.78e-08 -0.00160937
8.79e-08 -0.00182812
8.8e-08 -0.000117187
8.81e-08 0.002
8.82e-08 0.002625
8.83e-08 0.00121875
8.84e-08 -0.00124219
8.85e-08 -0.00267969
8.86e-08 -0.002
8.87e-08 0.000289063
8.88e-08 0.00195313
8.89e-08 0.001375
8.9e-08 -0.00071875
8.91e-08 -0.002
8.92e-08 -0.000804687
8.93e-08 0.00128125
8.94e-08 0.0020625
8.95e-08 0.00105469
8.96e-08 1.3411e-10
8.97e-08 0.000578125
8.98e-08 0.00171094
8.99e-08 0.00175781
9e-08 0.000648438
9.01e-08 1.3411e-10
9.02e-08 0.00121094
9.03e-08 0.00323438
9.04e-08 0.00425781
9.05e-08 0.0035
9.06e-08 0.002
9.07e-08 0.00101563
9.08e-08 0.000328125
9.09e-08 -0.000515625
9.1e-08 -0.000945312
9.11e-08 1.3411e-10
9.12e-08 0.00240625
9.13e-08 0.00403125
9.14e-08 0.00324219
9.15e-08 0.00102344
9.16e-08 1.3411e-10
9.17e-08 0.00163281
9.18e-08 0.0036875
9.19e-08 0.00342969
9.2e-08 0.000679688
9.21e-08 -0.002
9.22e-08 -0.00190625
9.23e-08 0.000492188
9.24e-08 0.003125
9.25e-08 0.0041875
9.26e-08 0.004
9.27e-08 0.0035
9.28e-08 0.00261719
9.29e-08 0.00120313
9.3e-08 1.56251e-05
9.31e-08 1.3411e-10
9.32e-08 0.00124219
9.33e-08 0.00213281
9.34e-08 0.00133594
9.35e-08 -0.000632812
9.36e-08 -0.002
9.37e-08 -0.0015
9.38e-08 -0.00034375
9.39e-08 -0.000132812
9.4e-08 -0.00113281
9.41e-08 -0.002
9.42e-08 -0.001375
9.43e-08 -0.000328125
9.44e-08 -7.81249e-05
9.45e-08 -0.000445312
9.46e-08 1.3411e-10
9.47e-08 0.00202344
9.48e-08 0.00380469
9.49e-08 0.00349219
9.5e-08 0.00146094
9.51e-08 1.3411e-10
9.52e-08 0.000882813
9.53e-08 0.0030625
9.54e-08 0.00440625
9.55e-08 0.00374219
9.56e-08 0.002
9.57e-08 0.000664063
9.58e-08 7.03126e-05
9.59e-08 -0.000109375
9.6e-08 -0.000164062
9.61e-08 1.3411e-10
9.62e-08 0.000625
9.63e-08 0.00155469
9.64e-08 0.00235938
9.65e-08 0.00252344
9.66e-08 0.002
9.67e-08 0.00102344
9.68e-08 0.000171875
9.69e-08 1.3411e-10
9.7e-08 0.000726563
9.71e-08 0.002
9.72e-08 0.00295313
9.73e-08 0.00270313
9.74e-08 0.00102344
9.75e-08 -0.000976562
9.76e-08 -0.002
9.77e-08 -0.00152344
9.78e-08 -0.00040625
9.79e-08 8.59376e-05
9.8e-08 -0.000648437
9.81e-08 -0.002
9.82e-08 -0.00278906
9.83e-08 -0.00251562
9.84e-08 -0.00140625
9.85e-08 -0.000351562
9.86e-08 1.3411e-10
9.87e-08 -0.000453125
9.88e-08 -0.00146875
9.89e-08 -0.0024375
9.9e-08 -0.00264844
9.91e-08 -0.002
9.92e-08 -0.000890625
9.93e-08 -0.000125
9.94e-08 -6.24999e-05
9.95e-08 -0.000273437
9.96e-08 1.3411e-10
9.97e-08 0.00107031
9.98e-08 0.00194531
9.99e-08 0.00165625
1e-07 0.0005625
1.001e-07 1.3411e-10
1.002e-07 0.000804688
1.003e-07 0.00178906
1.004e-07 0.00174219
1.005e-07 0.00122656
1.006e-07 0.002
1.007e-07 0.00460156
1.008e-07 0.0063125
1.009e-07 0.00465625
1.01e-07 0.000703125
1.011e-07 -0.002
1.012e-07 -0.0010625
1.013e-07 0.00127344
1.014e-07 0.00180469
1.015e-07 -0.000125
1.016e-07 -0.002
1.017e-07 -0.00121875
1.018e-07 0.00103906
1.019e-07 0.00232813
1.02e-07 0.00153125
1.021e-07 1.3411e-10
1.022e-07 -0.0004375
1.023e-07 -0.000164062
1.024e-07 -0.000101562
1.025e-07 -0.000328125
1.026e-07 1.3411e-10
1.027e-07 0.00126563
1.028e-07 0.002125
1.029e-07 0.00136719
1.03e-07 -0.0005625
1.031e-07 -0.002
1.032e-07 -0.00171875
1.033e-07 -0.000507812
1.034e-07 0.000140625
1.035e-07 -0.000578125
1.036e-07 -0.002
1.037e-07 -0.00284375
1.038e-07 -0.00255469
1.039e-07 -0.00135156
1.04e-07 -0.000242187
1.041e-07 1.3411e-10
1.042e-07 -0.000703125
1.043e-07 -0.00165625
1.044e-07 -0.002125
1.045e-07 -0.00203125
1.046e-07 -0.002
1.047e-07 -0.00239844
1.048e-07 -0.00241406
1.049e-07 -0.00125781
1.05e-07 0.000617188
1.051e-07 0.002
1.052e-07 0.001875
1.053e-07 0.0006875
1.054e-07 -0.000515625
1.055e-07 -0.000726562
1.056e-07 1.3411e-10
1.057e-07 0.000796875
1.058e-07 0.000585938
1.059e-07 -0.000859375
1.06e-07 -0.00221875
1.061e-07 -0.002
1.062e-07 4.68751e-05
1.063e-07 0.00182813
1.064e-07 0.00146094
1.065e-07 -0.00059375
1.066e-07 -0.002
1.067e-07 -0.0009375
1.068e-07 0.00119531
1.069e-07 0.00220313
1.07e-07 0.00132031
1.071e-07 1.3411e-10
1.072e-07 1.56251e-05
1.073e-07 0.00125
1.074e-07 0.00252344
1.075e-07 0.00271875
1.076e-07 0.002
1.077e-07 0.00127344
1.078e-07 0.00148438
1.079e-07 0.0026875
1.08e-07 0.003875
1.081e-07 0.004
1.082e-07 0.00260156
1.083e-07 0.000695313
1.084e-07 -0.000359375
1.085e-07 0.000273438
1.086e-07 0.002
1.087e-07 0.00332813
1.088e-07 0.0029375
1.089e-07 0.000742188
1.09e-07 -0.0015
1.091e-07 -0.002
1.092e-07 -0.000320312
1.093e-07 0.00160938
1.094e-07 0.00173438
1.095e-07 -7.81249e-05
1.096e-07 -0.002
1.097e-07 -0.0020625
1.098e-07 -0.00075
1.099e-07 0.000429688
1.1e-07 0.000507813
1.101e-07 1.3411e-10
1.102e-07 -9.37499e-05
1.103e-07 -7.81237e-06
1.104e-07 -0.000171875
1.105e-07 -0.000390625
1.106e-07 1.3411e-10
1.107e-07 0.00117969
1.108e-07 0.00201563
1.109e-07 0.00158594
1.11e-07 0.0004375
1.111e-07 1.3411e-10
1.112e-07 0.001
1.113e-07 0.00200781
1.114e-07 0.00142969
1.115e-07 -0.0005
1.116e-07 -0.002
1.117e-07 -0.00161719
1.118e-07 -0.000460937
1.119e-07 3.12501e-05
1.12e-07 -0.000257812
1.121e-07 1.3411e-10
1.122e-07 0.00178125
1.123e-07 0.00363281
1.124e-07 0.00374219
1.125e-07 0.00196094
1.126e-07 1.3411e-10
1.127e-07 -0.000351562
1.128e-07 0.000976563
1.129e-07 0.00289844
1.13e-07 0.00400781
1.131e-07 0.004
1.132e-07 0.00321875
1.133e-07 0.00236719
1.134e-07 0.00171094
1.135e-07 0.00107031
1.136e-07 1.3411e-10
1.137e-07 -0.00142969
1.138e-07 -0.00219531
1.139e-07 -0.00139062
1.14e-07 0.000492188
1.141e-07 0.002
1.142e-07 0.00196094
1.143e-07 0.000726563
1.144e-07 -0.00053125
1.145e-07 -0.000757812
1.146e-07 1.3411e-10
1.147e-07 0.00107813
1.148e-07 0.00183594
1.149e-07 0.00201563
1.15e-07 0.00189844
1.151e-07 0.002
1.152e-07 0.00235938
1.153e-07 0.00232813
1.154e-07 0.00139063
1.155e-07 0.000226563
1.156e-07 1.3411e-10
1.157e-07 0.00113281
1.158e-07 0.00208594
1.159e-07 0.00135156
1.16e-07 -0.000632812
1.161e-07 -0.002
1.162e-07 -0.00142969
1.163e-07 -0.00028125
1.164e-07 -0.000242187
1.165e-07 -0.00135937
1.166e-07 -0.002
1.167e-07 -0.00071875
1.168e-07 0.00128906
1.169e-07 0.00217188
1.17e-07 0.00132031
1.171e-07 1.3411e-10
1.172e-07 -0.000359375
1.173e-07 -0.000125
1.174e-07 -0.000125
1.175e-07 -0.000359375
1.176e-07 1.3411e-10
1.177e-07 0.00132031
1.178e-07 0.00217188
1.179e-07 0.00128906
1.18e-07 -0.00071875
1.181e-07 -0.002
1.182e-07 -0.00138281
1.183e-07 -0.000257812
1.184e-07 -0.000257812
1.185e-07 -0.00138281
1.186e-07 -0.002
1.187e-07 -0.0006875
1.188e-07 0.00130469
1.189e-07 0.00216406
1.19e-07 0.00130469
1.191e-07 1.3411e-10
1.192e-07 -0.0003125
1.193e-07 -0.000101562
1.194e-07 -0.000148437
1.195e-07 -0.000414062
1.196e-07 1.3411e-10
1.197e-07 0.00159375
1.198e-07 0.00342188
1.199e-07 0.00417188
1.2e-07 0.00339844
1.201e-07 0.002
1.202e-07 0.00113281
1.203e-07 0.00147656
1.204e-07 0.00260156
1.205e-07 0.00310938
1.206e-07 0.002
1.207e-07 -0.000429687
1.208e-07 -0.00203906
1.209e-07 -0.00130469
1.21e-07 0.00084375
1.211e-07 0.002
1.212e-07 0.0006875
1.213e-07 -0.00141406
1.214e-07 -0.001875
1.215e-07 -0.000117187
1.216e-07 0.002
1.217e-07 0.00229688
1.218e-07 0.00090625
1.219e-07 -0.000671875
1.22e-07 -0.000976562
1.221e-07 1.3411e-10
1.222e-07 0.00128906
1.223e-07 0.00202344
1.224e-07 0.00174219
1.225e-07 0.0008125
1.226e-07 1.3411e-10
1.227e-07 -0.000195312
1.228e-07 -6.24999e-05
1.229e-07 -7.81249e-05
1.23e-07 -0.000226562
1.231e-07 1.3411e-10
1.232e-07 0.0009375
1.233e-07 0.00184375
1.234e-07 0.00185938
1.235e-07 0.00096875
1.236e-07 1.3411e-10
1.237e-07 -0.000273437
1.238e-07 -0.000109375
1.239e-07 -4.68749e-05
1.24e-07 -0.000171875
1.241e-07 1.3411e-10
1.242e-07 0.000828125
1.243e-07 0.00171094
1.244e-07 0.00207031
1.245e-07 0.00194531
1.246e-07 0.002
1.247e-07 0.00245313
1.248e-07 0.0024375
1.249e-07 0.00121094
1.25e-07 -0.000703125
1.251e-07 -0.002
1.252e-07 -0.00153906
1.253e-07 0.000617188
1.254e-07 0.00326563
1.255e-07 0.00459375
1.256e-07 0.004
1.257e-07 0.00202344
1.258e-07 0.000320313
1.259e-07 0.000125
1.26e-07 0.00117188
1.261e-07 0.002
1.262e-07 0.00146094
1.263e-07 0.000398438
1.264e-07 -7.03124e-05
1.265e-07 0.000140625
1.266e-07 1.3411e-10
1.267e-07 -0.00119531
1.268e-07 -0.00210156
1.269e-07 -0.00136719
1.27e-07 0.000609375
1.271e-07 0.002
1.272e-07 0.0013125
1.273e-07 -0.000851562
1.274e-07 -0.00283594
1.275e-07 -0.00314844
1.276e-07 -0.002
1.277e-07 -0.0005625
1.278e-07 0.000101563
1.279e-07 -0.000320312
1.28e-07 -0.00130469
1.281e-07 -0.002
1.282e-07 -0.00175
1.283e-07 -0.00065625
1.284e-07 0.000546875
1.285e-07 0.00084375
1.286e-07 1.3411e-10
1.287e-07 -0.001375
1.288e-07 -0.00214844
1.289e-07 -0.00153125
1.29e-07 0.0001875
1.291e-07 0.002
1.292e-07 0.00285938
1.293e-07 0.00253125
1.294e-07 0.00140625
1.295e-07 0.000398438
1.296e-07 1.3411e-10
1.297e-07 -8.59374e-05
1.298e-07 7.81263e-06
1.299e-07 -0.000179687
1.3e-07 -0.000429687
1.301e-07 1.3411e-10
1.302e-07 0.00164063
1.303e-07 0.00226563
1.304e-07 0.00161719
1.305e-07 8.59376e-05
1.306e-07 -0.002
1.307e-07 -0.00320313
1.308e-07 -0.0080625
1.309e-07 -0.0165313
1.31e-07 -0.02375
1.311e-07 -0.024
1.312e-07 -0.010625
1.313e-07 0.0152031
1.314e-07 0.0490391
1.315e-07 0.0794688
1.316e-07 0.102
1.317e-07 0.114867
1.318e-07 0.120883
1.319e-07 0.122656
1.32e-07 0.123117
1.321e-07 0.124
1.322e-07 0.120898
1.323e-07 0.113703
1.324e-07 0.100789
1.325e-07 0.0879609
1.326e-07 0.082
1.327e-07 0.0827578
1.328e-07 0.0899766
1.329e-07 0.0966719
1.33e-07 0.0967109
1.331e-07 0.09
1.332e-07 0.0779766
1.333e-07 0.0627344
1.334e-07 0.0453359
1.335e-07 0.0285938
1.336e-07 0.012
1.337e-07 -0.00365625
1.338e-07 -0.0199141
1.339e-07 -0.0358359
1.34e-07 -0.0466719
1.341e-07 -0.05
1.342e-07 -0.043
1.343e-07 -0.0278516
1.344e-07 -0.008
1.345e-07 0.00922656
1.346e-07 0.02
1.347e-07 0.0218125
1.348e-07 0.0139609
1.349e-07 -0.00334375
1.35e-07 -0.0237813
1.351e-07 -0.042
1.352e-07 -0.0553359
1.353e-07 -0.0631953
1.354e-07 -0.0689609
1.355e-07 -0.0753438
1.356e-07 -0.084
1.357e-07 -0.0941719
1.358e-07 -0.104031
1.359e-07 -0.111117
1.36e-07 -0.113406
1.361e-07 -0.112
1.362e-07 -0.108008
1.363e-07 -0.104625
1.364e-07 -0.104031
1.365e-07 -0.106781
1.366e-07 -0.112
1.367e-07 -0.118195
1.368e-07 -0.125695
1.369e-07 -0.134305
1.37e-07 -0.142461
1.371e-07 -0.15
1.372e-07 -0.155438
1.373e-07 -0.162039
1.374e-07 -0.17018
1.375e-07 -0.177094
1.376e-07 -0.18
1.377e-07 -0.174359
1.378e-07 -0.163336
1.379e-07 -0.148438
1.38e-07 -0.133117
1.381e-07 -0.118
1.382e-07 -0.102625
1.383e-07 -0.0913125
1.384e-07 -0.0860313
1.385e-07 -0.0858047
1.386e-07 -0.086
1.387e-07 -0.0827891
1.388e-07 -0.0781328
1.389e-07 -0.0746172
1.39e-07 -0.0733438
1.391e-07 -0.072
1.392e-07 -0.0676094
1.393e-07 -0.0607031
1.394e-07 -0.0512344
1.395e-07 -0.0395469
1.396e-07 -0.024
1.397e-07 -0.00475
1.398e-07 0.0140078
1.399e-07 0.0284844
1.4e-07 0.0365547
1.401e-07 0.042
1.402e-07 0.0470938
1.403e-07 0.0520703
1.404e-07 0.0550781
1.405e-07 0.0556094
1.406e-07 0.056
1.407e-07 0.0573125
1.408e-07 0.0601406
1.409e-07 0.0635469
1.41e-07 0.0670469
1.411e-07 0.072
1.412e-07 0.0783594
1.413e-07 0.086
1.414e-07 0.0936406
1.415e-07 0.0994844
1.416e-07 0.104
1.417e-07 0.10675
1.418e-07 0.109117
1.419e-07 0.110617
1.42e-07 0.110313
1.421e-07 0.108
1.422e-07 0.102992
1.423e-07 0.0980547
1.424e-07 0.0943125
1.425e-07 0.0920547
1.426e-07 0.09
1.427e-07 0.0864531
1.428e-07 0.0830781
1.429e-07 0.0814375
1.43e-07 0.0821719
1.431e-07 0.084
1.432e-07 0.0846172
1.433e-07 0.0834375
1.434e-07 0.0802891
1.435e-07 0.0762422
1.436e-07 0.072
1.437e-07 0.0675313
1.438e-07 0.0627578
1.439e-07 0.057
1.44e-07 0.0512031
1.441e-07 0.046
1.442e-07 0.0417109
1.443e-07 0.0379297
1.444e-07 0.033875
1.445e-07 0.0302969
1.446e-07 0.028
1.447e-07 0.0274063
1.448e-07 0.0269141
1.449e-07 0.0245156
1.45e-07 0.0199141
1.451e-07 0.014
1.452e-07 0.0083125
1.453e-07 0.00282813
1.454e-07 -0.00294531
1.455e-07 -0.00808594
1.456e-07 -0.012
1.457e-07 -0.0140156
1.458e-07 -0.01525
1.459e-07 -0.0170391
1.46e-07 -0.0194922
1.461e-07 -0.022
1.462e-07 -0.0237813
1.463e-07 -0.0262031
1.464e-07 -0.0301797
1.465e-07 -0.0345859
1.466e-07 -0.038
1.467e-07 -0.0392578
1.468e-07 -0.040625
1.469e-07 -0.0440234
1.47e-07 -0.0485859
1.471e-07 -0.052
1.472e-07 -0.0520156
1.473e-07 -0.0505781
1.474e-07 -0.0499766
1.475e-07 -0.0509297
1.476e-07 -0.052
1.477e-07 -0.0512188
1.478e-07 -0.0501406
1.479e-07 -0.0503125
1.48e-07 -0.0520078
1.481e-07 -0.054
1.482e-07 -0.0543203
1.483e-07 -0.0540547
1.484e-07 -0.0541563
1.485e-07 -0.0550234
1.486e-07 -0.056
1.487e-07 -0.0551484
1.488e-07 -0.0523359
1.489e-07 -0.0473281
1.49e-07 -0.0415234
1.491e-07 -0.036
1.492e-07 -0.0311953
1.493e-07 -0.0275234
1.494e-07 -0.0245078
1.495e-07 -0.0221016
1.496e-07 -0.02
1.497e-07 -0.0179688
1.498e-07 -0.0155
1.499e-07 -0.0123828
1.5e-07 -0.00963281
1.501e-07 -0.008
1.502e-07 -0.00765625
1.503e-07 -0.00703906
1.504e-07 -0.00445313
1.505e-07 0.00021875
1.506e-07 0.006
1.507e-07 0.0110547
1.508e-07 0.0146641
1.509e-07 0.0171641
1.51e-07 0.0192734
1.511e-07 0.022
1.512e-07 0.0250078
1.513e-07 0.0273984
1.514e-07 0.0281328
1.515e-07 0.0272188
1.516e-07 0.026
1.517e-07 0.0256719
1.518e-07 0.0268281
1.519e-07 0.0291953
1.52e-07 0.0322266
1.521e-07 0.036
1.522e-07 0.0399375
1.523e-07 0.0430234
1.524e-07 0.0445313
1.525e-07 0.0449922
1.526e-07 0.046
1.527e-07 0.0476719
1.528e-07 0.0485078
1.529e-07 0.0467188
1.53e-07 0.0430391
1.531e-07 0.04
1.532e-07 0.0393984
1.533e-07 0.0409219
1.534e-07 0.0426875
1.535e-07 0.0435078
1.536e-07 0.044
1.537e-07 0.0445469
1.538e-07 0.0445156
1.539e-07 0.043
1.54e-07 0.0409063
1.541e-07 0.04
1.542e-07 0.0405781
1.543e-07 0.0408359
1.544e-07 0.0382813
1.545e-07 0.0332266
1.546e-07 0.028
1.547e-07 0.0245703
1.548e-07 0.0227578
1.549e-07 0.0208906
1.55e-07 0.0184297
1.551e-07 0.016
1.552e-07 0.0144141
1.553e-07 0.0129766
1.554e-07 0.0107031
1.555e-07 0.00805469
1.556e-07 0.006
1.557e-07 0.00507813
1.558e-07 0.00355469
1.559e-07 -0.000148437
1.56e-07 -0.00526563
1.561e-07 -0.01
1.562e-07 -0.0124453
1.563e-07 -0.0135391
1.564e-07 -0.0147422
1.565e-07 -0.0164531
1.566e-07 -0.018
1.567e-07 -0.0181797
1.568e-07 -0.0179609
1.569e-07 -0.0183047
1.57e-07 -0.01925
1.571e-07 -0.02
1.572e-07 -0.0196875
1.573e-07 -0.0195703
1.574e-07 -0.0208438
1.575e-07 -0.0233672
1.576e-07 -0.026
1.577e-07 -0.0273203
1.578e-07 -0.0278594
1.579e-07 -0.0282656
1.58e-07 -0.0285078
1.581e-07 -0.028
1.582e-07 -0.0262188
1.583e-07 -0.0245078
1.584e-07 -0.0238906
1.585e-07 -0.0241875
1.586e-07 -0.024
1.587e-07 -0.0223047
1.588e-07 -0.0204844
1.589e-07 -0.0200078
1.59e-07 -0.0209766
1.591e-07 -0.022
1.592e-07 -0.0218516
1.593e-07 -0.0217266
1.594e-07 -0.0227266
1.595e-07 -0.024125
1.596e-07 -0.024
1.597e-07 -0.0211484
1.598e-07 -0.0175
1.599e-07 -0.0151172
1.6e-07 -0.0145391
1.601e-07 -0.014
1.602e-07 -0.0118125
1.603e-07 -0.00903906
1.604e-07 -0.0075
1.605e-07 -0.00817969
1.606e-07 -0.01
1.607e-07 -0.0111328
1.608e-07 -0.0108125
1.609e-07 -0.00903906
1.61e-07 -0.00659375
1.611e-07 -0.004
1.612e-07 -0.00171094
1.613e-07 -0.00034375
1.614e-07 0.000164063
1.615e-07 0.000601563
1.616e-07 0.002
1.617e-07 0.00433594
1.618e-07 0.00584375
1.619e-07 0.00564063
1.62e-07 0.00492969
1.621e-07 0.006
1.622e-07 0.0096875
1.623e-07 0.0132109
1.624e-07 0.0137344
1.625e-07 0.0115391
1.626e-07 0.01
1.627e-07 0.0119219
1.628e-07 0.0159453
1.629e-07 0.0193828
1.63e-07 0.020875
1.631e-07 0.022
1.632e-07 0.0241328
1.633e-07 0.0258672
1.634e-07 0.0253516
1.635e-07 0.0231875
1.636e-07 0.022
1.637e-07 0.0233359
1.638e-07 0.0254063
1.639e-07 0.0257891
1.64e-07 0.0245
1.641e-07 0.024
1.642e-07 0.0257813
1.643e-07 0.0277422
1.644e-07 0.0273125
1.645e-07 0.0250234
1.646e-07 0.024
1.647e-07 0.0259609
1.648e-07 0.0280234
1.649e-07 0.0267344
1.65e-07 0.0227344
1.651e-07 0.02
1.652e-07 0.0212031
1.653e-07 0.0235859
1.654e-07 0.0232031
1.655e-07 0.0195859
1.656e-07 0.016
1.657e-07 0.015375
1.658e-07 0.0160859
1.659e-07 0.0150234
1.66e-07 0.0115469
1.661e-07 0.008
1.662e-07 0.00717969
1.663e-07 0.00882031
1.664e-07 0.0108672
1.665e-07 0.0113281
1.666e-07 0.01
1.667e-07 0.00750781
1.668e-07 0.004
1.669e-07 -6.24999e-05
1.67e-07 -0.00305469
1.671e-07 -0.004
1.672e-07 -0.00296094
1.673e-07 -0.00190625
1.674e-07 -0.00270312
1.675e-07 -0.00528906
1.676e-07 -0.008
1.677e-07 -0.00924219
1.678e-07 -0.00972656
1.679e-07 -0.0105781
1.68e-07 -0.0116641
1.681e-07 -0.012
1.682e-07 -0.0109766
1.683e-07 -0.011
1.684e-07 -0.0137891
1.685e-07 -0.0177969
1.686e-07 -0.02
1.687e-07 -0.0185391
1.688e-07 -0.0163672
1.689e-07 -0.0165938
1.69e-07 -0.0194141
1.691e-07 -0.022
1.692e-07 -0.0212031
1.693e-07 -0.0178594
1.694e-07 -0.0146016
1.695e-07 -0.0140234
1.696e-07 -0.016
1.697e-07 -0.0183203
1.698e-07 -0.0188047
1.699e-07 -0.016625
1.7e-07 -0.0135313
1.701e-07 -0.012
1.702e-07 -0.0131953
1.703e-07 -0.0153516
1.704e-07 -0.0159609
1.705e-07 -0.0142969
1.706e-07 -0.012
1.707e-07 -0.0111641
1.708e-07 -0.0116563
1.709e-07 -0.0120703
1.71e-07 -0.0114141
1.711e-07 -0.01
1.712e-07 -0.00874219
1.713e-07 -0.00809375
1.714e-07 -0.00796875
1.715e-07 -0.00805469
1.716e-07 -0.008
1.717e-07 -0.00753125
1.718e-07 -0.00664063
1.719e-07 -0.00533594
1.72e-07 -0.00378906
1.721e-07 -0.002
1.722e-07 -0.000140625
1.723e-07 0.00144531
1.724e-07 0.00238281
1.725e-07 0.00244531
1.726e-07 0.002
1.727e-07 0.0015625
1.728e-07 0.00167188
1.729e-07 0.00244531
1.73e-07 0.00340625
1.731e-07 0.004
1.732e-07 0.00397656
1.733e-07 0.00383594
1.734e-07 0.00435156
1.735e-07 0.00582813
1.736e-07 0.008
1.737e-07 0.010125
1.738e-07 0.0116172
1.739e-07 0.0121641
1.74e-07 0.0120547
1.741e-07 0.012
1.742e-07 0.0121719
1.743e-07 0.0121641
1.744e-07 0.011625
1.745e-07 0.0112344
1.746e-07 0.012
1.747e-07 0.0137656
1.748e-07 0.0145313
1.749e-07 0.0127188
1.75e-07 0.00959375
1.751e-07 0.008
1.752e-07 0.00966406
1.753e-07 0.0127734
1.754e-07 0.0144688
1.755e-07 0.0136406
1.756e-07 0.012
1.757e-07 0.0115469
1.758e-07 0.0118984
1.759e-07 0.0117188
1.76e-07 0.0107422
1.761e-07 0.01
1.762e-07 0.0102188
1.763e-07 0.0103516
1.764e-07 0.0091875
1.765e-07 0.00721875
1.766e-07 0.006
1.767e-07 0.00650781
1.768e-07 0.00769531
1.769e-07 0.00783594
1.77e-07 0.00628906
1.771e-07 0.004
1.772e-07 0.00239844
1.773e-07 0.00190625
1.774e-07 0.002125
1.775e-07 0.0023125
1.776e-07 0.002
1.777e-07 0.00126563
1.778e-07 0.000414063
1.779e-07 -0.000351562
1.78e-07 -0.00105469
1.781e-07 -0.002
1.782e-07 -0.00314844
1.783e-07 -0.00394531
1.784e-07 -0.00378125
1.785e-07 -0.00283594
1.786e-07 -0.002
1.787e-07 -0.00210156
1.788e-07 -0.00321094
1.789e-07 -0.00475781
1.79e-07 -0.00580469
1.791e-07 -0.006
1.792e-07 -0.0054375
1.793e-07 -0.00447656
1.794e-07 -0.00360156
1.795e-07 -0.00339844
1.796e-07 -0.004
1.797e-07 -0.00511719
1.798e-07 -0.00589063
1.799e-07 -0.00591406
1.8e-07 -0.00565625
1.801e-07 -0.006
1.802e-07 -0.00714844
1.803e-07 -0.008
1.804e-07 -0.00760938
1.805e-07 -0.00644531
1.806e-07 -0.006
1.807e-07 -0.00721875
1.808e-07 -0.00921875
1.809e-07 -0.0103594
1.81e-07 -0.00971875
1.811e-07 -0.008
1.812e-07 -0.00645313
1.813e-07 -0.00590625
1.814e-07 -0.00621875
1.815e-07 -0.00650781
1.816e-07 -0.006
1.817e-07 -0.00472656
1.818e-07 -0.00392969
1.819e-07 -0.00446875
1.82e-07 -0.00567969
1.821e-07 -0.006
1.822e-07 -0.00450781
1.823e-07 -0.00258594
1.824e-07 -0.00196094
1.825e-07 -0.0029375
1.826e-07 -0.004
1.827e-07 -0.00364844
1.828e-07 -0.00251562
1.829e-07 -0.00182812
1.83e-07 -0.00196875
1.831e-07 -0.002
1.832e-07 -0.00107031
1.833e-07 -0.000171875
1.834e-07 -0.000203125
1.835e-07 -0.000640625
1.836e-07 1.3411e-10
1.837e-07 0.00224219
1.838e-07 0.00394531
1.839e-07 0.00329688
1.84e-07 0.00107813
1.841e-07 1.3411e-10
1.842e-07 0.001875
1.843e-07 0.00488281
1.844e-07 0.00634375
1.845e-07 0.00541406
1.846e-07 0.004
1.847e-07 0.00414844
1.848e-07 0.005375
1.849e-07 0.00624219
1.85e-07 0.00614063
1.851e-07 0.006
1.852e-07 0.00673438
1.853e-07 0.00773438
1.854e-07 0.00792188
1.855e-07 0.0070625
1.856e-07 0.006
1.857e-07 0.00553125
1.858e-07 0.00575781
1.859e-07 0.00616406
1.86e-07 0.00624219
1.861e-07 0.006
1.862e-07 0.00572656
1.863e-07 0.0058125
1.864e-07 0.00625
1.865e-07 0.0065
1.866e-07 0.006
1.867e-07 0.00457031
1.868e-07 0.00277344
1.869e-07 0.00142188
1.87e-07 0.00122656
1.871e-07 0.002
1.872e-07 0.00314063
1.873e-07 0.00389063
1.874e-07 0.00392188
1.875e-07 0.00371094
1.876e-07 0.004
1.877e-07 0.00476563
1.878e-07 0.00466406
1.879e-07 0.00284375
1.88e-07 0.000585938
1.881e-07 1.3411e-10
1.882e-07 0.00188281
1.883e-07 0.00383594
1.884e-07 0.00327344
1.885e-07 0.000429688
1.886e-07 -0.002
1.887e-07 -0.0018125
1.888e-07 -0.000421875
1.889e-07 -0.000234375
1.89e-07 -0.00197656
1.891e-07 -0.004
1.892e-07 -0.00421875
1.893e-07 -0.00286719
1.894e-07 -0.001375
1.895e-07 -0.00109375
1.896e-07 -0.002
1.897e-07 -0.00314063
1.898e-07 -0.003875
1.899e-07 -0.00399219
1.9e-07 -0.00382813
1.901e-07 -0.004
1.902e-07 -0.00469531
1.903e-07 -0.00566406
1.904e-07 -0.00617969
1.905e-07 -0.00560156
1.906e-07 -0.004
1.907e-07 -0.00225
1.908e-07 -0.00167969
1.909e-07 -0.00265625
1.91e-07 -0.00395313
1.911e-07 -0.004
1.912e-07 -0.00228125
1.913e-07 -0.000351562
1.914e-07 -0.000273437
1.915e-07 -0.00264062
1.916e-07 -0.006
1.917e-07 -0.00801563
1.918e-07 -0.00734375
1.919e-07 -0.004375
1.92e-07 -0.00132812
1.921e-07 1.3411e-10
1.922e-07 -0.00090625
1.923e-07 -0.00303906
1.924e-07 -0.00460156
1.925e-07 -0.00414844
1.926e-07 -0.002
1.927e-07 0.000226563
1.928e-07 0.000671875
1.929e-07 -0.00111719
1.93e-07 -0.00339063
1.931e-07 -0.004
1.932e-07 -0.00204687
1.933e-07 0.000875
1.934e-07 0.00251563
1.935e-07 0.00180469
1.936e-07 1.3411e-10
1.937e-07 -0.001
1.938e-07 -0.000609375
1.939e-07 0.000601563
1.94e-07 0.00160156
1.941e-07 0.002
1.942e-07 0.00199219
1.943e-07 0.00196094
1.944e-07 0.00210938
1.945e-07 0.00224219
1.946e-07 0.002
1.947e-07 0.00116406
1.948e-07 0.000242188
1.949e-07 -4.68749e-05
1.95e-07 0.00065625
1.951e-07 0.002
1.952e-07 0.00328906
1.953e-07 0.00394531
1.954e-07 0.00390625
1.955e-07 0.00370313
1.956e-07 0.004
1.957e-07 0.00469531
1.958e-07 0.00460938
1.959e-07 0.00296875
1.96e-07 0.000828125
1.961e-07 1.3411e-10
1.962e-07 0.00139063
1.963e-07 0.00338281
1.964e-07 0.00400781
1.965e-07 0.00298438
1.966e-07 0.002
1.967e-07 0.00255469
1.968e-07 0.00367969
1.969e-07 0.00384375
1.97e-07 0.00283594
1.971e-07 0.002
1.972e-07 0.00254688
1.973e-07 0.00365625
1.974e-07 0.0039375
1.975e-07 0.00305469
1.976e-07 0.002
1.977e-07 0.00176563
1.978e-07 0.00197656
1.979e-07 0.00180469
1.98e-07 0.000976563
1.981e-07 1.3411e-10
1.982e-07 -0.000414062
1.983e-07 -0.00021875
1.984e-07 0.0001875
1.985e-07 0.000304688
1.986e-07 1.3411e-10
1.987e-07 -0.000414062
1.988e-07 -0.000335937
1.989e-07 0.000507813
1.99e-07 0.0015625
1.991e-07 0.002
1.992e-07 0.00140625
1.993e-07 0.00040625
1.994e-07 -0.000195312
1.995e-07 -0.000125
1.996e-07 1.3411e-10
1.997e-07 -0.000523437
1.998e-07 -0.00151562
1.999e-07 -0.00235156
2e-07 -0.00248437
2.001e-07 -0.002
2.002e-07 -0.00124219
2.003e-07 -0.000382812
2.004e-07 0.00034375
2.005e-07 0.00053125
2.006e-07 1.3411e-10
2.007e-07 -0.00104687
2.008e-07 -0.00188281
2.009e-07 -0.00189844
2.01e-07 -0.00107812
2.011e-07 1.3411e-10
2.012e-07 0.000625
2.013e-07 0.000421875
2.014e-07 -0.000539062
2.015e-07 -0.00154687
2.016e-07 -0.002
2.017e-07 -0.00185156
2.018e-07 -0.00184375
2.019e-07 -0.00234375
2.02e-07 -0.00272656
2.021e-07 -0.002
2.022e-07 7.81251e-05
2.023e-07 0.00180469
2.024e-07 0.00157813
2.025e-07 -0.000320312
2.026e-07 -0.002
2.027e-07 -0.00186719
2.028e-07 -0.000632812
2.029e-07 0.000265625
2.03e-07 0.000195313
2.031e-07 1.3411e-10
2.032e-07 0.000609375
2.033e-07 0.00164063
2.034e-07 0.0020625
2.035e-07 0.00134375
2.036e-07 1.3411e-10
2.037e-07 -0.00115625
2.038e-07 -0.00184375
2.039e-07 -0.00211719
2.04e-07 -0.002125
2.041e-07 -0.002
2.042e-07 -0.00182031
2.043e-07 -0.001875
2.044e-07 -0.00219531
2.045e-07 -0.00238281
2.046e-07 -0.002
2.047e-07 -0.000953125
2.048e-07 -0.000148437
2.049e-07 -0.000109375
2.05e-07 -0.00040625
2.051e-07 1.3411e-10
2.052e-07 0.00141406
2.053e-07 0.00224219
2.054e-07 0.0011875
2.055e-07 -0.000929687
2.056e-07 -0.002
2.057e-07 -0.00071875
2.058e-07 0.00132813
2.059e-07 0.00203906
2.06e-07 0.00100781
2.061e-07 1.3411e-10
2.062e-07 0.000796875
2.063e-07 0.00291406
2.064e-07 0.00471875
2.065e-07 0.00492969
2.066e-07 0.004
2.067e-07 0.00295313
2.068e-07 0.00221875
2.069e-07 0.00178125
2.07e-07 0.0016875
2.071e-07 0.002
2.072e-07 0.00251563
2.073e-07 0.00242188
2.074e-07 0.00130469
2.075e-07 8.59376e-05
2.076e-07 1.3411e-10
2.077e-07 0.00129688
2.078e-07 0.00214063
2.079e-07 0.00129688
2.08e-07 -0.000179687
2.081e-07 1.3411e-10
2.082e-07 0.002875
2.083e-07 0.00565625
2.084e-07 0.00526563
2.085e-07 0.00167969
2.086e-07 -0.002
2.087e-07 -0.0026875
2.088e-07 -0.00109375
2.089e-07 0.000648438
2.09e-07 0.001375
2.091e-07 0.002
2.092e-07 0.00348438
2.093e-07 0.00429688
2.094e-07 0.00304688
2.095e-07 0.000796875
2.096e-07 1.3411e-10
2.097e-07 0.001875
2.098e-07 0.00384375
2.099e-07 0.00321875
2.1e-07 0.000304688
2.101e-07 -0.002
2.102e-07 -0.00127344
2.103e-07 0.00103125
2.104e-07 0.00228125
2.105e-07 0.00139844
2.106e-07 1.3411e-10
2.107e-07 0.000132813
2.108e-07 0.00135938
2.109e-07 0.00229688
2.11e-07 0.00227344
2.111e-07 0.002
2.112e-07 0.00224219
2.113e-07 0.00228125
2.114e-07 0.00139844
2.115e-07 0.000210938
2.116e-07 1.3411e-10
2.117e-07 0.00119531
2.118e-07 0.002125
2.119e-07 0.00127344
2.12e-07 -0.000804687
2.121e-07 -0.002
2.122e-07 -0.000828125
2.123e-07 0.00125781
2.124e-07 0.00214844
2.125e-07 0.00123438
2.126e-07 1.3411e-10
2.127e-07 -3.90624e-05
2.128e-07 0.000164063
2.129e-07 -0.000617187
2.13e-07 -0.00189844
2.131e-07 -0.002
2.132e-07 -4.68749e-05
2.133e-07 0.00179688
2.134e-07 0.00142969
2.135e-07 -0.0006875
2.136e-07 -0.002
2.137e-07 -0.000710937
2.138e-07 0.00140625
2.139e-07 0.00184375
2.14e-07 6.25001e-05
2.141e-07 -0.002
2.142e-07 -0.00214844
2.143e-07 -0.000804687
2.144e-07 0.000492188
2.145e-07 0.000617188
2.146e-07 1.3411e-10
2.147e-07 -0.000351562
2.148e-07 -0.000195312
2.149e-07 0.000171875
2.15e-07 0.000289063
2.151e-07 1.3411e-10
2.152e-07 -0.00046875
2.153e-07 -0.000382812
2.154e-07 0.00059375
2.155e-07 0.00173438
2.156e-07 0.002
2.157e-07 0.00096875
2.158e-07 3.90626e-05
2.159e-07 0.00040625
2.16e-07 0.00160938
2.161e-07 0.002
2.162e-07 0.000507813
2.163e-07 -0.00142969
2.164e-07 -0.00202344
2.165e-07 -0.00102344
2.166e-07 1.3411e-10
2.167e-07 -0.000421875
2.168e-07 -0.00157812
2.169e-07 -0.00203906
2.17e-07 -0.00122656
2.171e-07 1.3411e-10
2.172e-07 0.000539063
2.173e-07 0.00028125
2.174e-07 -0.000234375
2.175e-07 -0.000367187
2.176e-07 1.3411e-10
2.177e-07 0.000453125
2.178e-07 0.0003125
2.179e-07 -0.000476562
2.18e-07 -0.000929687
2.181e-07 1.3411e-10
2.182e-07 0.00225
2.183e-07 0.00396094
2.184e-07 0.00334375
2.185e-07 0.00065625
2.186e-07 -0.002
2.187e-07 -0.0025625
2.188e-07 -0.00111719
2.189e-07 0.000945313
2.19e-07 0.0020625
2.191e-07 0.002
2.192e-07 0.00132813
2.193e-07 0.000421875
2.194e-07 -0.000398437
2.195e-07 -0.000625
2.196e-07 1.3411e-10
2.197e-07 0.00119531
2.198e-07 0.00198438
2.199e-07 0.00172656
2.2e-07 0.00075
2.201e-07 1.3411e-10
2.202e-07 1.56251e-05
2.203e-07 0.000132813
2.204e-07 -0.000398437
2.205e-07 -0.00142187
2.206e-07 -0.002
2.207e-07 -0.00135937
2.208e-07 -0.000351562
2.209e-07 2.34376e-05
2.21e-07 -0.000203125
2.211e-07 1.3411e-10
2.212e-07 0.00120313
2.213e-07 0.00205469
2.214e-07 0.00146094
2.215e-07 0.000164063
2.216e-07 1.3411e-10
2.217e-07 0.00183594
2.218e-07 0.00375781
2.219e-07 0.00347656
2.22e-07 0.00084375
2.221e-07 -0.002
2.222e-07 -0.00274219
2.223e-07 -0.00123437
2.224e-07 0.00107813
2.225e-07 0.00229688
2.226e-07 0.002
2.227e-07 0.000898438
2.228e-07 6.25001e-05
2.229e-07 0.000203125
2.23e-07 0.00114063
2.231e-07 0.002
2.232e-07 0.00185938
2.233e-07 0.00075
2.234e-07 -0.000671875
2.235e-07 -0.00163281
2.236e-07 -0.002
2.237e-07 -0.00185937
2.238e-07 -0.000828125
2.239e-07 0.000960938
2.24e-07 0.00227344
2.241e-07 0.002
2.242e-07 9.37501e-05
2.243e-07 -0.00170312
2.244e-07 -0.00174219
2.245e-07 3.12501e-05
2.246e-07 0.002
2.247e-07 0.0024375
2.248e-07 0.00109375
2.249e-07 -0.00105469
