-2e-07 -0.0008
-1.9975e-07 0.001
-1.995e-07 -0.0002
-1.9925e-07 0.0014
-1.99e-07 0.0002
-1.9875e-07 0.0008
-1.985e-07 1.3411e-11
-1.9825e-07 0.0008
-1.98e-07 -0.0002
-1.9775e-07 0.0008
-1.975e-07 -0.0008
-1.9725e-07 0.0006
-1.97e-07 -0.001
-1.9675e-07 0.001
-1.965e-07 -0.0006
-1.9625e-07 0.0012
-1.96e-07 -0.0002
-1.9575e-07 0.0012
-1.955e-07 -0.0002
-1.9525e-07 0.001
-1.95e-07 -0.0006
-1.9475e-07 0.001
-1.945e-07 -0.0006
-1.9425e-07 0.0002
-1.94e-07 1.3411e-11
-1.9375e-07 0.0012
-1.935e-07 -0.0006
-1.9325e-07 0.0008
-1.93e-07 0.0002
-1.9275e-07 0.0004
-1.925e-07 -0.0006
-1.9225e-07 0.0008
-1.92e-07 0.0006
-1.9175e-07 0.0008
-1.915e-07 -0.0006
-1.9125e-07 0.0006
-1.91e-07 -0.0006
-1.9075e-07 0.0002
-1.905e-07 -0.0002
-1.9025e-07 0.0006
-1.9e-07 -0.0012
-1.8975e-07 0.0002
-1.895e-07 -0.0002
-1.8925e-07 0.001
-1.89e-07 -0.0008
-1.8875e-07 0.0004
-1.885e-07 -0.0002
-1.8825e-07 0.0008
-1.88e-07 -0.0004
-1.8775e-07 0.001
-1.875e-07 1.3411e-11
-1.8725e-07 0.0004
-1.87e-07 -0.0006
-1.8675e-07 0.0006
-1.865e-07 -0.0002
-1.8625e-07 0.0006
-1.86e-07 -0.0002
-1.8575e-07 0.0008
-1.855e-07 -0.0002
-1.8525e-07 0.0004
-1.85e-07 -0.0008
-1.8475e-07 0.0008
-1.845e-07 1.3411e-11
-1.8425e-07 0.0008
-1.84e-07 1.3411e-11
-1.8375e-07 0.001
-1.835e-07 -0.0002
-1.8325e-07 0.0012
-1.83e-07 1.3411e-11
-1.8275e-07 0.0016
-1.825e-07 1.3411e-11
-1.8225e-07 0.0004
-1.82e-07 0.0002
-1.8175e-07 0.0014
-1.815e-07 -0.0002
-1.8125e-07 0.0014
-1.81e-07 1.3411e-11
-1.8075e-07 0.0012
-1.805e-07 0.0004
-1.8025e-07 0.001
-1.8e-07 -0.0004
-1.7975e-07 0.0006
-1.795e-07 -0.0004
-1.7925e-07 0.0002
-1.79e-07 0.0002
-1.7875e-07 0.001
-1.785e-07 -0.001
-1.7825e-07 0.0008
-1.78e-07 -0.0002
-1.7775e-07 0.001
-1.775e-07 -0.0004
-1.7725e-07 0.0012
-1.77e-07 -0.0004
-1.7675e-07 0.0006
-1.765e-07 -0.0004
-1.7625e-07 0.001
-1.76e-07 -0.0006
-1.7575e-07 0.0008
-1.755e-07 -0.0002
-1.7525e-07 0.0012
-1.75e-07 -0.0004
-1.7475e-07 0.0008
-1.745e-07 -0.0002
-1.7425e-07 0.001
-1.74e-07 -0.0002
-1.7375e-07 0.001
-1.735e-07 0.0002
-1.7325e-07 0.0002
-1.73e-07 1.3411e-11
-1.7275e-07 0.0004
-1.725e-07 -0.0008
-1.7225e-07 0.0012
-1.72e-07 -0.0002
-1.7175e-07 0.001
-1.715e-07 1.3411e-11
-1.7125e-07 0.0008
-1.71e-07 -0.0002
-1.7075e-07 0.001
-1.705e-07 0.0002
-1.7025e-07 0.001
-1.7e-07 1.3411e-11
-1.6975e-07 0.0004
-1.695e-07 -0.0004
-1.6925e-07 0.001
-1.69e-07 -0.0002
-1.6875e-07 0.001
-1.685e-07 -0.0002
-1.6825e-07 0.001
-1.68e-07 -0.0002
-1.6775e-07 0.0004
-1.675e-07 -0.001
-1.6725e-07 0.0012
-1.67e-07 -0.0008
-1.6675e-07 0.0004
-1.665e-07 1.3411e-11
-1.6625e-07 0.0004
-1.66e-07 -0.0002
-1.6575e-07 0.0008
-1.655e-07 0.0002
-1.6525e-07 0.0006
-1.65e-07 -0.0006
-1.6475e-07 0.001
-1.645e-07 -0.0004
-1.6425e-07 0.0002
-1.64e-07 0.0006
-1.6375e-07 0.0008
-1.635e-07 1.3411e-11
-1.6325e-07 0.0002
-1.63e-07 1.3411e-11
-1.6275e-07 0.0008
-1.625e-07 -0.0002
-1.6225e-07 0.001
-1.62e-07 1.3411e-11
-1.6175e-07 0.0006
-1.615e-07 -0.0006
-1.6125e-07 0.0004
-1.61e-07 -0.0002
-1.6075e-07 0.0006
-1.605e-07 -0.0002
-1.6025e-07 0.0004
-1.6e-07 1.3411e-11
-1.5975e-07 0.0012
-1.595e-07 -0.0002
-1.5925e-07 0.0008
-1.59e-07 -0.0002
-1.5875e-07 0.0004
-1.585e-07 0.0002
-1.5825e-07 0.001
-1.58e-07 0.0002
-1.5775e-07 0.0008
-1.575e-07 0.0002
-1.5725e-07 1.3411e-11
-1.57e-07 1.3411e-11
-1.5675e-07 0.0006
-1.565e-07 -0.0002
-1.5625e-07 0.0004
-1.56e-07 -0.0002
-1.5575e-07 0.0012
-1.555e-07 1.3411e-11
-1.5525e-07 0.0006
-1.55e-07 -0.0008
-1.5475e-07 0.0006
-1.545e-07 -0.0002
-1.5425e-07 0.0008
-1.54e-07 1.3411e-11
-1.5375e-07 0.001
-1.535e-07 -0.0004
-1.5325e-07 0.0008
-1.53e-07 1.3411e-11
-1.5275e-07 0.0006
-1.525e-07 0.0002
-1.5225e-07 0.001
-1.52e-07 -0.0004
-1.5175e-07 0.0012
-1.515e-07 -0.0004
-1.5125e-07 0.001
-1.51e-07 1.3411e-11
-1.5075e-07 0.0006
-1.505e-07 1.3411e-11
-1.5025e-07 0.0008
-1.5e-07 0.0002
-1.4975e-07 0.0004
-1.495e-07 -0.0002
-1.4925e-07 0.0002
-1.49e-07 -0.0004
-1.4875e-07 0.0006
-1.485e-07 -0.0002
-1.4825e-07 0.001
-1.48e-07 1.3411e-11
-1.4775e-07 -0.0002
-1.475e-07 1.3411e-11
-1.4725e-07 0.001
-1.47e-07 -0.0004
-1.4675e-07 0.0006
-1.465e-07 -0.0004
-1.4625e-07 0.0008
-1.46e-07 1.3411e-11
-1.4575e-07 0.0006
-1.455e-07 1.3411e-11
-1.4525e-07 0.001
-1.45e-07 -0.0004
-1.4475e-07 0.001
-1.445e-07 1.3411e-11
-1.4425e-07 0.0008
-1.44e-07 -0.0004
-1.4375e-07 0.0004
-1.435e-07 1.3411e-11
-1.4325e-07 0.001
-1.43e-07 -0.0004
-1.4275e-07 0.001
-1.425e-07 -0.0002
-1.4225e-07 0.0006
-1.42e-07 -0.0002
-1.4175e-07 0.0002
-1.415e-07 1.3411e-11
-1.4125e-07 0.0004
-1.41e-07 -0.0006
-1.4075e-07 0.001
-1.405e-07 -0.0006
-1.4025e-07 0.0002
-1.4e-07 -0.0006
-1.3975e-07 0.0004
-1.395e-07 -0.0004
-1.3925e-07 0.0008
-1.39e-07 -0.0002
-1.3875e-07 0.0012
-1.385e-07 0.0002
-1.3825e-07 0.0008
-1.38e-07 -0.0002
-1.3775e-07 0.0014
-1.375e-07 -0.001
-1.3725e-07 0.0004
-1.37e-07 -0.0006
-1.3675e-07 0.0008
-1.365e-07 -0.0002
-1.3625e-07 0.0008
-1.36e-07 1.3411e-11
-1.3575e-07 0.001
-1.355e-07 0.0002
-1.3525e-07 0.0016
-1.35e-07 -0.0002
-1.3475e-07 0.0006
-1.345e-07 -0.0002
-1.3425e-07 0.0008
-1.34e-07 -0.0002
-1.3375e-07 0.0004
-1.335e-07 -0.0004
-1.3325e-07 0.0012
-1.33e-07 -0.0004
-1.3275e-07 0.0002
-1.325e-07 1.3411e-11
-1.3225e-07 0.001
-1.32e-07 -0.0002
-1.3175e-07 0.0008
-1.315e-07 -0.0004
-1.3125e-07 0.0004
-1.31e-07 -0.0006
-1.3075e-07 0.0014
-1.305e-07 -0.0006
-1.3025e-07 0.0008
-1.3e-07 1.3411e-11
-1.2975e-07 0.001
-1.295e-07 -0.0006
-1.2925e-07 0.0004
-1.29e-07 -0.0002
-1.2875e-07 0.001
-1.285e-07 0.0002
-1.2825e-07 0.0006
-1.28e-07 -0.0004
-1.2775e-07 0.0008
-1.275e-07 1.3411e-11
-1.2725e-07 0.0008
-1.27e-07 -0.0004
-1.2675e-07 0.0008
-1.265e-07 -0.0006
-1.2625e-07 0.0008
-1.26e-07 -0.0004
-1.2575e-07 0.0004
-1.255e-07 -0.0006
-1.2525e-07 0.0006
-1.25e-07 -0.0002
-1.2475e-07 0.0012
-1.245e-07 -0.0004
-1.2425e-07 0.0006
-1.24e-07 -0.0002
-1.2375e-07 0.0012
-1.235e-07 -0.0004
-1.2325e-07 0.0006
-1.23e-07 -0.0006
-1.2275e-07 0.0014
-1.225e-07 -0.0002
-1.2225e-07 0.0008
-1.22e-07 1.3411e-11
-1.2175e-07 0.0008
-1.215e-07 -0.0002
-1.2125e-07 1.3411e-11
-1.21e-07 -0.0002
-1.2075e-07 0.0006
-1.205e-07 0.0006
-1.2025e-07 0.0006
-1.2e-07 -0.001
-1.1975e-07 0.0012
-1.195e-07 0.0002
-1.1925e-07 0.0002
-1.19e-07 1.3411e-11
-1.1875e-07 0.0004
-1.185e-07 -0.0002
-1.1825e-07 0.0008
-1.18e-07 -0.0002
-1.1775e-07 0.0008
-1.175e-07 -0.0004
-1.1725e-07 0.0006
-1.17e-07 1.3411e-11
-1.1675e-07 0.0012
-1.165e-07 -0.0004
-1.1625e-07 0.0012
-1.16e-07 -0.0006
-1.1575e-07 0.0004
-1.155e-07 -0.0004
-1.1525e-07 0.0006
-1.15e-07 -0.0002
-1.1475e-07 0.001
-1.145e-07 -0.0004
-1.1425e-07 0.001
-1.14e-07 1.3411e-11
-1.1375e-07 0.0006
-1.135e-07 -0.0004
-1.1325e-07 0.001
-1.13e-07 0.0004
-1.1275e-07 0.0006
-1.125e-07 -0.0004
-1.1225e-07 0.0014
-1.12e-07 -0.0002
-1.1175e-07 0.0006
-1.115e-07 1.3411e-11
-1.1125e-07 0.0004
-1.11e-07 1.3411e-11
-1.1075e-07 0.0004
-1.105e-07 -0.0004
-1.1025e-07 0.001
-1.1e-07 -0.0008
-1.0975e-07 0.0008
-1.095e-07 0.0002
-1.0925e-07 0.0008
-1.09e-07 -0.0006
-1.0875e-07 0.0002
-1.085e-07 0.0006
-1.0825e-07 0.0008
-1.08e-07 -0.001
-1.0775e-07 0.0008
-1.075e-07 0.0002
-1.0725e-07 0.001
-1.07e-07 1.3411e-11
-1.0675e-07 0.0012
-1.065e-07 -0.0004
-1.0625e-07 0.0006
-1.06e-07 -0.0004
-1.0575e-07 0.0016
-1.055e-07 1.3411e-11
-1.0525e-07 0.001
-1.05e-07 -0.0004
-1.0475e-07 1.3411e-11
-1.045e-07 -0.0002
-1.0425e-07 0.001
-1.04e-07 1.3411e-11
-1.0375e-07 0.001
-1.035e-07 -0.0002
-1.0325e-07 0.0004
-1.03e-07 -0.0002
-1.0275e-07 0.0012
-1.025e-07 -0.0006
-1.0225e-07 0.0012
-1.02e-07 -0.0002
-1.0175e-07 0.0004
-1.015e-07 -0.0002
-1.0125e-07 0.0004
-1.01e-07 -0.0008
-1.0075e-07 0.001
-1.005e-07 1.3411e-11
-1.0025e-07 0.0004
-1e-07 0.0002
-9.975e-08 1.3411e-11
-9.95e-08 0.0002
-9.925e-08 0.0008
-9.9e-08 -0.0004
-9.875e-08 0.0008
-9.85e-08 -0.0002
-9.825e-08 0.0004
-9.8e-08 -0.0002
-9.775e-08 0.0008
-9.75e-08 1.3411e-11
-9.725e-08 0.001
-9.7e-08 -0.0002
-9.675e-08 0.0008
-9.65e-08 -0.0006
-9.625e-08 0.0008
-9.6e-08 0.0002
-9.575e-08 0.0014
-9.55e-08 0.0004
-9.525e-08 0.0006
-9.5e-08 -0.0002
-9.475e-08 0.0012
-9.45e-08 -0.0006
-9.425e-08 0.001
-9.4e-08 1.3411e-11
-9.375e-08 0.001
-9.35e-08 -0.0002
-9.325e-08 0.0008
-9.3e-08 0.0002
-9.275e-08 0.0004
-9.25e-08 -0.0006
-9.225e-08 0.0006
-9.2e-08 -0.0006
-9.175e-08 0.0012
-9.15e-08 -0.0002
-9.125e-08 0.0004
-9.1e-08 1.3411e-11
-9.075e-08 0.0004
-9.05e-08 0.0002
-9.025e-08 0.0008
-9e-08 -0.0006
-8.975e-08 0.0008
-8.95e-08 1.3411e-11
-8.925e-08 0.0006
-8.9e-08 0.0002
-8.875e-08 0.001
-8.85e-08 1.3411e-11
-8.825e-08 0.0006
-8.8e-08 -0.0002
-8.775e-08 0.001
-8.75e-08 -0.0006
-8.725e-08 0.001
-8.7e-08 0.0004
-8.675e-08 0.0004
-8.65e-08 1.3411e-11
-8.625e-08 0.001
-8.6e-08 -0.0002
-8.575e-08 0.0008
-8.55e-08 -0.0002
-8.525e-08 0.0004
-8.5e-08 1.3411e-11
-8.475e-08 0.0014
-8.45e-08 0.0004
-8.425e-08 0.0004
-8.4e-08 1.3411e-11
-8.375e-08 0.0008
-8.35e-08 -0.0004
-8.325e-08 0.0006
-8.3e-08 -0.0004
-8.275e-08 0.0008
-8.25e-08 1.3411e-11
-8.225e-08 0.0006
-8.2e-08 1.3411e-11
-8.175e-08 0.0006
-8.15e-08 0.0004
-8.125e-08 1.3411e-11
-8.1e-08 -0.0002
-8.075e-08 0.0012
-8.05e-08 1.3411e-11
-8.025e-08 0.0008
-8e-08 -0.0006
-7.975e-08 0.0014
-7.95e-08 -0.0002
-7.925e-08 0.0008
-7.9e-08 -0.0006
-7.875e-08 0.0008
-7.85e-08 1.3411e-11
-7.825e-08 0.0008
-7.8e-08 -0.0002
-7.775e-08 0.0008
-7.75e-08 0.0002
-7.725e-08 0.0006
-7.7e-08 1.3411e-11
-7.675e-08 0.0012
-7.65e-08 -0.0002
-7.625e-08 0.0006
-7.6e-08 1.3411e-11
-7.575e-08 0.0014
-7.55e-08 -0.0002
-7.525e-08 0.0006
-7.5e-08 -0.0006
-7.475e-08 0.0012
-7.45e-08 -0.0002
-7.425e-08 0.0006
-7.4e-08 -0.0004
-7.375e-08 0.0006
-7.35e-08 0.0006
-7.325e-08 0.001
-7.3e-08 -0.0004
-7.275e-08 0.0012
-7.25e-08 1.3411e-11
-7.225e-08 0.0008
-7.2e-08 -0.0006
-7.175e-08 0.001
-7.15e-08 -0.0008
-7.125e-08 0.0014
-7.1e-08 -0.0006
-7.075e-08 0.001
-7.05e-08 -0.0004
-7.025e-08 0.0014
-7e-08 -0.0004
-6.975e-08 0.0008
-6.95e-08 0.0004
-6.925e-08 0.001
-6.9e-08 1.3411e-11
-6.875e-08 0.0004
-6.85e-08 -0.0006
-6.825e-08 0.0004
-6.8e-08 -0.0002
-6.775e-08 0.0004
-6.75e-08 1.3411e-11
-6.725e-08 0.0006
-6.7e-08 -0.0004
-6.675e-08 0.001
-6.65e-08 -0.0002
-6.625e-08 0.001
-6.6e-08 -0.0002
-6.575e-08 0.001
-6.55e-08 0.0002
-6.525e-08 0.001
-6.5e-08 -0.0002
-6.475e-08 0.0008
-6.45e-08 0.0002
-6.425e-08 0.0012
-6.4e-08 0.0002
-6.375e-08 0.0006
-6.35e-08 -0.0004
-6.325e-08 0.0004
-6.3e-08 -0.0004
-6.275e-08 0.0012
-6.25e-08 0.0002
-6.225e-08 0.001
-6.2e-08 -0.0006
-6.175e-08 0.0008
-6.15e-08 1.3411e-11
-6.125e-08 0.001
-6.1e-08 -0.001
-6.075e-08 0.0012
-6.05e-08 -0.0004
-6.025e-08 0.0006
-6e-08 -0.0002
-5.975e-08 0.001
-5.95e-08 -0.0004
-5.925e-08 0.0004
-5.9e-08 -0.0002
-5.875e-08 0.0004
-5.85e-08 -0.0002
-5.825e-08 0.0002
-5.8e-08 -0.0006
-5.775e-08 0.0006
-5.75e-08 1.3411e-11
-5.725e-08 0.0002
-5.7e-08 1.3411e-11
-5.675e-08 0.0002
-5.65e-08 1.3411e-11
-5.625e-08 0.001
-5.6e-08 -0.0004
-5.575e-08 0.0012
-5.55e-08 0.0002
-5.525e-08 0.0002
-5.5e-08 -0.0004
-5.475e-08 0.001
-5.45e-08 -0.0006
-5.425e-08 0.0012
-5.4e-08 -0.0006
-5.375e-08 0.0008
-5.35e-08 -0.0008
-5.325e-08 0.001
-5.3e-08 1.3411e-11
-5.275e-08 0.0004
-5.25e-08 0.0004
-5.225e-08 0.0006
-5.2e-08 1.3411e-11
-5.175e-08 0.0006
-5.15e-08 0.0002
-5.125e-08 0.0002
-5.1e-08 1.3411e-11
-5.075e-08 0.0008
-5.05e-08 -0.0004
-5.025e-08 0.0012
-5e-08 -0.0008
-4.975e-08 0.001
-4.95e-08 -0.001
-4.925e-08 0.0014
-4.9e-08 -0.0008
-4.875e-08 0.0006
-4.85e-08 -0.0004
-4.825e-08 0.0006
-4.8e-08 0.0002
-4.775e-08 0.0008
-4.75e-08 1.3411e-11
-4.725e-08 0.0002
-4.7e-08 0.0002
-4.675e-08 0.0006
-4.65e-08 1.3411e-11
-4.625e-08 0.0004
-4.6e-08 -0.0008
-4.575e-08 0.0004
-4.55e-08 -0.0006
-4.525e-08 0.0004
-4.5e-08 -0.0006
-4.475e-08 0.001
-4.45e-08 -0.0002
-4.425e-08 0.0012
-4.4e-08 -0.0004
-4.375e-08 0.0004
-4.35e-08 -0.0002
-4.325e-08 0.0004
-4.3e-08 0.0004
-4.275e-08 0.001
-4.25e-08 -0.0002
-4.225e-08 0.0008
-4.2e-08 0.0002
-4.175e-08 0.001
-4.15e-08 -0.0004
-4.125e-08 0.0012
-4.1e-08 0.0002
-4.075e-08 0.0008
-4.05e-08 1.3411e-11
-4.025e-08 0.001
-4e-08 0.0002
-3.975e-08 0.0004
-3.95e-08 0.0002
-3.925e-08 0.0006
-3.9e-08 0.0002
-3.875e-08 0.0006
-3.85e-08 0.0006
-3.825e-08 0.0012
-3.8e-08 0.0002
-3.775e-08 0.0012
-3.75e-08 0.0006
-3.725e-08 0.0016
-3.7e-08 0.0002
-3.675e-08 0.0014
-3.65e-08 0.0002
-3.625e-08 0.001
-3.6e-08 0.0004
-3.575e-08 0.0012
-3.55e-08 0.0004
-3.525e-08 0.0016
-3.5e-08 0.0006
-3.475e-08 0.0018
-3.45e-08 0.0008
-3.425e-08 0.0012
-3.4e-08 0.0004
-3.375e-08 0.0016
-3.35e-08 0.0004
-3.325e-08 0.002
-3.3e-08 0.0006
-3.275e-08 0.0018
-3.25e-08 0.0012
-3.225e-08 0.0016
-3.2e-08 0.0008
-3.175e-08 0.0014
-3.15e-08 0.0016
-3.125e-08 0.0046
-3.1e-08 0.0066
-3.075e-08 0.0124
-3.05e-08 0.013
-3.025e-08 0.0146
-3e-08 0.0112
-2.975e-08 0.0084
-2.95e-08 0.001
-2.925e-08 -0.0046
-2.9e-08 -0.0104
-2.875e-08 -0.0134
-2.85e-08 -0.0172
-2.825e-08 -0.0152
-2.8e-08 -0.0156
-2.775e-08 -0.0124
-2.75e-08 -0.0106
-2.725e-08 -0.0058
-2.7e-08 -0.0042
-2.675e-08 0.0006
-2.65e-08 0.0018
-2.625e-08 0.0044
-2.6e-08 0.0026
-2.575e-08 0.0012
-2.55e-08 -0.0014
-2.525e-08 -0.0034
-2.5e-08 -0.0076
-2.475e-08 -0.0098
-2.45e-08 -0.013
-2.425e-08 -0.0134
-2.4e-08 -0.0148
-2.375e-08 -0.013
-2.35e-08 -0.0124
-2.325e-08 -0.01
-2.3e-08 -0.0086
-2.275e-08 -0.0058
-2.25e-08 -0.0044
-2.225e-08 -0.0014
-2.2e-08 0.0006
-2.175e-08 0.0028
-2.15e-08 0.0048
-2.125e-08 0.0072
-2.1e-08 0.0072
-2.075e-08 0.0094
-2.05e-08 0.0096
-2.025e-08 0.0108
-2e-08 0.0098
-1.975e-08 0.0096
-1.95e-08 0.007
-1.925e-08 0.0072
-1.9e-08 0.0064
-1.875e-08 0.007
-1.85e-08 0.0064
-1.825e-08 0.0074
-1.8e-08 0.0076
-1.775e-08 0.0094
-1.75e-08 0.0102
-1.725e-08 0.0132
-1.7e-08 0.0136
-1.675e-08 0.0154
-1.65e-08 0.0162
-1.625e-08 0.018
-1.6e-08 0.0172
-1.575e-08 0.0172
-1.55e-08 0.0158
-1.525e-08 0.0148
-1.5e-08 0.0118
-1.475e-08 0.011
-1.45e-08 0.0062
-1.425e-08 0.0046
-1.4e-08 0.0006
-1.375e-08 -0.0012
-1.35e-08 -0.0054
-1.325e-08 -0.0062
-1.3e-08 -0.0098
-1.275e-08 -0.01
-1.25e-08 -0.0124
-1.225e-08 -0.013
-1.2e-08 -0.015
-1.175e-08 -0.014
-1.15e-08 -0.015
-1.125e-08 -0.0144
-1.1e-08 -0.0146
-1.075e-08 -0.0128
-1.05e-08 -0.0128
-1.025e-08 -0.0106
-1e-08 -0.0104
-9.75e-09 -0.008
-9.5e-09 -0.0082
-9.25e-09 -0.0062
-9e-09 -0.0052
-8.75e-09 -0.0042
-8.5e-09 -0.0036
-8.25e-09 -0.0018
-8e-09 -0.0008
-7.75e-09 0.0014
-7.5e-09 0.001
-7.25e-09 0.0032
-7e-09 0.0032
-6.75e-09 0.0052
-6.5e-09 0.0058
-6.25e-09 0.0074
-6e-09 0.0074
-5.75e-09 0.0102
-5.5e-09 0.009
-5.25e-09 0.0102
-5e-09 0.0092
-4.75e-09 0.0104
-4.5e-09 0.0092
-4.25e-09 0.0092
-4e-09 0.0076
-3.75e-09 0.008
-3.5e-09 0.0064
-3.25e-09 0.0046
-3e-09 0.002
-2.75e-09 0.002
-2.5e-09 -0.0002
-2.25e-09 -0.001
-2e-09 -0.0024
-1.75e-09 -0.0036
-1.5e-09 -0.0052
-1.25e-09 -0.004
-1e-09 -0.0058
-7.5e-10 -0.005
-5e-10 -0.0066
-2.5e-10 -0.005
0 -0.007
2.5e-10 -0.0062
5e-10 -0.0072
7.5e-10 -0.0068
1e-09 -0.007
1.25e-09 -0.0056
1.5e-09 -0.0066
1.75e-09 -0.0048
2e-09 -0.0052
2.25e-09 -0.0042
2.5e-09 -0.0054
2.75e-09 -0.003
3e-09 -0.0044
3.25e-09 -0.0032
3.5e-09 -0.003
3.75e-09 -0.0018
4e-09 -0.002
4.25e-09 -0.0002
4.5e-09 -0.0006
4.75e-09 0.002
5e-09 0.001
5.25e-09 0.003
5.5e-09 0.0016
5.75e-09 0.0038
6e-09 0.0032
6.25e-09 0.004
6.5e-09 0.0034
6.75e-09 0.005
7e-09 0.0034
7.25e-09 0.0044
7.5e-09 0.0038
7.75e-09 0.005
8e-09 0.0032
8.25e-09 0.004
8.5e-09 0.0032
8.75e-09 0.0036
9e-09 0.0026
9.25e-09 0.0036
9.5e-09 0.0022
9.75e-09 0.0028
1e-08 0.0022
1.025e-08 0.0034
1.05e-08 0.0026
1.075e-08 0.003
1.1e-08 0.0018
1.125e-08 0.0026
1.15e-08 0.0012
1.175e-08 0.0022
1.2e-08 0.0006
1.225e-08 0.0016
1.25e-08 0.0016
1.275e-08 0.0016
1.3e-08 0.0014
1.325e-08 0.0026
1.35e-08 0.0012
1.375e-08 0.002
1.4e-08 0.0016
1.425e-08 0.003
1.45e-08 0.0008
1.475e-08 0.002
1.5e-08 0.0008
1.525e-08 0.0014
1.55e-08 1.3411e-11
1.575e-08 0.0002
1.6e-08 -0.002
1.625e-08 -0.0008
1.65e-08 -0.0022
1.675e-08 -0.0012
1.7e-08 -0.002
1.725e-08 -0.0012
1.75e-08 -0.0018
1.775e-08 -0.0008
1.8e-08 -0.002
1.825e-08 -0.0006
1.85e-08 -0.0026
1.875e-08 -0.0008
1.9e-08 -0.0018
1.925e-08 -0.001
1.95e-08 -0.0014
1.975e-08 0.0004
2e-08 -0.0008
2.025e-08 0.0006
2.05e-08 1.3411e-11
2.075e-08 0.0006
2.1e-08 -0.0008
2.125e-08 0.0002
2.15e-08 -0.001
2.175e-08 0.0002
2.2e-08 -0.001
2.225e-08 1.3411e-11
2.25e-08 -0.0008
2.275e-08 0.0002
2.3e-08 0.0006
2.325e-08 0.0018
2.35e-08 0.0002
2.375e-08 0.0024
2.4e-08 0.0014
2.425e-08 0.0028
2.45e-08 0.0018
2.475e-08 0.0022
2.5e-08 0.0016
2.525e-08 0.0018
2.55e-08 1.3411e-11
2.575e-08 1.3411e-11
2.6e-08 -0.0014
2.625e-08 -0.002
2.65e-08 -0.0046
2.675e-08 -0.0044
2.7e-08 -0.0058
2.725e-08 -0.0052
2.75e-08 -0.0062
2.775e-08 -0.0042
2.8e-08 -0.0046
2.825e-08 -0.0018
2.85e-08 -0.001
2.875e-08 0.0014
2.9e-08 0.0012
2.925e-08 0.002
2.95e-08 0.002
2.975e-08 0.0026
3e-08 0.0006
3.025e-08 0.0012
3.05e-08 -0.0006
3.075e-08 -0.0004
3.1e-08 -0.0016
3.125e-08 -0.0014
3.15e-08 -0.0012
3.175e-08 -0.0008
3.2e-08 -0.0004
3.225e-08 0.0008
3.25e-08 0.0008
3.275e-08 0.0022
3.3e-08 0.0012
3.325e-08 0.0034
3.35e-08 0.0032
3.375e-08 0.0036
3.4e-08 0.0032
3.425e-08 0.004
3.45e-08 0.0034
3.475e-08 0.005
3.5e-08 0.0038
3.525e-08 0.0046
3.55e-08 0.0032
3.575e-08 0.004
3.6e-08 0.0026
3.625e-08 0.0026
3.65e-08 -0.0006
3.675e-08 -0.0004
3.7e-08 -0.002
3.725e-08 -0.0018
3.75e-08 -0.0036
3.775e-08 -0.002
3.8e-08 -0.0036
3.825e-08 -0.0026
3.85e-08 -0.0028
3.875e-08 -0.0028
3.9e-08 -0.0028
3.925e-08 -0.0018
3.95e-08 -0.0032
3.975e-08 -0.002
4e-08 -0.0026
4.025e-08 -0.0012
4.05e-08 -0.0022
4.075e-08 -0.0016
4.1e-08 -0.0022
4.125e-08 -0.001
4.15e-08 -0.002
4.175e-08 -0.0006
4.2e-08 -0.002
4.225e-08 -0.0012
4.25e-08 -0.0018
4.275e-08 -0.0002
4.3e-08 -0.0004
4.325e-08 0.0032
4.35e-08 0.0028
4.375e-08 0.005
4.4e-08 0.0058
4.425e-08 0.007
4.45e-08 0.0058
4.475e-08 0.0072
4.5e-08 0.006
4.525e-08 0.0068
4.55e-08 0.0052
4.575e-08 0.0052
4.6e-08 0.0048
4.625e-08 0.0046
4.65e-08 0.0032
4.675e-08 0.0032
4.7e-08 0.0018
4.725e-08 0.0028
4.75e-08 0.0016
4.775e-08 0.0024
4.8e-08 0.0006
4.825e-08 0.002
4.85e-08 0.0012
4.875e-08 0.0022
4.9e-08 0.001
4.925e-08 0.0022
4.95e-08 0.0014
4.975e-08 0.0014
5e-08 -0.0002
5.025e-08 1.3411e-11
5.05e-08 -0.0014
5.075e-08 -0.0012
5.1e-08 -0.003
5.125e-08 -0.0022
5.15e-08 -0.003
5.175e-08 -0.0024
5.2e-08 -0.004
5.225e-08 -0.0026
5.25e-08 -0.003
5.275e-08 -0.0016
5.3e-08 -0.0022
5.325e-08 -0.0008
5.35e-08 -0.0014
5.375e-08 0.0006
5.4e-08 -0.0004
5.425e-08 0.0016
5.45e-08 -0.0004
5.475e-08 0.0008
5.5e-08 -0.0002
5.525e-08 0.0006
5.55e-08 -0.0006
5.575e-08 0.0004
5.6e-08 -0.0008
5.625e-08 1.3411e-11
5.65e-08 -0.0006
5.675e-08 -0.0004
5.7e-08 -0.001
5.725e-08 0.0004
5.75e-08 -0.0008
5.775e-08 1.3411e-11
5.8e-08 -0.001
5.825e-08 1.3411e-11
5.85e-08 -0.0002
5.875e-08 0.0006
5.9e-08 -0.0006
5.925e-08 -0.0008
5.95e-08 -0.0008
5.975e-08 -0.0014
6e-08 -0.0024
6.025e-08 -0.003
6.05e-08 -0.0042
6.075e-08 -0.0026
6.1e-08 -0.0048
6.125e-08 -0.0032
6.15e-08 -0.0032
6.175e-08 -0.0026
6.2e-08 -0.0032
6.225e-08 -0.0008
6.25e-08 -0.0014
6.275e-08 1.3411e-11
6.3e-08 -0.0006
6.325e-08 0.001
6.35e-08 1.3411e-11
6.375e-08 0.0014
6.4e-08 0.0006
6.425e-08 0.0024
6.45e-08 0.0008
6.475e-08 0.0016
6.5e-08 0.0006
6.525e-08 0.002
6.55e-08 0.001
6.575e-08 0.0024
6.6e-08 0.0002
6.625e-08 0.002
6.65e-08 0.0014
6.675e-08 0.002
6.7e-08 0.0008
6.725e-08 0.002
6.75e-08 0.002
6.775e-08 0.0026
6.8e-08 0.0006
6.825e-08 0.0022
6.85e-08 0.0012
6.875e-08 0.0012
6.9e-08 -0.0004
6.925e-08 0.0006
6.95e-08 0.0004
6.975e-08 0.001
7e-08 0.0002
7.025e-08 0.001
7.05e-08 1.3411e-11
7.075e-08 -0.0002
7.1e-08 -0.0006
7.125e-08 0.0006
7.15e-08 -0.0004
7.175e-08 0.0008
7.2e-08 0.0004
7.225e-08 0.0014
7.25e-08 0.0004
7.275e-08 0.0014
7.3e-08 0.0008
7.325e-08 0.002
7.35e-08 0.0012
7.375e-08 0.0014
7.4e-08 0.0016
7.425e-08 0.0018
7.45e-08 0.0012
7.475e-08 0.0016
7.5e-08 0.0008
7.525e-08 0.0014
7.55e-08 1.3411e-11
7.575e-08 0.0018
7.6e-08 0.0004
7.625e-08 0.0012
7.65e-08 1.3411e-11
7.675e-08 0.0004
7.7e-08 0.0002
7.725e-08 0.001
7.75e-08 -0.0004
7.775e-08 0.0002
7.8e-08 -0.0012
7.825e-08 0.0004
7.85e-08 -0.0008
7.875e-08 -0.0004
7.9e-08 -0.0014
7.925e-08 -0.0004
7.95e-08 -0.0018
7.975e-08 -0.0002
8e-08 -0.0008
8.025e-08 -0.0002
8.05e-08 -0.0016
8.075e-08 -0.0006
8.1e-08 -0.0018
8.125e-08 0.0002
8.15e-08 -0.0016
8.175e-08 -0.0004
8.2e-08 -0.0016
8.225e-08 -0.0008
8.25e-08 -0.0016
8.275e-08 -0.0012
8.3e-08 -0.0016
8.325e-08 -0.001
8.35e-08 -0.002
8.375e-08 -0.0008
8.4e-08 -0.002
8.425e-08 -0.0012
8.45e-08 -0.0026
8.475e-08 -0.0016
8.5e-08 -0.0022
8.525e-08 -0.0012
8.55e-08 -0.0022
8.575e-08 -0.0012
8.6e-08 -0.0022
8.625e-08 -0.0008
8.65e-08 -0.002
8.675e-08 -0.0002
8.7e-08 -0.0014
8.725e-08 -0.0004
8.75e-08 -0.0008
8.775e-08 -0.0004
8.8e-08 -0.001
8.825e-08 0.0004
8.85e-08 -0.0012
8.875e-08 1.3411e-11
8.9e-08 -0.0008
8.925e-08 0.0006
8.95e-08 -0.0004
8.975e-08 0.0006
9e-08 -0.0004
9.025e-08 0.0008
9.05e-08 -0.0004
9.075e-08 0.0006
9.1e-08 1.3411e-11
9.125e-08 0.001
9.15e-08 -0.0004
9.175e-08 0.0008
9.2e-08 0.0008
9.225e-08 0.001
9.25e-08 0.001
9.275e-08 0.0014
9.3e-08 0.0004
9.325e-08 0.0024
9.35e-08 0.0006
9.375e-08 0.0018
9.4e-08 0.001
9.425e-08 0.002
9.45e-08 0.0004
9.475e-08 0.0018
9.5e-08 0.0002
9.525e-08 0.0012
9.55e-08 0.0002
9.575e-08 0.0008
9.6e-08 0.0002
9.625e-08 0.001
9.65e-08 0.0004
9.675e-08 0.0016
9.7e-08 0.0002
9.725e-08 0.0018
9.75e-08 0.0002
9.775e-08 0.0016
9.8e-08 0.0012
9.825e-08 0.002
9.85e-08 0.001
9.875e-08 0.002
9.9e-08 0.0008
9.925e-08 0.0026
9.95e-08 0.001
9.975e-08 0.0026
1e-07 0.001
1.0025e-07 0.0034
1.005e-07 0.002
1.0075e-07 0.0024
1.01e-07 0.0018
1.0125e-07 0.0026
1.015e-07 0.0018
1.0175e-07 0.0022
1.02e-07 0.0018
1.0225e-07 0.0028
1.025e-07 0.0012
1.0275e-07 0.002
1.03e-07 0.0014
1.0325e-07 0.0024
1.035e-07 0.0006
1.0375e-07 0.0022
1.04e-07 0.0004
1.0425e-07 0.0012
1.045e-07 0.0002
1.0475e-07 0.0008
1.05e-07 1.3411e-11
1.0525e-07 0.0012
1.055e-07 -0.0002
1.0575e-07 0.0004
1.06e-07 -0.0016
1.0625e-07 0.0008
1.065e-07 -0.0006
1.0675e-07 1.3411e-11
1.07e-07 -0.001
1.0725e-07 0.0002
1.075e-07 -0.0004
1.0775e-07 0.0006
1.08e-07 -0.0008
1.0825e-07 0.0008
1.085e-07 -0.0002
1.0875e-07 0.0002
1.09e-07 -0.001
1.0925e-07 0.0002
1.095e-07 -0.0008
1.0975e-07 0.0002
1.1e-07 -0.0006
1.1025e-07 0.001
1.105e-07 -0.0004
1.1075e-07 0.001
1.11e-07 -0.0002
1.1125e-07 0.0006
1.115e-07 1.3411e-11
1.1175e-07 0.001
1.12e-07 1.3411e-11
1.1225e-07 0.001
1.125e-07 0.0002
1.1275e-07 0.0014
1.13e-07 0.0002
1.1325e-07 0.0012
1.135e-07 -0.0008
1.1375e-07 0.0006
1.14e-07 -0.0008
1.1425e-07 0.0002
1.145e-07 -0.0006
1.1475e-07 0.0008
1.15e-07 -0.0006
1.1525e-07 0.0006
1.155e-07 -0.0006
1.1575e-07 0.0002
1.16e-07 -0.0006
1.1625e-07 1.3411e-11
1.165e-07 -0.0006
1.1675e-07 0.0004
1.17e-07 -0.0008
1.1725e-07 0.0002
1.175e-07 -0.0008
1.1775e-07 0.0008
1.18e-07 -0.0002
1.1825e-07 0.0008
1.185e-07 -0.0002
1.1875e-07 0.0006
1.19e-07 -0.0002
1.1925e-07 0.0006
1.195e-07 0.0004
1.1975e-07 0.0006
1.2e-07 -0.0006
1.2025e-07 0.0004
1.205e-07 -0.001
1.2075e-07 0.0012
1.21e-07 -0.0008
1.2125e-07 0.0008
1.215e-07 1.3411e-11
1.2175e-07 -0.0002
1.22e-07 0.0004
1.2225e-07 0.001
1.225e-07 -0.0008
1.2275e-07 0.0006
1.23e-07 1.3411e-11
1.2325e-07 0.0006
1.235e-07 1.3411e-11
1.2375e-07 0.0004
1.24e-07 1.3411e-11
1.2425e-07 0.0002
1.245e-07 -0.0006
1.2475e-07 0.0006
1.25e-07 -0.0002
1.2525e-07 0.0006
1.255e-07 -0.0004
1.2575e-07 -0.0002
1.26e-07 -0.0002
1.2625e-07 0.0006
1.265e-07 1.3411e-11
1.2675e-07 0.0004
1.27e-07 -0.0006
1.2725e-07 0.0008
1.275e-07 1.3411e-11
1.2775e-07 0.0012
1.28e-07 -0.0006
1.2825e-07 0.0014
1.285e-07 -0.0002
1.2875e-07 0.0004
1.29e-07 -0.0004
1.2925e-07 0.0014
1.295e-07 1.3411e-11
1.2975e-07 0.001
1.3e-07 0.0002
1.3025e-07 0.0012
1.305e-07 0.0004
1.3075e-07 0.0008
1.31e-07 -0.0004
1.3125e-07 0.0006
1.315e-07 -0.0006
1.3175e-07 0.001
1.32e-07 0.0002
1.3225e-07 0.0008
1.325e-07 -0.0006
1.3275e-07 0.0012
1.33e-07 -0.0006
1.3325e-07 0.0008
1.335e-07 -0.0006
1.3375e-07 0.001
1.34e-07 -0.0002
1.3425e-07 0.0006
1.345e-07 -0.0008
1.3475e-07 0.0004
1.35e-07 -0.0006
1.3525e-07 0.0006
1.355e-07 -0.001
1.3575e-07 0.0002
1.36e-07 -0.001
1.3625e-07 0.0002
1.365e-07 -0.0008
1.3675e-07 0.0004
1.37e-07 -0.0006
1.3725e-07 0.0002
1.375e-07 1.3411e-11
1.3775e-07 0.001
1.38e-07 -0.0006
1.3825e-07 0.0004
1.385e-07 -0.0006
1.3875e-07 1.3411e-11
1.39e-07 -0.0008
1.3925e-07 1.3411e-11
1.395e-07 -0.0004
1.3975e-07 0.0002
1.4e-07 -0.0004
1.4025e-07 0.0002
1.405e-07 -0.0006
1.4075e-07 0.0002
1.41e-07 -0.0006
1.4125e-07 0.0004
1.415e-07 -0.0014
1.4175e-07 0.0006
1.42e-07 -0.0008
1.4225e-07 -0.0002
1.425e-07 -0.0014
1.4275e-07 0.0004
1.43e-07 -0.0008
1.4325e-07 -0.0002
1.435e-07 -0.0012
1.4375e-07 0.0002
1.44e-07 -0.0006
1.4425e-07 -0.0002
1.445e-07 -0.0006
1.4475e-07 -0.0002
1.45e-07 -0.0006
1.4525e-07 1.3411e-11
1.455e-07 -0.001
1.4575e-07 -0.0004
1.46e-07 -0.0018
1.4625e-07 -0.0006
1.465e-07 -0.0012
1.4675e-07 -0.0006
1.47e-07 -0.0016
1.4725e-07 -0.0006
1.475e-07 -0.0018
1.4775e-07 -0.0014
1.48e-07 -0.0014
1.4825e-07 -0.0004
1.485e-07 -0.0016
1.4875e-07 -0.0008
1.49e-07 -0.002
1.4925e-07 -0.0008
1.495e-07 -0.0012
1.4975e-07 0.0002
1.5e-07 -0.001
1.5025e-07 0.0002
1.505e-07 -0.0008
1.5075e-07 0.0002
1.51e-07 -0.0012
1.5125e-07 1.3411e-11
1.515e-07 -0.0002
1.5175e-07 0.0002
1.52e-07 -0.001
1.5225e-07 0.0006
1.525e-07 -0.001
1.5275e-07 1.3411e-11
1.53e-07 -0.0004
1.5325e-07 0.0008
1.535e-07 -0.0006
1.5375e-07 -0.0002
1.54e-07 1.3411e-11
1.5425e-07 0.0006
1.545e-07 -0.0002
1.5475e-07 1.3411e-11
1.55e-07 -0.0002
1.5525e-07 0.0006
1.555e-07 -0.0002
1.5575e-07 0.0006
1.56e-07 -0.0006
1.5625e-07 0.0008
1.565e-07 -0.0004
1.5675e-07 0.0008
1.57e-07 -0.001
1.5725e-07 0.0006
1.575e-07 -0.0012
1.5775e-07 1.3411e-11
1.58e-07 -0.0006
1.5825e-07 0.0004
1.585e-07 -0.0006
1.5875e-07 0.0008
1.59e-07 -0.0006
1.5925e-07 -0.0002
1.595e-07 -0.0006
1.5975e-07 0.0008
1.6e-07 -0.0006
1.6025e-07 0.0002
1.605e-07 -0.0008
1.6075e-07 1.3411e-11
1.61e-07 -0.0006
1.6125e-07 0.0008
1.615e-07 -0.0002
1.6175e-07 0.0006
1.62e-07 -0.0002
1.6225e-07 0.0002
1.625e-07 1.3411e-11
1.6275e-07 0.0008
1.63e-07 -0.001
1.6325e-07 0.0006
1.635e-07 -0.001
1.6375e-07 0.0002
1.64e-07 1.3411e-11
1.6425e-07 0.0014
1.645e-07 0.0006
1.6475e-07 0.0018
1.65e-07 0.0004
1.6525e-07 0.0014
1.655e-07 0.0006
1.6575e-07 0.0022
1.66e-07 0.0008
1.6625e-07 0.002
1.665e-07 0.0004
1.6675e-07 0.0014
1.67e-07 0.0008
1.6725e-07 0.001
1.675e-07 0.0002
1.6775e-07 0.0008
1.68e-07 0.0002
1.6825e-07 0.0008
1.685e-07 0.0012
1.6875e-07 0.002
1.69e-07 0.0006
1.6925e-07 0.0024
1.695e-07 0.0016
1.6975e-07 0.0026
1.7e-07 0.0002
1.7025e-07 0.001
1.705e-07 0.0002
1.7075e-07 0.0014
1.71e-07 -0.0002
1.7125e-07 -0.0002
1.715e-07 -0.0012
1.7175e-07 1.3411e-11
1.72e-07 -0.0012
1.7225e-07 -0.0006
1.725e-07 -0.001
1.7275e-07 -0.0008
1.73e-07 -0.0012
1.7325e-07 -0.0002
1.735e-07 -0.0008
1.7375e-07 -0.0002
1.74e-07 -0.0006
1.7425e-07 1.3411e-11
1.745e-07 -0.0002
1.7475e-07 -0.0002
1.75e-07 -0.0012
1.7525e-07 0.0008
1.755e-07 -0.0012
1.7575e-07 0.0004
1.76e-07 -0.0006
1.7625e-07 0.0008
1.765e-07 -0.0002
1.7675e-07 0.0008
1.77e-07 0.0002
1.7725e-07 0.0016
1.775e-07 0.0002
1.7775e-07 0.0012
1.78e-07 0.0002
1.7825e-07 0.0028
1.785e-07 0.0012
1.7875e-07 0.0026
1.79e-07 0.0014
1.7925e-07 0.0022
1.795e-07 0.0018
1.7975e-07 0.0024
1.8e-07 0.0014
1.8025e-07 0.0028
1.805e-07 0.0006
1.8075e-07 0.002
1.81e-07 0.0004
1.8125e-07 0.0014
1.815e-07 -0.0002
1.8175e-07 0.0012
1.82e-07 1.3411e-11
1.8225e-07 0.001
1.825e-07 0.0002
1.8275e-07 0.0012
1.83e-07 1.3411e-11
1.8325e-07 0.001
1.835e-07 -0.0004
1.8375e-07 0.001
1.84e-07 1.3411e-11
1.8425e-07 0.0004
1.845e-07 -0.0002
1.8475e-07 0.0012
1.85e-07 -0.0002
1.8525e-07 0.0002
1.855e-07 -0.0004
1.8575e-07 0.0004
1.86e-07 -0.0006
1.8625e-07 0.0002
1.865e-07 -0.0016
1.8675e-07 0.0002
1.87e-07 -0.0004
1.8725e-07 0.0004
1.875e-07 -0.0004
1.8775e-07 0.0012
1.88e-07 -0.0002
1.8825e-07 0.0008
1.885e-07 0.0002
1.8875e-07 0.001
1.89e-07 0.0008
1.8925e-07 0.0018
1.895e-07 0.001
1.8975e-07 0.0022
1.9e-07 0.0006
1.9025e-07 0.0018
1.905e-07 0.001
1.9075e-07 0.0004
1.91e-07 0.0004
1.9125e-07 0.0012
1.915e-07 1.3411e-11
1.9175e-07 0.0016
1.92e-07 1.3411e-11
1.9225e-07 0.001
1.925e-07 0.0002
1.9275e-07 0.001
1.93e-07 -0.0004
1.9325e-07 0.0008
1.935e-07 1.3411e-11
1.9375e-07 0.0014
1.94e-07 -0.0004
1.9425e-07 0.0006
1.945e-07 -0.0004
1.9475e-07 0.001
1.95e-07 -0.0004
1.9525e-07 0.0006
1.955e-07 -0.0012
1.9575e-07 0.0006
1.96e-07 -0.001
1.9625e-07 1.3411e-11
1.965e-07 -0.0006
1.9675e-07 0.0002
1.97e-07 0.0004
1.9725e-07 0.0006
1.975e-07 -0.0008
1.9775e-07 0.0008
1.98e-07 -0.0004
1.9825e-07 0.001
1.985e-07 -0.0004
1.9875e-07 0.0006
1.99e-07 -0.0012
1.9925e-07 0.001
1.995e-07 1.3411e-11
1.9975e-07 0.0008
2e-07 -0.0004
2.0025e-07 0.001
2.005e-07 -0.0004
2.0075e-07 0.001
2.01e-07 1.3411e-11
2.0125e-07 0.0006
2.015e-07 0.0002
2.0175e-07 0.0012
2.02e-07 -0.0002
2.0225e-07 0.0008
2.025e-07 1.3411e-11
2.0275e-07 0.0004
2.03e-07 -0.0002
2.0325e-07 0.0006
2.035e-07 0.0002
2.0375e-07 0.0002
2.04e-07 -0.0006
2.0425e-07 0.0008
2.045e-07 -0.0002
2.0475e-07 0.0002
2.05e-07 -0.001
2.0525e-07 0.0006
2.055e-07 -0.0008
2.0575e-07 0.0002
2.06e-07 -0.0008
2.0625e-07 0.0004
2.065e-07 -0.0008
2.0675e-07 0.0006
2.07e-07 -0.001
2.0725e-07 1.3411e-11
2.075e-07 -0.0004
2.0775e-07 0.0006
2.08e-07 -0.0006
2.0825e-07 0.0006
2.085e-07 1.3411e-11
2.0875e-07 0.0004
2.09e-07 1.3411e-11
2.0925e-07 0.0008
2.095e-07 -0.0002
2.0975e-07 0.0008
2.1e-07 -0.0004
2.1025e-07 0.0008
2.105e-07 -0.0004
2.1075e-07 0.0012
2.11e-07 -0.0006
2.1125e-07 0.001
2.115e-07 -0.0004
2.1175e-07 0.0012
2.12e-07 -0.001
2.1225e-07 0.0006
2.125e-07 0.0002
2.1275e-07 0.0008
2.13e-07 1.3411e-11
2.1325e-07 0.0006
2.135e-07 -0.0006
2.1375e-07 0.0014
2.14e-07 -0.0006
2.1425e-07 0.0004
2.145e-07 -0.0002
2.1475e-07 0.0006
2.15e-07 -0.001
2.1525e-07 0.0004
2.155e-07 -0.001
2.1575e-07 0.0002
2.16e-07 -0.0004
2.1625e-07 1.3411e-11
2.165e-07 -0.0008
2.1675e-07 0.0002
2.17e-07 -0.0008
2.1725e-07 -0.0002
2.175e-07 -0.0006
2.1775e-07 -0.0002
2.18e-07 0.0002
2.1825e-07 0.0004
2.185e-07 -0.0002
2.1875e-07 0.0006
2.19e-07 -0.001
2.1925e-07 1.3411e-11
2.195e-07 -0.0008
2.1975e-07 0.0006
2.2e-07 -0.0008
2.2025e-07 0.0004
2.205e-07 -0.0004
2.2075e-07 0.0004
2.21e-07 -0.0004
2.2125e-07 0.0006
2.215e-07 1.3411e-11
2.2175e-07 0.0004
2.22e-07 -0.0006
2.2225e-07 0.001
2.225e-07 -0.0004
2.2275e-07 0.0008
2.23e-07 -0.0002
2.2325e-07 0.001
2.235e-07 -0.0004
2.2375e-07 0.0006
2.24e-07 1.3411e-11
2.2425e-07 0.001
2.245e-07 -0.0002
2.2475e-07 0.0008
2.25e-07 -0.0006
2.2525e-07 0.0008
2.255e-07 -0.0002
2.2575e-07 0.0004
2.26e-07 -0.0008
2.2625e-07 0.0002
2.265e-07 -0.0006
2.2675e-07 0.0004
2.27e-07 -0.0006
2.2725e-07 0.0004
2.275e-07 -0.0006
2.2775e-07 1.3411e-11
2.28e-07 -0.0004
2.2825e-07 0.0002
2.285e-07 -0.0006
2.2875e-07 0.0004
2.29e-07 -0.0004
2.2925e-07 0.0002
2.295e-07 -0.0002
2.2975e-07 0.0004
2.3e-07 -0.0004
2.3025e-07 0.0002
2.305e-07 -0.0004
2.3075e-07 0.0006
2.31e-07 -0.0008
2.3125e-07 0.0006
2.315e-07 1.3411e-11
2.3175e-07 1.3411e-11
2.32e-07 -0.0006
2.3225e-07 0.0004
2.325e-07 -0.0002
2.3275e-07 -0.0004
2.33e-07 -0.0004
2.3325e-07 0.0002
2.335e-07 -0.0002
2.3375e-07 0.0004
2.34e-07 -0.0002
2.3425e-07 0.0002
2.345e-07 1.3411e-11
2.3475e-07 0.001
2.35e-07 -0.0004
2.3525e-07 0.0004
2.355e-07 -0.0008
2.3575e-07 0.0004
2.36e-07 -0.001
2.3625e-07 0.0002
2.365e-07 -0.0006
2.3675e-07 1.3411e-11
2.37e-07 -0.0006
2.3725e-07 0.0004
2.375e-07 -0.0006
2.3775e-07 0.001
2.38e-07 -0.0002
2.3825e-07 0.0006
2.385e-07 -0.0006
2.3875e-07 0.0002
2.39e-07 -0.0006
2.3925e-07 0.001
2.395e-07 -0.0004
2.3975e-07 0.0006
2.4e-07 0.0002
2.4025e-07 0.0008
2.405e-07 -0.0004
2.4075e-07 0.0004
2.41e-07 1.3411e-11
2.4125e-07 0.0014
2.415e-07 0.0004
2.4175e-07 0.0006
2.42e-07 -0.0002
2.4225e-07 0.0008
2.425e-07 0.0004
2.4275e-07 0.0006
2.43e-07 0.0002
2.4325e-07 0.001
2.435e-07 1.3411e-11
2.4375e-07 0.0006
2.44e-07 0.0004
2.4425e-07 0.0018
2.445e-07 0.0004
2.4475e-07 0.0014
2.45e-07 1.3411e-11
2.4525e-07 0.001
2.455e-07 0.0002
2.4575e-07 0.001
2.46e-07 0.0002
2.4625e-07 0.0008
2.465e-07 0.0004
2.4675e-07 0.001
2.47e-07 0.0002
2.4725e-07 0.0014
2.475e-07 -0.0004
2.4775e-07 0.001
2.48e-07 0.0002
2.4825e-07 0.0004
2.485e-07 1.3411e-11
2.4875e-07 0.001
2.49e-07 1.3411e-11
2.4925e-07 0.001
2.495e-07 -0.0004
2.4975e-07 0.0014
2.5e-07 0.0002
2.5025e-07 0.0016
2.505e-07 -0.0002
2.5075e-07 0.0022
2.51e-07 0.0002
2.5125e-07 0.0008
2.515e-07 1.3411e-11
2.5175e-07 0.0018
2.52e-07 0.0002
2.5225e-07 0.0006
2.525e-07 -0.0002
2.5275e-07 0.0012
2.53e-07 0.0006
2.5325e-07 0.0012
2.535e-07 0.0006
2.5375e-07 0.0012
2.54e-07 0.001
2.5425e-07 0.0024
2.545e-07 0.0006
2.5475e-07 0.001
2.55e-07 0.0002
2.5525e-07 0.0014
2.555e-07 0.0002
2.5575e-07 0.0008
2.56e-07 0.0004
2.5625e-07 0.001
2.565e-07 1.3411e-11
2.5675e-07 0.0014
2.57e-07 -0.0006
2.5725e-07 0.0014
2.575e-07 -0.0002
2.5775e-07 0.001
2.58e-07 1.3411e-11
2.5825e-07 0.0012
2.585e-07 0.0002
2.5875e-07 0.0012
2.59e-07 1.3411e-11
2.5925e-07 0.0012
2.595e-07 1.3411e-11
2.5975e-07 0.0006
2.6e-07 -0.0002
2.6025e-07 0.0004
2.605e-07 -0.0004
2.6075e-07 0.001
2.61e-07 -0.0002
2.6125e-07 0.0006
2.615e-07 -0.0002
2.6175e-07 0.001
2.62e-07 1.3411e-11
2.6225e-07 0.0004
2.625e-07 -0.0002
2.6275e-07 0.0008
2.63e-07 -0.0004
2.6325e-07 0.001
2.635e-07 -0.0004
2.6375e-07 0.0018
2.64e-07 -0.0004
2.6425e-07 0.0008
2.645e-07 1.3411e-11
2.6475e-07 0.0012
2.65e-07 0.0006
2.6525e-07 0.0006
2.655e-07 1.3411e-11
2.6575e-07 0.0008
2.66e-07 0.0006
2.6625e-07 0.0006
2.665e-07 1.3411e-11
2.6675e-07 0.0014
2.67e-07 1.3411e-11
2.6725e-07 0.001
2.675e-07 0.0002
2.6775e-07 0.0008
2.68e-07 -0.0004
2.6825e-07 0.0008
2.685e-07 -0.0002
2.6875e-07 0.0004
2.69e-07 -0.0002
2.6925e-07 0.001
2.695e-07 1.3411e-11
2.6975e-07 0.001
2.7e-07 -0.0004
2.7025e-07 0.0004
2.705e-07 -0.0002
2.7075e-07 0.0008
2.71e-07 -0.0004
2.7125e-07 0.0002
2.715e-07 -0.0004
2.7175e-07 0.0008
2.72e-07 -0.0002
2.7225e-07 0.0008
2.725e-07 -0.0002
2.7275e-07 0.0008
2.73e-07 -0.0002
2.7325e-07 0.0008
2.735e-07 1.3411e-11
2.7375e-07 0.0004
2.74e-07 1.3411e-11
2.7425e-07 0.001
2.745e-07 -0.0002
2.7475e-07 0.0008
2.75e-07 -0.0008
2.7525e-07 0.0012
2.755e-07 0.0002
2.7575e-07 0.001
2.76e-07 1.3411e-11
2.7625e-07 0.0004
2.765e-07 1.3411e-11
2.7675e-07 0.001
2.77e-07 -0.0008
2.7725e-07 0.0006
2.775e-07 -0.0004
2.7775e-07 0.0008
2.78e-07 -0.0004
2.7825e-07 0.0002
2.785e-07 1.3411e-11
2.7875e-07 0.0008
2.79e-07 -0.0006
2.7925e-07 0.0008
2.795e-07 1.3411e-11
2.7975e-07 0.0014
2.8e-07 -0.0002
2.8025e-07 0.0006
2.805e-07 1.3411e-11
2.8075e-07 0.0006
2.81e-07 -0.0002
2.8125e-07 0.0012
2.815e-07 -0.0006
2.8175e-07 0.0006
2.82e-07 1.3411e-11
2.8225e-07 0.0006
2.825e-07 -0.0006
2.8275e-07 0.0002
2.83e-07 -0.0002
2.8325e-07 0.0012
2.835e-07 -0.0006
2.8375e-07 0.0012
2.84e-07 -0.0008
2.8425e-07 0.0004
2.845e-07 -0.0008
2.8475e-07 0.0004
2.85e-07 -0.0008
2.8525e-07 0.0002
2.855e-07 -0.0004
2.8575e-07 1.3411e-11
2.86e-07 -0.0006
2.8625e-07 0.0004
2.865e-07 -0.0002
2.8675e-07 0.0004
2.87e-07 -0.0004
2.8725e-07 0.0006
2.875e-07 -0.001
2.8775e-07 0.0006
2.88e-07 -0.0004
2.8825e-07 0.0008
2.885e-07 -0.0004
2.8875e-07 0.0006
2.89e-07 0.0006
2.8925e-07 0.0012
2.895e-07 -0.0006
2.8975e-07 0.0008
2.9e-07 -0.0004
2.9025e-07 0.0002
2.905e-07 -0.0002
2.9075e-07 0.0006
2.91e-07 0.0002
2.9125e-07 -0.0002
2.915e-07 -0.0004
2.9175e-07 0.0004
2.92e-07 -0.0006
2.9225e-07 0.0006
2.925e-07 -0.0006
2.9275e-07 0.0006
2.93e-07 -0.0004
2.9325e-07 0.0004
2.935e-07 0.0002
2.9375e-07 0.0004
2.94e-07 -0.0008
2.9425e-07 0.0006
2.945e-07 1.3411e-11
2.9475e-07 0.0002
2.95e-07 -0.0006
2.9525e-07 1.3411e-11
2.955e-07 -0.0006
2.9575e-07 0.0004
2.96e-07 -0.0006
2.9625e-07 0.001
2.965e-07 -0.0008
2.9675e-07 0.0002
2.97e-07 0.0002
2.9725e-07 0.001
2.975e-07 -0.0004
2.9775e-07 0.0004
2.98e-07 -0.0004
2.9825e-07 0.0004
2.985e-07 -0.0006
2.9875e-07 0.001
2.99e-07 -0.0012
2.9925e-07 0.0008
2.995e-07 -0.0004
2.9975e-07 0.0006
3e-07 -0.0004
3.0025e-07 0.0008
3.005e-07 -0.0004
3.0075e-07 0.0004
3.01e-07 -0.001
3.0125e-07 0.0008
3.015e-07 -0.0004
3.0175e-07 0.0006
3.02e-07 1.3411e-11
3.0225e-07 0.0008
3.025e-07 -0.0002
3.0275e-07 0.0012
3.03e-07 -0.0004
3.0325e-07 0.0004
3.035e-07 1.3411e-11
3.0375e-07 0.0006
3.04e-07 -0.0006
3.0425e-07 0.0008
3.045e-07 1.3411e-11
3.0475e-07 0.0002
3.05e-07 -0.0004
3.0525e-07 0.0012
3.055e-07 -0.0004
3.0575e-07 0.0004
3.06e-07 -0.0004
3.0625e-07 0.0004
3.065e-07 -0.0002
3.0675e-07 0.0004
3.07e-07 1.3411e-11
3.0725e-07 0.0006
3.075e-07 1.3411e-11
3.0775e-07 0.0006
3.08e-07 1.3411e-11
3.0825e-07 0.0004
3.085e-07 -0.0004
3.0875e-07 0.0008
3.09e-07 1.3411e-11
3.0925e-07 0.0002
3.095e-07 1.3411e-11
3.0975e-07 0.0008
3.1e-07 -0.0004
3.1025e-07 0.001
3.105e-07 -0.0006
3.1075e-07 0.001
3.11e-07 -0.0002
3.1125e-07 0.001
3.115e-07 -0.0004
3.1175e-07 0.001
3.12e-07 -0.0004
3.1225e-07 0.0004
3.125e-07 -0.0004
3.1275e-07 0.0008
3.13e-07 0.0002
3.1325e-07 0.0004
3.135e-07 -0.0002
3.1375e-07 0.0012
3.14e-07 0.0008
3.1425e-07 0.001
3.145e-07 -0.0002
3.1475e-07 0.0002
3.15e-07 -0.0004
3.1525e-07 0.0012
3.155e-07 -0.0004
3.1575e-07 0.0008
3.16e-07 0.0006
3.1625e-07 0.0006
3.165e-07 -0.0002
3.1675e-07 0.0014
3.17e-07 -0.0004
3.1725e-07 0.0006
3.175e-07 1.3411e-11
3.1775e-07 0.0008
3.18e-07 1.3411e-11
3.1825e-07 0.001
3.185e-07 -0.0002
3.1875e-07 0.0004
3.19e-07 1.3411e-11
3.1925e-07 0.001
3.195e-07 0.0002
3.1975e-07 0.0004
3.2e-07 -0.0002
3.2025e-07 0.0008
3.205e-07 0.0002
3.2075e-07 0.0008
3.21e-07 -0.0004
3.2125e-07 0.0008
3.215e-07 0.0008
3.2175e-07 0.0008
3.22e-07 0.0004
3.2225e-07 0.0018
3.225e-07 0.0008
3.2275e-07 0.0008
3.23e-07 1.3411e-11
3.2325e-07 0.0008
3.235e-07 -0.0004
3.2375e-07 0.0014
3.24e-07 -0.0004
3.2425e-07 0.0016
3.245e-07 0.0002
3.2475e-07 0.0008
3.25e-07 1.3411e-11
3.2525e-07 0.0006
3.255e-07 -0.0002
3.2575e-07 0.0012
3.26e-07 0.0002
3.2625e-07 0.001
3.265e-07 0.0002
3.2675e-07 0.0004
3.27e-07 -0.0006
3.2725e-07 0.0006
3.275e-07 1.3411e-11
3.2775e-07 0.0008
3.28e-07 -0.0004
3.2825e-07 0.001
3.285e-07 1.3411e-11
3.2875e-07 0.0006
3.29e-07 -0.0002
3.2925e-07 0.0008
3.295e-07 -0.0002
3.2975e-07 0.0004
3.3e-07 -0.0002
3.3025e-07 0.0008
3.305e-07 -0.0006
3.3075e-07 0.0008
3.31e-07 -0.0004
3.3125e-07 0.001
3.315e-07 1.3411e-11
3.3175e-07 0.001
3.32e-07 0.0002
3.3225e-07 0.001
3.325e-07 1.3411e-11
3.3275e-07 0.0006
3.33e-07 -0.0008
3.3325e-07 0.0012
3.335e-07 -0.0002
3.3375e-07 0.0004
3.34e-07 0.0004
3.3425e-07 0.001
3.345e-07 1.3411e-11
3.3475e-07 0.001
3.35e-07 0.0004
3.3525e-07 0.0006
3.355e-07 1.3411e-11
3.3575e-07 0.0008
3.36e-07 -0.0004
3.3625e-07 0.0004
3.365e-07 0.0004
3.3675e-07 0.0004
3.37e-07 -0.001
3.3725e-07 0.0008
3.375e-07 -0.0006
3.3775e-07 0.0006
3.38e-07 -0.0006
3.3825e-07 0.0006
3.385e-07 0.0002
3.3875e-07 0.001
3.39e-07 -0.0002
3.3925e-07 0.0012
3.395e-07 -0.0008
3.3975e-07 0.0002
3.4e-07 1.3411e-11
3.4025e-07 0.0004
3.405e-07 -0.0004
3.4075e-07 0.0008
3.41e-07 -0.0004
3.4125e-07 0.001
3.415e-07 -0.0014
3.4175e-07 0.0004
3.42e-07 -0.0006
3.4225e-07 0.0006
3.425e-07 -0.0002
3.4275e-07 0.0006
3.43e-07 -0.0006
3.4325e-07 0.0006
3.435e-07 0.0002
3.4375e-07 0.0004
3.44e-07 0.0002
3.4425e-07 0.0002
3.445e-07 -0.0006
3.4475e-07 0.0006
3.45e-07 -0.0002
3.4525e-07 0.0002
3.455e-07 -0.0006
3.4575e-07 0.0012
3.46e-07 -0.0008
3.4625e-07 0.0008
3.465e-07 1.3411e-11
3.4675e-07 0.0004
3.47e-07 -0.0006
3.4725e-07 0.0008
3.475e-07 -0.0002
3.4775e-07 0.0004
3.48e-07 0.0002
3.4825e-07 1.3411e-11
3.485e-07 -0.0004
3.4875e-07 0.0008
3.49e-07 -0.0004
3.4925e-07 0.0006
3.495e-07 0.0002
3.4975e-07 0.0014
3.5e-07 -0.0002
3.5025e-07 0.0004
3.505e-07 -0.0002
3.5075e-07 0.0002
3.51e-07 1.3411e-11
3.5125e-07 0.0004
3.515e-07 0.0002
3.5175e-07 0.0004
3.52e-07 -0.0004
3.5225e-07 0.0006
3.525e-07 -0.0006
3.5275e-07 0.0006
3.53e-07 -0.0004
3.5325e-07 0.0008
3.535e-07 -0.0004
3.5375e-07 0.0004
3.54e-07 -0.0004
3.5425e-07 0.001
3.545e-07 -0.0014
3.5475e-07 0.0008
3.55e-07 -0.0006
3.5525e-07 0.0004
3.555e-07 -0.0002
3.5575e-07 0.0008
3.56e-07 -0.0006
3.5625e-07 0.0008
3.565e-07 -0.0002
3.5675e-07 0.0002
3.57e-07 -0.0004
3.5725e-07 0.0006
3.575e-07 -0.0006
3.5775e-07 0.0008
3.58e-07 -0.0004
3.5825e-07 0.0004
3.585e-07 -0.0004
3.5875e-07 0.0008
3.59e-07 -0.0002
3.5925e-07 0.0008
3.595e-07 0.0002
3.5975e-07 0.001
3.6e-07 -0.0002
3.6025e-07 0.0006
3.605e-07 -0.0004
3.6075e-07 0.0006
3.61e-07 -0.0008
3.6125e-07 0.0006
3.615e-07 0.0002
3.6175e-07 0.001
3.62e-07 -0.0006
3.6225e-07 0.0004
3.625e-07 1.3411e-11
3.6275e-07 0.0012
3.63e-07 -0.001
3.6325e-07 0.001
3.635e-07 -0.0002
3.6375e-07 0.0008
3.64e-07 -0.0002
3.6425e-07 0.0006
3.645e-07 -0.0004
3.6475e-07 0.0014
3.65e-07 -0.0004
3.6525e-07 0.0006
3.655e-07 -0.0002
3.6575e-07 0.0006
3.66e-07 1.3411e-11
3.6625e-07 0.0006
3.665e-07 -0.0004
3.6675e-07 0.0004
3.67e-07 -0.0006
3.6725e-07 0.0004
3.675e-07 1.3411e-11
3.6775e-07 0.0006
3.68e-07 -0.0002
3.6825e-07 0.0008
3.685e-07 -0.0008
3.6875e-07 0.0006
3.69e-07 -0.0004
3.6925e-07 0.001
3.695e-07 -0.0002
3.6975e-07 0.0008
3.7e-07 -0.0006
3.7025e-07 0.0006
3.705e-07 1.3411e-11
3.7075e-07 0.0008
3.71e-07 -0.0004
3.7125e-07 0.0002
3.715e-07 -0.0006
3.7175e-07 0.001
3.72e-07 -0.0004
3.7225e-07 0.0006
3.725e-07 1.3411e-11
3.7275e-07 0.0004
3.73e-07 -0.0002
3.7325e-07 0.0006
3.735e-07 -0.0004
3.7375e-07 0.001
3.74e-07 1.3411e-11
3.7425e-07 0.0006
3.745e-07 -0.0002
3.7475e-07 0.0006
3.75e-07 -0.0006
3.7525e-07 0.001
3.755e-07 -0.0004
3.7575e-07 0.0002
3.76e-07 -0.0002
3.7625e-07 0.0008
3.765e-07 -0.0012
3.7675e-07 0.0008
3.77e-07 -0.0004
3.7725e-07 0.0002
3.775e-07 -0.0004
3.7775e-07 0.0008
3.78e-07 -0.0004
3.7825e-07 0.0014
3.785e-07 -0.0004
3.7875e-07 0.0008
3.79e-07 -0.0012
3.7925e-07 0.0002
3.795e-07 0.0002
3.7975e-07 0.0012
3.8e-07 -0.0004
3.8025e-07 0.001
3.805e-07 -0.0006
3.8075e-07 -0.0004
3.81e-07 -0.0006
3.8125e-07 0.0006
3.815e-07 -0.0002
3.8175e-07 0.0008
3.82e-07 -0.0004
3.8225e-07 0.0008
3.825e-07 -0.0004
3.8275e-07 0.0004
3.83e-07 -0.0008
3.8325e-07 0.0008
3.835e-07 -0.0002
3.8375e-07 0.001
3.84e-07 -0.0006
3.8425e-07 0.0008
3.845e-07 -0.0004
3.8475e-07 0.0004
3.85e-07 -0.0002
3.8525e-07 0.001
3.855e-07 -0.0002
3.8575e-07 0.0006
3.86e-07 -0.0006
3.8625e-07 0.0004
3.865e-07 -0.0004
3.8675e-07 0.0002
3.87e-07 -0.0002
3.8725e-07 0.0004
3.875e-07 -0.0002
3.8775e-07 0.0008
3.88e-07 -0.0006
3.8825e-07 0.001
3.885e-07 -0.0004
3.8875e-07 0.0002
3.89e-07 -0.0008
3.8925e-07 0.0002
3.895e-07 -0.0004
3.8975e-07 0.0004
3.9e-07 -0.001
3.9025e-07 0.0012
3.905e-07 -0.0006
3.9075e-07 0.0006
3.91e-07 -0.001
3.9125e-07 0.0004
3.915e-07 -0.0008
3.9175e-07 0.0002
3.92e-07 -0.0006
3.9225e-07 0.0008
3.925e-07 -0.0006
3.9275e-07 0.0004
3.93e-07 -0.0008
3.9325e-07 0.0008
3.935e-07 -0.0004
3.9375e-07 0.0004
3.94e-07 -0.0006
3.9425e-07 0.0004
3.945e-07 -0.0008
3.9475e-07 0.0006
3.95e-07 -0.0008
3.9525e-07 0.0008
3.955e-07 -0.0002
3.9575e-07 -0.0002
3.96e-07 -0.0002
3.9625e-07 0.0004
3.965e-07 -0.0002
3.9675e-07 0.0008
3.97e-07 -0.0008
3.9725e-07 0.0014
3.975e-07 -0.0006
3.9775e-07 0.0002
3.98e-07 -0.0006
3.9825e-07 0.0008
3.985e-07 -0.001
3.9875e-07 0.0006
3.99e-07 -0.0002
3.9925e-07 0.0002
3.995e-07 -0.0006
3.9975e-07 0.0006
4e-07 -0.0002
4.0025e-07 0.0008
4.005e-07 -0.0004
4.0075e-07 1.3411e-11
4.01e-07 1.3411e-11
4.0125e-07 0.0004
4.015e-07 -0.0008
4.0175e-07 0.0006
4.02e-07 1.3411e-11
4.0225e-07 0.0002
4.025e-07 -0.0004
4.0275e-07 0.0006
4.03e-07 -0.0004
4.0325e-07 0.001
4.035e-07 -0.0006
4.0375e-07 1.3411e-11
4.04e-07 1.3411e-11
4.0425e-07 0.0006
4.045e-07 -0.0008
4.0475e-07 0.0006
4.05e-07 -0.0002
4.0525e-07 0.001
4.055e-07 -0.0002
4.0575e-07 0.0008
4.06e-07 -0.0004
4.0625e-07 0.0014
4.065e-07 -0.0004
4.0675e-07 0.0006
4.07e-07 -0.0002
4.0725e-07 0.0006
4.075e-07 0.0004
4.0775e-07 0.0004
4.08e-07 -0.0006
4.0825e-07 1.3411e-11
4.085e-07 -0.0006
4.0875e-07 0.0004
4.09e-07 -0.001
4.0925e-07 0.0012
4.095e-07 -0.0008
4.0975e-07 0.0012
4.1e-07 -0.0006
4.1025e-07 0.0002
4.105e-07 1.3411e-11
4.1075e-07 0.0004
4.11e-07 -0.0004
4.1125e-07 0.0002
4.115e-07 -0.0004
4.1175e-07 0.0004
4.12e-07 0.0002
4.1225e-07 0.0008
4.125e-07 -0.0012
4.1275e-07 0.0002
4.13e-07 1.3411e-11
4.1325e-07 0.0006
4.135e-07 -0.0006
4.1375e-07 0.0004
4.14e-07 -0.0002
4.1425e-07 0.0006
4.145e-07 -0.0012
4.1475e-07 0.0006
4.15e-07 -0.0006
4.1525e-07 0.0006
4.155e-07 -0.0004
4.1575e-07 0.0006
4.16e-07 -0.0004
4.1625e-07 0.001
4.165e-07 0.0002
4.1675e-07 0.0002
4.17e-07 -0.0002
4.1725e-07 0.0006
4.175e-07 -0.0008
4.1775e-07 0.0006
4.18e-07 -0.0002
4.1825e-07 0.0014
4.185e-07 -0.0004
4.1875e-07 0.0006
4.19e-07 -0.0006
4.1925e-07 0.0006
4.195e-07 -0.0004
4.1975e-07 0.0002
4.2e-07 -0.0008
4.2025e-07 0.0006
4.205e-07 0.0002
4.2075e-07 0.001
4.21e-07 -0.0008
4.2125e-07 0.0004
4.215e-07 -0.0002
4.2175e-07 0.0004
4.22e-07 -0.0006
4.2225e-07 0.0006
4.225e-07 1.3411e-11
4.2275e-07 0.0006
4.23e-07 -0.0004
4.2325e-07 0.0006
4.235e-07 -0.0004
4.2375e-07 0.0002
4.24e-07 -0.0006
4.2425e-07 0.0014
4.245e-07 -0.0006
4.2475e-07 0.0008
