-2.5e-08 -0.000367187
-2.49e-08 -0.002
-2.48e-08 -0.00210156
-2.47e-08 -0.000828125
-2.46e-08 0.000679688
-2.45e-08 0.00103125
-2.44e-08 1.3411e-10
-2.43e-08 -0.00157812
-2.42e-08 -0.00228125
-2.41e-08 -0.00132812
-2.4e-08 0.00059375
-2.39e-08 0.002
-2.38e-08 0.00183594
-2.37e-08 0.000640625
-2.36e-08 -0.00040625
-2.35e-08 -0.000492187
-2.34e-08 1.3411e-10
-2.33e-08 0.000210938
-2.32e-08 0.000101563
-2.31e-08 -5.46874e-05
-2.3e-08 -6.24999e-05
-2.29e-08 1.3411e-10
-2.28e-08 1.3411e-10
-2.27e-08 -7.81237e-06
-2.26e-08 1.3411e-10
-2.25e-08 3.12501e-05
-2.24e-08 1.3411e-10
-2.23e-08 -0.00028125
-2.22e-08 -0.00130469
-2.21e-08 -0.00278906
-2.2e-08 -0.00338281
-2.19e-08 -0.002
-2.18e-08 0.00114063
-2.17e-08 0.00367969
-2.16e-08 0.00351563
-2.15e-08 0.000835938
-2.14e-08 -0.002
-2.13e-08 -0.00265625
-2.12e-08 -0.00117187
-2.11e-08 0.000976563
-2.1e-08 0.00210156
-2.09e-08 0.002
-2.08e-08 0.00129688
-2.07e-08 0.00040625
-2.06e-08 -0.000398437
-2.05e-08 -0.000625
-2.04e-08 1.3411e-10
-2.03e-08 0.00121875
-2.02e-08 0.00200781
-2.01e-08 0.0016875
-2e-08 0.000671875
-1.99e-08 1.3411e-10
-1.98e-08 0.000195313
-1.97e-08 0.000265625
-1.96e-08 -0.000632812
-1.95e-08 -0.001875
-1.94e-08 -0.002
-1.93e-08 -0.000265625
-1.92e-08 0.00157813
-1.91e-08 0.00179688
-1.9e-08 0.00059375
-1.89e-08 1.3411e-10
-1.88e-08 0.0014375
-1.87e-08 0.00345313
-1.86e-08 0.00389063
-1.85e-08 0.00220313
-1.84e-08 1.3411e-10
-1.83e-08 -0.0008125
-1.82e-08 -0.000390625
-1.81e-08 0.00015625
-1.8e-08 0.000148438
-1.79e-08 1.3411e-10
-1.78e-08 0.00025
-1.77e-08 0.00021875
-1.76e-08 -0.000460937
-1.75e-08 -0.000953125
-1.74e-08 1.3411e-10
-1.73e-08 0.00246875
-1.72e-08 0.00413281
-1.71e-08 0.00307031
-1.7e-08 0.000109375
-1.69e-08 -0.002
-1.68e-08 -0.00126562
-1.67e-08 0.00101563
-1.66e-08 0.00236719
-1.65e-08 0.00160938
-1.64e-08 1.3411e-10
-1.63e-08 -0.000632812
-1.62e-08 -0.000304687
-1.61e-08 0.000117188
-1.6e-08 0.000109375
-1.59e-08 1.3411e-10
-1.58e-08 0.00028125
-1.57e-08 0.00028125
-1.56e-08 -0.000539062
-1.55e-08 -0.00164844
-1.54e-08 -0.002
-1.53e-08 -0.00111719
-1.52e-08 -0.000195312
-1.51e-08 -0.000179687
-1.5e-08 -0.00059375
-1.49e-08 1.3411e-10
-1.48e-08 0.00215625
-1.47e-08 0.00392969
-1.46e-08 0.00329688
-1.45e-08 0.00053125
-1.44e-08 -0.002
-1.43e-08 -0.00216406
-1.42e-08 -0.000765625
-1.41e-08 0.0003125
-1.4e-08 0.000234375
-1.39e-08 1.3411e-10
-1.38e-08 0.0005625
-1.37e-08 0.00053125
-1.36e-08 -0.00105469
-1.35e-08 -0.00270312
-1.34e-08 -0.002
-1.33e-08 0.00160156
-1.32e-08 0.00420313
-1.31e-08 0.00246875
-1.3e-08 -0.00242969
-1.29e-08 -0.006
-1.28e-08 -0.00460938
-1.27e-08 -0.00015625
-1.26e-08 0.00325
-1.25e-08 0.00285156
-1.24e-08 1.3411e-10
-1.23e-08 -0.00224219
-1.22e-08 -0.00258594
-1.21e-08 -0.00127344
-1.2e-08 0.000539063
-1.19e-08 0.002
-1.18e-08 0.0026875
-1.17e-08 0.0024375
-1.16e-08 0.00148438
-1.15e-08 0.000523438
-1.14e-08 1.3411e-10
-1.13e-08 -0.000171875
-1.12e-08 -8.59374e-05
-1.11e-08 6.25001e-05
-1.1e-08 9.37501e-05
-1.09e-08 1.3411e-10
-1.08e-08 -7.81249e-05
-1.07e-08 -4.68749e-05
-1.06e-08 2.34376e-05
-1.05e-08 5.46876e-05
-1.04e-08 1.3411e-10
-1.03e-08 -0.000226562
-1.02e-08 -0.00125
-1.01e-08 -0.00289844
-1e-08 -0.00359375
-9.9e-09 -0.002
-9.8e-09 0.0015625
-9.7e-09 0.004
-9.6e-09 0.00299219
-9.5e-09 -0.000210937
-9.4e-09 -0.002
-9.3e-09 -7.81249e-05
-9.2e-09 0.00308594
-9.1e-09 0.00385156
-9e-09 0.00128906
-8.9e-09 -0.002
-8.8e-09 -0.00303125
-8.7e-09 -0.0024375
-8.6e-09 -0.002
-8.5e-09 -0.00226562
-8.4e-09 -0.002
-8.3e-09 -0.000109375
-8.2e-09 0.00171094
-8.1e-09 0.00164063
-8e-09 -0.000242187
-7.9e-09 -0.002
-7.8e-09 -0.00189062
-7.7e-09 -0.000640625
-7.6e-09 0.000289063
-7.5e-09 0.000242188
-7.4e-09 1.3411e-10
-7.3e-09 0.0005625
-7.2e-09 0.00157031
-7.1e-09 0.00216406
-7e-09 0.00209375
-6.9e-09 0.002
-6.8e-09 0.00232031
-6.7e-09 0.00232031
-6.6e-09 0.001375
-6.5e-09 0.000179688
-6.4e-09 1.3411e-10
-6.3e-09 0.00121875
-6.2e-09 0.00214844
-6.1e-09 0.00125
-6e-09 -0.00084375
-5.9e-09 -0.002
-5.8e-09 -0.000773437
-5.7e-09 0.00128906
-5.6e-09 0.00209375
-5.5e-09 0.00113281
-5.4e-09 1.3411e-10
-5.3e-09 0.000367188
-5.2e-09 0.00154688
-5.1e-09 0.00203906
-5e-09 0.00121094
-4.9e-09 1.3411e-10
-4.8e-09 -0.000390625
-4.7e-09 -0.000171875
-4.6e-09 7.81263e-06
-4.5e-09 -6.24999e-05
-4.4e-09 1.3411e-10
-4.3e-09 0.000414063
-4.2e-09 0.000351563
-4.1e-09 -0.000601562
-4e-09 -0.00176562
-3.9e-09 -0.002
-3.8e-09 -0.000546875
-3.7e-09 0.001375
-3.6e-09 0.00213281
-3.5e-09 0.00128125
-3.4e-09 1.3411e-10
-3.3e-09 -0.000507812
-3.2e-09 -0.000375
-3.1e-09 0.0003125
-3e-09 0.00217188
-2.9e-09 0.006
-2.8e-09 0.0109453
-2.7e-09 0.0131172
-2.6e-09 0.00944531
-2.5e-09 0.00153906
-2.4e-09 -0.006
-2.3e-09 -0.009
-2.2e-09 -0.00775
-2.1e-09 -0.00442969
-2e-09 -0.0011875
-1.9e-09 0.002
-1.8e-09 0.00580469
-1.7e-09 0.0090625
-1.6e-09 0.0103281
-1.5e-09 0.00945313
-1.4e-09 0.008
-1.3e-09 0.007125
-1.2e-09 0.00649219
-1.1e-09 0.00520313
-1e-09 0.00340625
-9e-10 0.002
-8e-10 0.00157813
-7e-10 0.001875
-6e-10 0.00188281
-5e-10 0.001125
-4e-10 1.3411e-10
-3e-10 -0.000867187
-2e-10 -0.00165625
-1e-10 -0.002375
0 -0.00260937
1e-10 -0.002
2e-10 -0.000601562
3e-10 0.000195313
4e-10 -0.000640625
5e-10 -0.00254687
6e-10 -0.004
7e-10 -0.00380469
8e-10 -0.00261719
9e-10 -0.00164844
1e-09 -0.00160156
1.1e-09 -0.002
1.2e-09 -0.00209375
1.3e-09 -0.00196875
1.4e-09 -0.0021875
1.5e-09 -0.00297656
1.6e-09 -0.004
1.7e-09 -0.00460938
1.8e-09 -0.00441406
1.9e-09 -0.00347656
2e-09 -0.00244531
2.1e-09 -0.002
2.2e-09 -0.00244531
2.3e-09 -0.00347656
2.4e-09 -0.00439844
2.5e-09 -0.00457813
2.6e-09 -0.004
2.7e-09 -0.00304688
2.8e-09 -0.00223437
2.9e-09 -0.00189844
3e-09 -0.00195312
3.1e-09 -0.002
3.2e-09 -0.00186719
3.3e-09 -0.00188281
3.4e-09 -0.00225
3.5e-09 -0.00250781
3.6e-09 -0.002
3.7e-09 -0.000648437
3.8e-09 0.000171875
3.9e-09 -0.00065625
4e-09 -0.00259375
4.1e-09 -0.004
4.2e-09 -0.00364844
4.3e-09 -0.0025
4.4e-09 -0.00185156
4.5e-09 -0.00203125
4.6e-09 -0.002
4.7e-09 -0.000710937
4.8e-09 0.0011875
4.9e-09 0.00246094
5e-09 0.00248438
5.1e-09 0.002
5.2e-09 0.00186719
5.3e-09 0.00196875
5.4e-09 0.001875
5.5e-09 0.00171875
5.6e-09 0.002
5.7e-09 0.00271094
5.8e-09 0.002625
5.9e-09 0.000921875
6e-09 -0.00126562
6.1e-09 -0.002
6.2e-09 -0.000398437
6.3e-09 0.00153906
6.4e-09 0.00177344
6.5e-09 0.000523438
6.6e-09 1.3411e-10
6.7e-09 0.00172656
6.8e-09 0.00367188
6.9e-09 0.00350781
7e-09 0.00142969
7.1e-09 1.3411e-10
7.2e-09 0.00122656
7.3e-09 0.003375
7.4e-09 0.00385156
7.5e-09 0.0020625
7.6e-09 1.3411e-10
7.7e-09 -0.000117187
7.8e-09 0.00121875
7.9e-09 0.0024375
8e-09 0.00250781
8.1e-09 0.002
8.2e-09 0.00190625
8.3e-09 0.00199219
8.4e-09 0.00184375
8.5e-09 0.00164063
8.6e-09 0.002
8.7e-09 0.00310938
8.8e-09 0.00396094
8.9e-09 0.0036875
9e-09 0.00264063
9.1e-09 0.002
9.2e-09 0.00250781
9.3e-09 0.00360156
9.4e-09 0.00407031
9.5e-09 0.00332813
9.6e-09 0.002
9.7e-09 0.00110938
9.8e-09 0.00140625
9.9e-09 0.00273438
1e-08 0.00394531
1.01e-08 0.004
1.02e-08 0.00260156
1.03e-08 0.00078125
1.04e-08 -0.000476562
1.05e-08 -0.00107031
1.06e-08 -0.002
1.07e-08 -0.00363281
1.08e-08 -0.00441406
1.09e-08 -0.00294531
1.1e-08 -6.24999e-05
1.11e-08 0.002
1.12e-08 0.00169531
1.13e-08 0.000421875
1.14e-08 0.000109375
1.15e-08 0.00114063
1.16e-08 0.002
1.17e-08 0.00107813
1.18e-08 -0.000984375
1.19e-08 -0.00267969
1.2e-08 -0.00285938
1.21e-08 -0.002
1.22e-08 -0.00132031
1.23e-08 -0.00152344
1.24e-08 -0.00261719
1.25e-08 -0.00371875
1.26e-08 -0.004
1.27e-08 -0.00321094
1.28e-08 -0.00227344
1.29e-08 -0.00200781
1.3e-08 -0.00224219
1.31e-08 -0.002
1.32e-08 -0.000765625
1.33e-08 0.000117188
1.34e-08 -0.000632812
1.35e-08 -0.00257031
1.36e-08 -0.004
1.37e-08 -0.00360938
1.38e-08 -0.00242187
1.39e-08 -0.00199219
1.4e-08 -0.00285156
1.41e-08 -0.004
1.42e-08 -0.00403125
1.43e-08 -0.00285938
1.44e-08 -0.00121094
1.45e-08 -0.000171875
1.46e-08 1.3411e-10
1.47e-08 -0.00025
1.48e-08 -0.00025
1.49e-08 0.000398438
1.5e-08 0.00136719
1.51e-08 0.002
1.52e-08 0.00165625
1.53e-08 0.00059375
1.54e-08 -0.0005
1.55e-08 -0.00075
1.56e-08 1.3411e-10
1.57e-08 0.00121094
1.58e-08 0.00199219
1.59e-08 0.00174219
1.6e-08 0.000796875
1.61e-08 1.3411e-10
1.62e-08 -8.59374e-05
1.63e-08 2.34376e-05
1.64e-08 -0.000226562
1.65e-08 -0.000515625
1.66e-08 1.3411e-10
1.67e-08 0.00175
1.68e-08 0.00353125
1.69e-08 0.00400781
1.7e-08 0.00307813
1.71e-08 0.002
1.72e-08 0.00180469
1.73e-08 0.00201563
1.74e-08 0.00171094
1.75e-08 0.00078125
1.76e-08 1.3411e-10
1.77e-08 0.00021875
1.78e-08 0.00133594
1.79e-08 0.00252344
1.8e-08 0.00278906
1.81e-08 0.002
1.82e-08 0.00078125
1.83e-08 1.3411e-10
1.84e-08 0.00025
1.85e-08 0.00121094
1.86e-08 0.002
1.87e-08 0.00182031
1.88e-08 0.0006875
1.89e-08 -0.000617187
1.9e-08 -0.000976562
1.91e-08 1.3411e-10
1.92e-08 0.00184375
1.93e-08 0.00353906
1.94e-08 0.00414063
1.95e-08 0.00339844
1.96e-08 0.002
1.97e-08 0.0008125
1.98e-08 0.000148438
1.99e-08 -0.000164062
2e-08 -0.00021875
2.01e-08 1.3411e-10
2.02e-08 0.000445313
2.03e-08 0.000328125
2.04e-08 -0.000554687
2.05e-08 -0.00109375
2.06e-08 1.3411e-10
2.07e-08 0.00265625
2.08e-08 0.00426563
2.09e-08 0.00285938
2.1e-08 -0.000296875
2.11e-08 -0.002
2.12e-08 -0.000203125
2.13e-08 0.00292969
2.14e-08 0.00414063
2.15e-08 0.00242969
2.16e-08 1.3411e-10
2.17e-08 -0.000648437
2.18e-08 -0.000179687
2.19e-08 -0.000304687
2.2e-08 -0.00136719
2.21e-08 -0.002
2.22e-08 -0.00104687
2.23e-08 -5.46874e-05
2.24e-08 -0.00053125
2.25e-08 -0.001875
2.26e-08 -0.002
2.27e-08 0.000140625
2.28e-08 0.00199219
2.29e-08 0.00107813
2.3e-08 -0.00195312
2.31e-08 -0.004
2.32e-08 -0.00278906
2.33e-08 -0.000578125
2.34e-08 -0.000351562
2.35e-08 -0.00239062
2.36e-08 -0.004
2.37e-08 -0.00276562
2.38e-08 -0.000640625
2.39e-08 -0.000179687
2.4e-08 -0.00147656
2.41e-08 -0.002
2.42e-08 3.12501e-05
2.43e-08 0.00195313
2.44e-08 0.00102344
2.45e-08 -0.00210937
2.46e-08 -0.004
2.47e-08 -0.00217969
2.48e-08 0.00096875
2.49e-08 0.00205469
2.5e-08 0.000210938
2.51e-08 -0.002
2.52e-08 -0.00172656
2.53e-08 0.000632813
2.54e-08 0.00295313
2.55e-08 0.00330469
2.56e-08 0.002
2.57e-08 0.000492188
2.58e-08 -0.000148437
2.59e-08 0.000328125
2.6e-08 0.00132813
2.61e-08 0.002
2.62e-08 0.00175781
2.63e-08 0.000664063
2.64e-08 -0.000601562
2.65e-08 -0.000945312
2.66e-08 1.3411e-10
2.67e-08 0.00159375
2.68e-08 0.00226563
2.69e-08 0.00132031
2.7e-08 -5.46874e-05
2.71e-08 1.3411e-10
2.72e-08 0.00205469
2.73e-08 0.00390625
2.74e-08 0.00325
2.75e-08 0.000398438
2.76e-08 -0.002
2.77e-08 -0.00154687
2.78e-08 0.000773438
2.79e-08 0.00271875
2.8e-08 0.00286719
2.81e-08 0.002
2.82e-08 0.00136719
2.83e-08 0.000578125
2.84e-08 -0.00084375
2.85e-08 -0.00214844
2.86e-08 -0.002
2.87e-08 0.000210938
2.88e-08 0.003
2.89e-08 0.00446094
2.9e-08 0.00376563
2.91e-08 0.002
2.92e-08 0.000648438
2.93e-08 6.25001e-05
2.94e-08 -0.000109375
2.95e-08 -0.000140625
2.96e-08 1.3411e-10
2.97e-08 0.000359375
2.98e-08 0.000273438
2.99e-08 -0.000492187
3e-08 -0.000976562
3.01e-08 1.3411e-10
3.02e-08 0.00242188
3.03e-08 0.00407813
3.04e-08 0.00317969
3.05e-08 0.000351563
3.06e-08 -0.002
3.07e-08 -0.00198437
3.08e-08 -0.000617187
3.09e-08 0.000148438
3.1e-08 -0.00065625
3.11e-08 -0.002
3.12e-08 -0.00219531
3.13e-08 -0.000960937
3.14e-08 0.000898438
3.15e-08 0.00204688
3.16e-08 0.002
3.17e-08 0.00107813
3.18e-08 0.000171875
3.19e-08 7.03126e-05
3.2e-08 0.000882813
3.21e-08 0.002
3.22e-08 0.00253125
3.23e-08 0.00234375
3.24e-08 0.00160938
3.25e-08 0.000765625
3.26e-08 1.3411e-10
3.27e-08 -0.000773437
3.28e-08 -0.00160937
3.29e-08 -0.00239844
3.3e-08 -0.00263281
3.31e-08 -0.002
3.32e-08 -0.000625
3.33e-08 0.000125
3.34e-08 -0.00053125
3.35e-08 -0.00177344
3.36e-08 -0.002
3.37e-08 -0.000601562
3.38e-08 0.000289063
3.39e-08 -0.001
3.4e-08 -0.00336719
3.41e-08 -0.004
3.42e-08 -0.00119531
3.43e-08 0.0026875
3.44e-08 0.00435938
3.45e-08 0.00272656
3.46e-08 1.3411e-10
3.47e-08 -0.001125
3.48e-08 -0.000570312
3.49e-08 0.000335938
3.5e-08 0.000445313
3.51e-08 1.3411e-10
3.52e-08 -0.00021875
3.53e-08 -0.000109375
3.54e-08 4.68751e-05
3.55e-08 5.46876e-05
3.56e-08 1.3411e-10
3.57e-08 -7.81237e-06
3.58e-08 -7.81237e-06
3.59e-08 7.81263e-06
3.6e-08 2.34376e-05
3.61e-08 1.3411e-10
3.62e-08 -7.03124e-05
3.63e-08 -5.46874e-05
3.64e-08 8.59376e-05
3.65e-08 0.000164063
3.66e-08 1.3411e-10
3.67e-08 -0.00034375
3.68e-08 -0.000296875
3.69e-08 0.00046875
3.7e-08 0.00148438
3.71e-08 0.002
3.72e-08 0.00154688
3.73e-08 0.000507813
3.74e-08 -0.000375
3.75e-08 -0.000492187
3.76e-08 1.3411e-10
3.77e-08 0.00046875
3.78e-08 0.000304688
3.79e-08 -0.000421875
3.8e-08 -0.000804687
3.81e-08 1.3411e-10
3.82e-08 0.00194531
3.83e-08 0.0036875
3.84e-08 0.0038125
3.85e-08 0.00214844
3.86e-08 1.3411e-10
3.87e-08 -0.00107031
3.88e-08 -0.000640625
3.89e-08 0.000625
3.9e-08 0.00165625
3.91e-08 0.002
3.92e-08 0.00165625
3.93e-08 0.000632813
3.94e-08 -0.000648437
3.95e-08 -0.00107812
3.96e-08 1.3411e-10
3.97e-08 0.00200781
3.98e-08 0.00266406
3.99e-08 0.000640625
4e-08 -0.00252344
4.01e-08 -0.004
4.02e-08 -0.00216406
4.03e-08 0.000875
4.04e-08 0.00235156
4.05e-08 0.00142188
4.06e-08 1.3411e-10
4.07e-08 0.00021875
4.08e-08 0.00147656
4.09e-08 0.00207031
4.1e-08 0.00123438
4.11e-08 1.3411e-10
4.12e-08 -0.000109375
4.13e-08 0.00110156
4.14e-08 0.00278906
4.15e-08 0.00385156
4.16e-08 0.004
4.17e-08 0.0031875
4.18e-08 0.00124219
4.19e-08 -0.00132031
4.2e-08 -0.00278125
4.21e-08 -0.002
4.22e-08 0.000609375
4.23e-08 0.00224219
4.24e-08 0.000882813
4.25e-08 -0.00225781
4.26e-08 -0.004
4.27e-08 -0.00222656
4.28e-08 0.000867188
4.29e-08 0.00227344
4.3e-08 0.00123438
4.31e-08 1.3411e-10
4.32e-08 0.000734375
4.33e-08 0.00190625
4.34e-08 0.00132813
4.35e-08 -0.000789062
4.36e-08 -0.002
4.37e-08 -0.000539062
4.38e-08 0.00153125
4.39e-08 0.00163281
4.4e-08 -0.00034375
4.41e-08 -0.002
4.42e-08 -0.001375
4.43e-08 -0.00015625
4.44e-08 -0.000570312
4.45e-08 -0.00259375
4.46e-08 -0.004
4.47e-08 -0.00282813
4.48e-08 -0.000726562
4.49e-08 7.03126e-05
4.5e-08 -0.000929687
4.51e-08 -0.002
4.52e-08 -0.00146875
4.53e-08 -0.000335937
4.54e-08 -0.000125
4.55e-08 -0.001125
4.56e-08 -0.002
4.57e-08 -0.00126562
4.58e-08 0.00084375
4.59e-08 0.00289844
4.6e-08 0.00332813
4.61e-08 0.002
4.62e-08 -0.000164062
4.63e-08 -0.00178906
4.64e-08 -0.00185156
4.65e-08 -0.000273437
4.66e-08 0.002
4.67e-08 0.00351563
4.68e-08 0.00303906
4.69e-08 0.000632813
4.7e-08 -0.0016875
4.71e-08 -0.002
4.72e-08 -4.68749e-05
4.73e-08 0.00180469
4.74e-08 0.00142969
4.75e-08 -0.0006875
4.76e-08 -0.002
4.77e-08 -0.000632812
4.78e-08 0.00147656
4.79e-08 0.00170313
4.8e-08 -0.000226562
4.81e-08 -0.002
4.82e-08 -0.0015
4.83e-08 -0.00028125
4.84e-08 -0.000375
4.85e-08 -0.00166406
4.86e-08 -0.002
4.87e-08 0.00021875
4.88e-08 0.00311719
4.89e-08 0.00409375
4.9e-08 0.00241406
4.91e-08 1.3411e-10
4.92e-08 -0.0009375
4.93e-08 -0.000460937
4.94e-08 0.000226563
4.95e-08 0.000265625
4.96e-08 1.3411e-10
4.97e-08 7.03126e-05
4.98e-08 8.59376e-05
4.99e-08 -0.000257812
5e-08 -0.000539062
5.01e-08 1.3411e-10
5.02e-08 0.00140625
5.03e-08 0.00221875
5.04e-08 0.00127344
5.05e-08 -0.00075
5.06e-08 -0.002
5.07e-08 -0.001125
5.08e-08 0.000984375
5.09e-08 0.00260938
5.1e-08 0.00273438
5.11e-08 0.002
5.12e-08 0.00135938
5.13e-08 0.000554688
5.14e-08 -0.00075
5.15e-08 -0.00192969
5.16e-08 -0.002
5.17e-08 -0.000484375
5.18e-08 0.00139844
5.19e-08 0.00215625
5.2e-08 0.00134375
5.21e-08 1.3411e-10
5.22e-08 -0.000664062
5.23e-08 -0.000414062
5.24e-08 0.000421875
5.25e-08 0.00130469
5.26e-08 0.002
5.27e-08 0.00241406
5.28e-08 0.00235156
5.29e-08 0.00148438
5.3e-08 -0.000101562
5.31e-08 -0.002
5.32e-08 -0.00338281
5.33e-08 -0.00301563
5.34e-08 -0.000601562
5.35e-08 0.00234375
5.36e-08 0.004
5.37e-08 0.00334375
5.38e-08 0.00116406
5.39e-08 -0.000867187
5.4e-08 -0.0011875
5.41e-08 1.3411e-10
5.42e-08 0.00128906
5.43e-08 0.000953125
5.44e-08 -0.00135937
5.45e-08 -0.00375
5.46e-08 -0.004
5.47e-08 -0.00130469
5.48e-08 0.0025
5.49e-08 0.00482813
5.5e-08 0.00425781
5.51e-08 0.002
5.52e-08 0.000195313
5.53e-08 -0.000226562
5.54e-08 0.000273438
5.55e-08 0.000578125
5.56e-08 1.3411e-10
5.57e-08 -0.00119531
5.58e-08 -0.00204687
5.59e-08 -0.00163281
5.6e-08 2.34376e-05
5.61e-08 0.002
5.62e-08 0.00307031
5.63e-08 0.00267188
5.64e-08 0.00121094
5.65e-08 7.81263e-06
5.66e-08 1.3411e-10
5.67e-08 0.00110156
5.68e-08 0.00199219
5.69e-08 0.00157031
5.7e-08 0.000390625
5.71e-08 1.3411e-10
5.72e-08 0.00115625
5.73e-08 0.00213281
5.74e-08 0.00119531
5.75e-08 -0.000976562
5.76e-08 -0.002
5.77e-08 -0.000367187
5.78e-08 0.00164063
5.79e-08 0.0015
5.8e-08 -0.000609375
5.81e-08 -0.002
5.82e-08 -0.000609375
5.83e-08 0.0015
5.84e-08 0.00164063
5.85e-08 -0.000367187
5.86e-08 -0.002
5.87e-08 -0.000976562
5.88e-08 0.00119531
5.89e-08 0.00211719
5.9e-08 0.001125
5.91e-08 1.3411e-10
5.92e-08 0.000515625
5.93e-08 0.00167188
5.94e-08 0.00182813
5.95e-08 0.000789063
5.96e-08 1.3411e-10
5.97e-08 0.00065625
5.98e-08 0.00173438
5.99e-08 0.0018125
6e-08 0.000789063
6.01e-08 1.3411e-10
6.02e-08 0.00053125
6.03e-08 0.00163281
6.04e-08 0.00201563
6.05e-08 0.00120313
6.06e-08 1.3411e-10
6.07e-08 -0.000554687
6.08e-08 -0.000304687
6.09e-08 0.000273438
6.1e-08 0.000453125
6.11e-08 1.3411e-10
6.12e-08 -0.000640625
6.13e-08 -0.000492187
6.14e-08 0.000734375
6.15e-08 0.002
6.16e-08 0.002
6.17e-08 0.000320313
6.18e-08 -0.0015625
6.19e-08 -0.00189844
6.2e-08 -0.00025
6.21e-08 0.002
6.22e-08 0.00286719
6.23e-08 0.0014375
6.24e-08 -0.00159375
6.25e-08 -0.00392969
6.26e-08 -0.004
6.27e-08 -0.00171875
6.28e-08 0.00105469
6.29e-08 0.00238281
6.3e-08 0.00159375
6.31e-08 1.3411e-10
6.32e-08 -0.000726562
6.33e-08 -0.000382812
6.34e-08 0.000242188
6.35e-08 0.000351563
6.36e-08 1.3411e-10
6.37e-08 -0.000226562
6.38e-08 -0.000171875
6.39e-08 0.000179688
6.4e-08 0.000890625
6.41e-08 0.002
6.42e-08 0.00303125
6.43e-08 0.00278125
6.44e-08 0.000835938
6.45e-08 -0.001375
6.46e-08 -0.002
6.47e-08 -0.00040625
6.48e-08 0.00151563
6.49e-08 0.00183594
6.5e-08 0.000648438
6.51e-08 1.3411e-10
6.52e-08 0.00139063
6.53e-08 0.00342969
6.54e-08 0.00389844
6.55e-08 0.00220313
6.56e-08 1.3411e-10
6.57e-08 -0.000828125
6.58e-08 -0.00040625
6.59e-08 0.00021875
6.6e-08 0.000273438
6.61e-08 1.3411e-10
6.62e-08 -4.68749e-05
6.63e-08 3.90626e-05
6.64e-08 -0.00015625
6.65e-08 -0.000898437
6.66e-08 -0.002
6.67e-08 -0.00282813
6.68e-08 -0.00263281
6.69e-08 -0.00109375
6.7e-08 0.000859375
6.71e-08 0.002
6.72e-08 0.00165625
6.73e-08 0.000539063
6.74e-08 -0.000304687
6.75e-08 -0.000335937
6.76e-08 1.3411e-10
6.77e-08 2.34376e-05
6.78e-08 -7.03124e-05
6.79e-08 0.000203125
6.8e-08 0.00100781
6.81e-08 0.002
6.82e-08 0.00251563
6.83e-08 0.00234375
6.84e-08 0.00157031
6.85e-08 0.000648438
6.86e-08 1.3411e-10
6.87e-08 -0.00021875
6.88e-08 -0.000109375
6.89e-08 7.03126e-05
6.9e-08 0.000109375
6.91e-08 1.3411e-10
6.92e-08 -9.37499e-05
6.93e-08 -5.46874e-05
6.94e-08 4.68751e-05
6.95e-08 8.59376e-05
6.96e-08 1.3411e-10
6.97e-08 -9.37499e-05
6.98e-08 -0.000101562
6.99e-08 0.000140625
7e-08 0.000835938
7.01e-08 0.002
7.02e-08 0.00307031
7.03e-08 0.0028125
7.04e-08 0.000789063
7.05e-08 -0.00146094
7.06e-08 -0.002
7.07e-08 -0.000226562
7.08e-08 0.0016875
7.09e-08 0.00157031
7.1e-08 -0.000429687
7.11e-08 -0.002
7.12e-08 -0.00116406
7.13e-08 0.00103906
7.14e-08 0.00242188
7.15e-08 0.00174219
7.16e-08 1.3411e-10
7.17e-08 -0.000992187
7.18e-08 -0.000625
7.19e-08 0.00065625
7.2e-08 0.00174219
7.21e-08 0.002
7.22e-08 0.00138281
7.23e-08 0.000414063
7.24e-08 -0.000265625
7.25e-08 -0.0003125
7.26e-08 1.3411e-10
7.27e-08 0.000164063
7.28e-08 8.59376e-05
7.29e-08 -5.46874e-05
7.3e-08 -7.03124e-05
7.31e-08 1.3411e-10
7.32e-08 2.34376e-05
7.33e-08 7.81263e-06
7.34e-08 -7.81237e-06
7.35e-08 -7.81237e-06
7.36e-08 1.3411e-10
7.37e-08 2.34376e-05
7.38e-08 1.56251e-05
7.39e-08 -3.90624e-05
7.4e-08 -7.81249e-05
7.41e-08 1.3411e-10
7.42e-08 0.000125
7.43e-08 8.59376e-05
7.44e-08 -0.000140625
7.45e-08 -0.00028125
7.46e-08 1.3411e-10
7.47e-08 0.000765625
7.48e-08 0.00169531
7.49e-08 0.00214844
7.5e-08 0.0015625
7.51e-08 1.3411e-10
7.52e-08 -0.00178125
7.53e-08 -0.00240625
7.54e-08 -0.00117969
7.55e-08 0.00084375
7.56e-08 0.002
7.57e-08 0.0014375
7.58e-08 0.000320313
7.59e-08 9.37501e-05
7.6e-08 0.00103906
7.61e-08 0.002
7.62e-08 0.00170313
7.63e-08 0.00053125
7.64e-08 -0.000257812
7.65e-08 0.000320313
7.66e-08 0.002
7.67e-08 0.00363281
7.68e-08 0.00426563
7.69e-08 0.00344531
7.7e-08 0.00169531
7.71e-08 1.3411e-10
7.72e-08 -0.000820312
7.73e-08 -0.000507812
7.74e-08 0.000539063
7.75e-08 0.00151563
7.76e-08 0.002
7.77e-08 0.00202344
7.78e-08 0.00197656
7.79e-08 0.00209375
7.8e-08 0.00223438
7.81e-08 0.002
7.82e-08 0.00117188
7.83e-08 0.000289063
7.84e-08 -9.37499e-05
7.85e-08 1.56251e-05
7.86e-08 1.3411e-10
7.87e-08 -0.000390625
7.88e-08 -0.000351562
7.89e-08 0.000617188
7.9e-08 0.0018125
7.91e-08 0.002
7.92e-08 0.000570313
7.93e-08 -0.00139062
7.94e-08 -0.00217187
7.95e-08 -0.000796875
7.96e-08 0.002
7.97e-08 0.00442969
7.98e-08 0.0048125
7.99e-08 0.00271094
8e-08 -0.000242187
8.01e-08 -0.002
8.02e-08 -0.00164844
8.03e-08 -0.000421875
8.04e-08 -4.68749e-05
8.05e-08 -0.000976562
8.06e-08 -0.002
8.07e-08 -0.00174219
8.08e-08 -0.00059375
8.09e-08 0.000328125
8.1e-08 0.000367188
8.11e-08 1.3411e-10
8.12e-08 -2.34374e-05
8.13e-08 7.03126e-05
8.14e-08 -0.000234375
8.15e-08 -0.00104687
8.16e-08 -0.002
8.17e-08 -0.00254687
8.18e-08 -0.002375
8.19e-08 -0.00153906
8.2e-08 -0.000585937
8.21e-08 1.3411e-10
8.22e-08 8.59376e-05
8.23e-08 1.3411e-10
8.24e-08 0.000101563
8.25e-08 0.00025
8.26e-08 1.3411e-10
8.27e-08 -0.000867187
8.28e-08 -0.00178906
8.29e-08 -0.00197656
8.3e-08 -0.00121094
8.31e-08 1.3411e-10
8.32e-08 0.000960938
8.33e-08 0.00171094
8.34e-08 0.00230469
8.35e-08 0.00249219
8.36e-08 0.002
8.37e-08 0.000820313
8.38e-08 7.81263e-06
8.39e-08 0.000304688
8.4e-08 0.00135156
8.41e-08 0.002
8.42e-08 0.00145313
8.43e-08 0.000421875
8.44e-08 -0.000171875
8.45e-08 -7.81249e-05
8.46e-08 1.3411e-10
8.47e-08 -0.000617187
8.48e-08 -0.00163281
8.49e-08 -0.00214844
8.5e-08 -0.00152344
8.51e-08 1.3411e-10
8.52e-08 0.00158594
8.53e-08 0.00220313
8.54e-08 0.0015
8.55e-08 0.00034375
8.56e-08 1.3411e-10
8.57e-08 0.0009375
8.58e-08 0.00190625
8.59e-08 0.00160938
8.6e-08 0.000429688
8.61e-08 1.3411e-10
8.62e-08 0.00119531
8.63e-08 0.00216406
8.64e-08 0.00110938
8.65e-08 -0.00114062
8.66e-08 -0.002
8.67e-08 -6.24999e-05
8.68e-08 0.00190625
8.69e-08 0.00107031
8.7e-08 -0.00202344
8.71e-08 -0.004
8.72e-08 -0.00230469
8.73e-08 0.000875
8.74e-08 0.00219531
8.75e-08 0.0005
8.76e-08 -0.002
8.77e-08 -0.00244531
8.78e-08 -0.000984375
8.79e-08 0.000679688
8.8e-08 0.000960938
8.81e-08 1.3411e-10
8.82e-08 -0.00109375
8.83e-08 -0.00186719
8.84e-08 -0.00203906
8.85e-08 -0.00139844
8.86e-08 1.3411e-10
8.87e-08 0.00163281
8.88e-08 0.00225781
8.89e-08 0.00136719
8.9e-08 5.46876e-05
8.91e-08 1.3411e-10
8.92e-08 0.00175
8.93e-08 0.00358594
8.94e-08 0.00378906
8.95e-08 0.00260156
8.96e-08 0.002
8.97e-08 0.00313281
8.98e-08 0.0041875
8.99e-08 0.00303125
9e-08 0.000109375
9.01e-08 -0.002
9.02e-08 -0.00121875
9.03e-08 0.00104688
9.04e-08 0.00232031
9.05e-08 0.00151563
9.06e-08 1.3411e-10
9.07e-08 -0.000421875
9.08e-08 -0.000148437
9.09e-08 -0.000125
9.1e-08 -0.000375
9.11e-08 1.3411e-10
9.12e-08 0.00144531
9.13e-08 0.00226563
9.14e-08 0.001125
9.15e-08 -0.00105469
9.16e-08 -0.002
9.17e-08 -0.000445312
9.18e-08 0.00157031
9.19e-08 0.00165625
9.2e-08 -0.00028125
9.21e-08 -0.002
9.22e-08 -0.00153125
9.23e-08 -0.0003125
9.24e-08 -0.0003125
9.25e-08 -0.00153125
9.26e-08 -0.002
9.27e-08 -0.000226562
9.28e-08 0.00170313
9.29e-08 0.00146094
9.3e-08 -0.000664062
9.31e-08 -0.002
9.32e-08 -0.000578125
9.33e-08 0.00148438
9.34e-08 0.00166406
9.35e-08 0.00025
9.36e-08 1.3411e-10
9.37e-08 0.00245313
9.38e-08 0.0043125
9.39e-08 0.00242188
9.4e-08 -0.00184375
9.41e-08 -0.004
9.42e-08 -0.00116406
9.43e-08 0.00296094
9.44e-08 0.0035625
9.45e-08 -0.000101562
9.46e-08 -0.004
9.47e-08 -0.00395313
9.48e-08 -0.00135937
9.49e-08 0.000585938
9.5e-08 0.000445313
9.51e-08 1.3411e-10
9.52e-08 0.0011875
9.53e-08 0.00217969
9.54e-08 0.00102344
9.55e-08 -0.00134375
9.56e-08 -0.002
9.57e-08 0.000640625
9.58e-08 0.00351563
9.59e-08 0.00333594
9.6e-08 0.000328125
9.61e-08 -0.002
9.62e-08 -0.000945312
9.63e-08 0.00134375
9.64e-08 0.00171875
9.65e-08 -0.000273437
9.66e-08 -0.002
9.67e-08 -0.0009375
9.68e-08 0.00128906
9.69e-08 0.00192969
9.7e-08 0.000171875
9.71e-08 -0.002
9.72e-08 -0.00226562
9.73e-08 -0.000929687
9.74e-08 0.000671875
9.75e-08 0.00153125
9.76e-08 0.002
9.77e-08 0.00254688
9.78e-08 0.00248438
9.79e-08 0.00116406
9.8e-08 -0.000773437
9.81e-08 -0.002
9.82e-08 -0.00167187
9.83e-08 -0.000539062
9.84e-08 0.00025
9.85e-08 0.00021875
9.86e-08 1.3411e-10
9.87e-08 0.000195313
9.88e-08 0.000226563
9.89e-08 -0.000507812
9.9e-08 -0.00159375
9.91e-08 -0.002
9.92e-08 -0.00111719
9.93e-08 -0.000148437
9.94e-08 -0.000265625
9.95e-08 -0.00132812
9.96e-08 -0.002
9.97e-08 -0.00132812
9.98e-08 -0.000273437
9.99e-08 -0.000117187
1e-07 -0.0010625
1.001e-07 -0.002
1.002e-07 -0.00173437
1.003e-07 -0.000609375
1.004e-07 0.000390625
1.005e-07 0.000492188
1.006e-07 1.3411e-10
1.007e-07 -0.000359375
1.008e-07 -0.000257812
1.009e-07 0.000296875
1.01e-07 0.00110156
1.011e-07 0.002
1.012e-07 0.00263281
1.013e-07 0.00245313
1.014e-07 0.00134375
1.015e-07 0.000195313
1.016e-07 1.3411e-10
1.017e-07 0.000929688
1.018e-07 0.001875
1.019e-07 0.00171875
1.02e-07 0.000664063
1.021e-07 1.3411e-10
1.022e-07 0.000664063
1.023e-07 0.00171875
1.024e-07 0.00186719
1.025e-07 0.000929688
1.026e-07 1.3411e-10
1.027e-07 3.12501e-05
1.028e-07 0.000171875
1.029e-07 -0.000539062
1.03e-07 -0.00172656
1.031e-07 -0.002
1.032e-07 -0.000507812
1.033e-07 0.00139844
1.034e-07 0.00211719
1.035e-07 0.00125
1.036e-07 1.3411e-10
1.037e-07 -0.000328125
1.038e-07 -7.03124e-05
1.039e-07 -0.0001875
1.04e-07 -0.00103906
1.041e-07 -0.002
1.042e-07 -0.00210937
1.043e-07 -0.000984375
1.044e-07 0.00107031
1.045e-07 0.00298438
1.046e-07 0.004
1.047e-07 0.00376563
1.048e-07 0.00272656
1.049e-07 0.00132813
1.05e-07 -0.0001875
1.051e-07 -0.002
1.052e-07 -0.00384375
1.053e-07 -0.00448438
1.054e-07 -0.00302344
1.055e-07 -0.000265625
1.056e-07 0.002
1.057e-07 0.00233594
1.058e-07 0.000945313
1.059e-07 -0.00078125
1.06e-07 -0.00121875
1.061e-07 1.3411e-10
1.062e-07 0.00205469
1.063e-07 0.00367969
1.064e-07 0.00395313
1.065e-07 0.00304688
1.066e-07 0.002
1.067e-07 0.00160156
1.068e-07 0.00185156
1.069e-07 0.00198438
1.07e-07 0.00134375
1.071e-07 1.3411e-10
1.072e-07 -0.00135937
1.073e-07 -0.00204687
1.074e-07 -0.00178125
1.075e-07 -0.000890625
1.076e-07 1.3411e-10
1.077e-07 0.000398438
1.078e-07 0.000210938
1.079e-07 -0.000171875
1.08e-07 -0.000265625
1.081e-07 1.3411e-10
1.082e-07 0.000335938
1.083e-07 0.000273438
1.084e-07 -0.000421875
1.085e-07 -0.00138281
1.086e-07 -0.002
1.087e-07 -0.00178906
1.088e-07 -0.000734375
1.089e-07 0.000710938
1.09e-07 0.00173438
1.091e-07 0.002
1.092e-07 0.00153125
1.093e-07 0.000578125
1.094e-07 -0.0005625
1.095e-07 -0.00146094
1.096e-07 -0.002
1.097e-07 -0.00217187
1.098e-07 -0.002125
1.099e-07 -0.00186719
1.1e-07 -0.00121875
1.101e-07 1.3411e-10
1.102e-07 0.00146094
1.103e-07 0.00214063
1.104e-07 0.00153125
1.105e-07 0.000390625
1.106e-07 1.3411e-10
1.107e-07 0.000921875
1.108e-07 0.0019375
1.109e-07 0.00155469
1.11e-07 -0.000242187
1.111e-07 -0.002
1.112e-07 -0.00221875
1.113e-07 -0.000945312
1.114e-07 0.000820313
1.115e-07 0.001875
1.116e-07 0.002
1.117e-07 0.00153906
1.118e-07 0.000601563
1.119e-07 -0.000625
1.12e-07 -0.00161719
1.121e-07 -0.002
1.122e-07 -0.00158594
1.123e-07 -0.000609375
1.124e-07 0.000578125
1.125e-07 0.0015
1.126e-07 0.002
1.127e-07 0.00209375
1.128e-07 0.00203125
1.129e-07 0.00199219
1.13e-07 0.002
1.131e-07 0.002
1.132e-07 0.00195313
1.133e-07 0.00196875
1.134e-07 0.00203125
1.135e-07 0.00207813
1.136e-07 0.002
1.137e-07 0.00153906
1.138e-07 0.000570313
1.139e-07 -0.00059375
1.14e-07 -0.000992187
1.141e-07 1.3411e-10
1.142e-07 0.00213281
1.143e-07 0.0038125
1.144e-07 0.00364063
1.145e-07 0.00183594
1.146e-07 1.3411e-10
1.147e-07 -0.000507812
1.148e-07 -0.000203125
1.149e-07 -5.46874e-05
1.15e-07 -0.000242187
1.151e-07 1.3411e-10
1.152e-07 0.00114844
1.153e-07 0.00205469
1.154e-07 0.00146094
1.155e-07 -0.00040625
1.156e-07 -0.002
1.157e-07 -0.00196094
1.158e-07 -0.000726562
1.159e-07 0.0005
1.16e-07 0.000703125
1.161e-07 1.3411e-10
1.162e-07 -0.000898437
1.163e-07 -0.00170312
1.164e-07 -0.00226562
1.165e-07 -0.00239062
1.166e-07 -0.002
1.167e-07 -0.00111719
1.168e-07 -0.00028125
1.169e-07 0.000164063
1.17e-07 0.000164063
1.171e-07 1.3411e-10
1.172e-07 -7.81249e-05
1.173e-07 -4.68749e-05
1.174e-07 2.34376e-05
1.175e-07 2.34376e-05
1.176e-07 1.3411e-10
1.177e-07 0.000210938
1.178e-07 0.00121875
1.179e-07 0.002875
1.18e-07 0.00410938
1.181e-07 0.004
1.182e-07 0.00239063
1.183e-07 0.000554688
1.184e-07 -0.000179687
1.185e-07 0.000617188
1.186e-07 0.002
1.187e-07 0.00246094
1.188e-07 0.00117188
1.189e-07 -0.0013125
1.19e-07 -0.002875
1.191e-07 -0.002
1.192e-07 0.00105469
1.193e-07 0.00366406
1.194e-07 0.00348438
1.195e-07 0.000757813
1.196e-07 -0.002
1.197e-07 -0.00236719
1.198e-07 -0.000898437
1.199e-07 0.000507813
1.2e-07 0.000609375
1.201e-07 1.3411e-10
1.202e-07 -0.000101562
1.203e-07 7.81263e-06
1.204e-07 -0.00021875
1.205e-07 -0.0005
1.206e-07 1.3411e-10
1.207e-07 0.00147656
1.208e-07 0.00227344
1.209e-07 0.00116406
1.21e-07 -0.000960937
1.211e-07 -0.002
1.212e-07 -0.000726562
1.213e-07 0.0013125
1.214e-07 0.00207813
1.215e-07 0.00110156
1.216e-07 1.3411e-10
1.217e-07 0.000398438
1.218e-07 0.0015625
1.219e-07 0.00202344
1.22e-07 0.00119531
1.221e-07 1.3411e-10
1.222e-07 -0.00040625
1.223e-07 -0.000179687
1.224e-07 1.56251e-05
1.225e-07 -7.03124e-05
1.226e-07 1.3411e-10
1.227e-07 0.000726563
1.228e-07 0.00165625
1.229e-07 0.00213281
1.23e-07 0.00208594
1.231e-07 0.002
1.232e-07 0.00200781
1.233e-07 0.000984375
1.234e-07 -0.00132812
1.235e-07 -0.00303125
1.236e-07 -0.002
1.237e-07 0.002
1.238e-07 0.00552344
1.239e-07 0.00528125
1.24e-07 0.0015625
1.241e-07 -0.002
1.242e-07 -0.00208594
1.243e-07 0.000484375
1.244e-07 0.00296094
1.245e-07 0.00325
1.246e-07 0.002
1.247e-07 0.0009375
1.248e-07 0.00025
1.249e-07 -0.000375
1.25e-07 -0.00065625
1.251e-07 1.3411e-10
1.252e-07 0.00153906
1.253e-07 0.00230469
1.254e-07 0.00115625
1.255e-07 -0.000960937
1.256e-07 -0.002
1.257e-07 -0.000757812
1.258e-07 0.00128906
1.259e-07 0.002125
1.26e-07 0.00121094
1.261e-07 1.3411e-10
1.262e-07 -6.24999e-05
1.263e-07 0.000140625
1.264e-07 -0.0005625
1.265e-07 -0.00178906
1.266e-07 -0.002
1.267e-07 -0.000296875
1.268e-07 0.00160938
1.269e-07 0.00172656
1.27e-07 -9.37499e-05
1.271e-07 -0.002
1.272e-07 -0.002125
1.273e-07 -0.0008125
1.274e-07 0.000554688
1.275e-07 0.000773438
1.276e-07 1.3411e-10
1.277e-07 -0.00090625
1.278e-07 -0.00169531
1.279e-07 -0.00230469
1.28e-07 -0.00246875
1.281e-07 -0.002
1.282e-07 -0.000992187
1.283e-07 -0.000195312
1.284e-07 1.56251e-05
1.285e-07 -0.000140625
1.286e-07 1.3411e-10
1.287e-07 0.0008125
1.288e-07 0.00175781
1.289e-07 0.00196094
1.29e-07 0.00114844
1.291e-07 1.3411e-10
1.292e-07 -0.000609375
1.293e-07 -0.000429687
1.294e-07 0.000453125
1.295e-07 0.0019375
1.296e-07 0.004
1.297e-07 0.00578906
1.298e-07 0.00536719
1.299e-07 0.00197656
1.3e-07 -0.00216406
1.301e-07 -0.004
1.302e-07 -0.00161719
1.303e-07 0.00123438
1.304e-07 0.00211719
1.305e-07 0.000453125
1.306e-07 -0.002
1.307e-07 -0.00165625
1.308e-07 -0.000539062
1.309e-07 0.000148438
1.31e-07 0.000765625
1.311e-07 0.004
1.312e-07 0.0138906
1.313e-07 0.0319063
1.314e-07 0.0567266
1.315e-07 0.0803984
1.316e-07 0.098
1.317e-07 0.105039
1.318e-07 0.102641
1.319e-07 0.0923594
1.32e-07 0.0794844
1.321e-07 0.068
1.322e-07 0.0579141
1.323e-07 0.0525234
1.324e-07 0.0519141
1.325e-07 0.0560156
1.326e-07 0.064
1.327e-07 0.0711641
1.328e-07 0.0748984
1.329e-07 0.071375
1.33e-07 0.0611797
1.331e-07 0.048
1.332e-07 0.0343672
1.333e-07 0.0209688
1.334e-07 0.00670313
1.335e-07 -0.00610156
1.336e-07 -0.016
1.337e-07 -0.021875
1.338e-07 -0.0269688
1.339e-07 -0.0334219
1.34e-07 -0.0408516
1.341e-07 -0.048
1.342e-07 -0.0505859
1.343e-07 -0.0526016
1.344e-07 -0.0555938
1.345e-07 -0.0597422
1.346e-07 -0.064
1.347e-07 -0.0629766
1.348e-07 -0.0562891
1.349e-07 -0.0426797
1.35e-07 -0.0245
1.351e-07 -0.004
1.352e-07 0.0150469
1.353e-07 0.0286875
1.354e-07 0.0331641
1.355e-07 0.0291328
1.356e-07 0.022
1.357e-07 0.0140859
1.358e-07 0.00842969
1.359e-07 0.00311719
1.36e-07 -0.00244531
1.361e-07 -0.008
1.362e-07 -0.0149297
1.363e-07 -0.0231172
1.364e-07 -0.0333906
1.365e-07 -0.043125
1.366e-07 -0.05
1.367e-07 -0.0528281
1.368e-07 -0.0547188
1.369e-07 -0.0577891
1.37e-07 -0.0615
1.371e-07 -0.064
1.372e-07 -0.0629375
1.373e-07 -0.0616875
1.374e-07 -0.0632422
1.375e-07 -0.0675703
1.376e-07 -0.072
1.377e-07 -0.0730938
1.378e-07 -0.0723984
1.379e-07 -0.0720469
1.38e-07 -0.0729219
1.381e-07 -0.074
1.382e-07 -0.0733438
1.383e-07 -0.0721953
1.384e-07 -0.0722344
1.385e-07 -0.0744141
1.386e-07 -0.078
1.387e-07 -0.0802813
1.388e-07 -0.0809609
1.389e-07 -0.078
1.39e-07 -0.0727188
1.391e-07 -0.068
1.392e-07 -0.063
1.393e-07 -0.0604922
1.394e-07 -0.0593828
1.395e-07 -0.0588438
1.396e-07 -0.058
1.397e-07 -0.0531328
1.398e-07 -0.0410547
1.399e-07 -0.0169141
1.4e-07 0.0178359
1.401e-07 0.06
1.402e-07 0.0990625
1.403e-07 0.126305
1.404e-07 0.132906
1.405e-07 0.120172
1.406e-07 0.1
1.407e-07 0.0794844
1.408e-07 0.0662734
1.409e-07 0.0577734
1.41e-07 0.0505859
1.411e-07 0.042
1.412e-07 0.0299297
1.413e-07 0.0175313
1.414e-07 0.007125
1.415e-07 0.00144531
1.416e-07 1.3411e-10
1.417e-07 0.00174219
1.418e-07 0.003375
1.419e-07 0.00475781
1.42e-07 0.00577344
1.421e-07 0.006
1.422e-07 0.00650781
1.423e-07 0.00546875
1.424e-07 0.00217969
1.425e-07 -0.00267969
1.426e-07 -0.008
1.427e-07 -0.0113672
1.428e-07 -0.0114766
1.429e-07 -0.00804688
1.43e-07 -0.00242187
1.431e-07 0.004
1.432e-07 0.00969531
1.433e-07 0.0143906
1.434e-07 0.0172188
1.435e-07 0.0171406
1.436e-07 0.014
1.437e-07 0.00754688
1.438e-07 -0.00125781
1.439e-07 -0.0104609
1.44e-07 -0.0169141
1.441e-07 -0.02
1.442e-07 -0.0197109
1.443e-07 -0.0195469
1.444e-07 -0.0208125
1.445e-07 -0.0228984
1.446e-07 -0.024
1.447e-07 -0.0207109
1.448e-07 -0.014375
1.449e-07 -0.00549219
1.45e-07 0.00453125
1.451e-07 0.016
1.452e-07 0.0288906
1.453e-07 0.0421406
1.454e-07 0.0527813
1.455e-07 0.0582578
1.456e-07 0.06
1.457e-07 0.0574375
1.458e-07 0.0531016
1.459e-07 0.0462734
1.46e-07 0.0381641
1.461e-07 0.03
1.462e-07 0.0205781
1.463e-07 0.0109844
1.464e-07 0.0008125
1.465e-07 -0.00790625
1.466e-07 -0.014
1.467e-07 -0.0172578
1.468e-07 -0.0191484
1.469e-07 -0.0209688
1.47e-07 -0.0232422
1.471e-07 -0.026
1.472e-07 -0.0278047
1.473e-07 -0.0301953
1.474e-07 -0.0341094
1.475e-07 -0.0389844
1.476e-07 -0.044
1.477e-07 -0.0474531
1.478e-07 -0.0495625
1.479e-07 -0.0502891
1.48e-07 -0.0491641
1.481e-07 -0.046
1.482e-07 -0.0412578
1.483e-07 -0.038
1.484e-07 -0.0389375
1.485e-07 -0.0448281
1.486e-07 -0.054
1.487e-07 -0.0624063
1.488e-07 -0.0685
1.489e-07 -0.0705
1.49e-07 -0.0688672
1.491e-07 -0.066
1.492e-07 -0.0616484
1.493e-07 -0.0569688
1.494e-07 -0.0504922
1.495e-07 -0.0426016
1.496e-07 -0.034
1.497e-07 -0.0245781
1.498e-07 -0.0150859
1.499e-07 -0.00480469
1.5e-07 0.00553906
1.501e-07 0.016
1.502e-07 0.0247969
1.503e-07 0.0306328
1.504e-07 0.0323125
1.505e-07 0.0315234
1.506e-07 0.032
1.507e-07 0.0339688
1.508e-07 0.0359141
1.509e-07 0.0349531
1.51e-07 0.03175
1.511e-07 0.03
1.512e-07 0.0315391
1.513e-07 0.0347422
1.514e-07 0.0362969
1.515e-07 0.0352109
1.516e-07 0.034
1.517e-07 0.0351172
1.518e-07 0.0382109
1.519e-07 0.0413672
1.52e-07 0.0430859
1.521e-07 0.044
1.522e-07 0.044625
1.523e-07 0.0446406
1.524e-07 0.0428359
1.525e-07 0.0395078
1.526e-07 0.036
1.527e-07 0.0330703
1.528e-07 0.0308906
1.529e-07 0.0290078
1.53e-07 0.0278672
1.531e-07 0.028
1.532e-07 0.0291016
1.533e-07 0.0290469
1.534e-07 0.0262656
1.535e-07 0.0218047
1.536e-07 0.018
1.537e-07 0.0168125
1.538e-07 0.0164219
1.539e-07 0.0150703
1.54e-07 0.0129922
1.541e-07 0.012
1.542e-07 0.0139375
1.543e-07 0.0168516
1.544e-07 0.0184844
1.545e-07 0.0182656
1.546e-07 0.018
1.547e-07 0.0194297
1.548e-07 0.021375
1.549e-07 0.0220469
1.55e-07 0.0210859
1.551e-07 0.02
1.552e-07 0.02
1.553e-07 0.0202734
1.554e-07 0.0192109
1.555e-07 0.0166875
1.556e-07 0.014
1.557e-07 0.0123906
1.558e-07 0.0119609
1.559e-07 0.0118906
1.56e-07 0.0117969
1.561e-07 0.012
1.562e-07 0.0127031
1.563e-07 0.0136953
1.564e-07 0.0139922
1.565e-07 0.0132813
1.566e-07 0.012
1.567e-07 0.00989844
1.568e-07 0.00641406
1.569e-07 0.00117969
1.57e-07 -0.003625
1.571e-07 -0.006
1.572e-07 -0.00585938
1.573e-07 -0.00640625
1.574e-07 -0.0107031
1.575e-07 -0.0177266
1.576e-07 -0.024
1.577e-07 -0.0262109
1.578e-07 -0.026125
1.579e-07 -0.0264453
1.58e-07 -0.0281875
1.581e-07 -0.03
1.582e-07 -0.0295859
1.583e-07 -0.0283828
1.584e-07 -0.0280859
1.585e-07 -0.0290703
1.586e-07 -0.03
1.587e-07 -0.0292422
1.588e-07 -0.0281641
1.589e-07 -0.0282734
1.59e-07 -0.0299063
1.591e-07 -0.032
1.592e-07 -0.0330156
1.593e-07 -0.0336953
1.594e-07 -0.0344063
1.595e-07 -0.0347734
1.596e-07 -0.034
1.597e-07 -0.0310391
1.598e-07 -0.0275781
1.599e-07 -0.0247266
1.6e-07 -0.0231641
1.601e-07 -0.022
1.602e-07 -0.0196172
1.603e-07 -0.0161484
1.604e-07 -0.0118359
1.605e-07 -0.00773438
1.606e-07 -0.004
1.607e-07 -0.000664062
1.608e-07 0.00248438
1.609e-07 0.00538281
1.61e-07 0.00776563
1.611e-07 0.01
1.612e-07 0.0117031
1.613e-07 0.0132813
1.614e-07 0.0146094
1.615e-07 0.0154766
1.616e-07 0.016
1.617e-07 0.0156641
1.618e-07 0.0146797
1.619e-07 0.0132266
1.62e-07 0.0121016
1.621e-07 0.012
1.622e-07 0.0130156
1.623e-07 0.0148906
1.624e-07 0.0170078
1.625e-07 0.0186797
1.626e-07 0.02
1.627e-07 0.0209766
1.628e-07 0.02175
1.629e-07 0.0220938
1.63e-07 0.0220547
1.631e-07 0.022
1.632e-07 0.0216484
1.633e-07 0.0207734
1.634e-07 0.0189531
1.635e-07 0.0170078
1.636e-07 0.016
1.637e-07 0.0158438
1.638e-07 0.0150703
1.639e-07 0.0123672
1.64e-07 0.0086875
1.641e-07 0.006
1.642e-07 0.00574219
1.643e-07 0.00613281
1.644e-07 0.00532031
1.645e-07 0.00335156
1.646e-07 0.002
1.647e-07 0.00309375
1.648e-07 0.00514844
1.649e-07 0.00635938
1.65e-07 0.0061875
1.651e-07 0.006
1.652e-07 0.00725
1.653e-07 0.00922656
1.654e-07 0.0103516
1.655e-07 0.00971094
1.656e-07 0.008
1.657e-07 0.00644531
1.658e-07 0.00589844
1.659e-07 0.00621094
1.66e-07 0.00651563
1.661e-07 0.006
1.662e-07 0.00446094
1.663e-07 0.0026875
1.664e-07 0.0015625
1.665e-07 0.00151563
1.666e-07 0.002
1.667e-07 0.00230469
1.668e-07 0.00213281
1.669e-07 0.00190625
1.67e-07 0.00242188
1.671e-07 0.004
1.672e-07 0.00589844
1.673e-07 0.00655469
1.674e-07 0.00484375
1.675e-07 0.00191406
1.676e-07 1.3411e-10
1.677e-07 0.000289063
1.678e-07 0.00160938
1.679e-07 0.00180469
1.68e-07 0.0001875
1.681e-07 -0.002
1.682e-07 -0.00348438
1.683e-07 -0.00496875
1.684e-07 -0.00736719
1.685e-07 -0.0101406
1.686e-07 -0.012
1.687e-07 -0.01175
1.688e-07 -0.0105156
1.689e-07 -0.00979688
1.69e-07 -0.0104766
1.691e-07 -0.012
1.692e-07 -0.0127266
1.693e-07 -0.0114609
1.694e-07 -0.00819531
1.695e-07 -0.00503906
1.696e-07 -0.004
1.697e-07 -0.00553906
1.698e-07 -0.00750781
1.699e-07 -0.00783594
1.7e-07 -0.00660938
1.701e-07 -0.006
1.702e-07 -0.00782813
1.703e-07 -0.0108047
1.704e-07 -0.0125781
1.705e-07 -0.0119219
1.706e-07 -0.01
1.707e-07 -0.00848438
1.708e-07 -0.00801563
1.709e-07 -0.00792188
1.71e-07 -0.00733594
1.711e-07 -0.006
1.712e-07 -0.00430469
1.713e-07 -0.00373438
1.714e-07 -0.00463281
1.715e-07 -0.00541406
1.716e-07 -0.004
1.717e-07 0.000226563
1.718e-07 0.00463281
1.719e-07 0.00639844
1.72e-07 0.00526563
1.721e-07 0.004
1.722e-07 0.00486719
1.723e-07 0.0070625
1.724e-07 0.00833594
1.725e-07 0.00757031
1.726e-07 0.006
1.727e-07 0.0053125
1.728e-07 0.00565625
1.729e-07 0.0061875
1.73e-07 0.00625
1.731e-07 0.006
1.732e-07 0.00585938
1.733e-07 0.00588281
1.734e-07 0.00609375
1.735e-07 0.00669531
1.736e-07 0.008
1.737e-07 0.00983594
1.738e-07 0.0114766
1.739e-07 0.01225
1.74e-07 0.0121875
1.741e-07 0.012
1.742e-07 0.0117969
1.743e-07 0.0109219
1.744e-07 0.00872656
1.745e-07 0.00597656
1.746e-07 0.004
1.747e-07 0.00382031
1.748e-07 0.00513281
1.749e-07 0.00672656
1.75e-07 0.007125
1.751e-07 0.006
1.752e-07 0.00429688
1.753e-07 0.00361719
1.754e-07 0.00484375
1.755e-07 0.00692188
1.756e-07 0.008
1.757e-07 0.00720313
1.758e-07 0.00610156
1.759e-07 0.00644531
1.76e-07 0.0083125
1.761e-07 0.01
1.762e-07 0.00947656
1.763e-07 0.00730469
1.764e-07 0.00490625
1.765e-07 0.0038125
1.766e-07 0.004
1.767e-07 0.00445313
1.768e-07 0.00440625
1.769e-07 0.003375
1.77e-07 0.00170313
1.771e-07 1.3411e-10
1.772e-07 -0.00139844
1.773e-07 -0.00304688
1.774e-07 -0.00507813
1.775e-07 -0.00642188
1.776e-07 -0.006
1.777e-07 -0.00346094
1.778e-07 -0.000734375
1.779e-07 5.46876e-05
1.78e-07 -0.00158594
1.781e-07 -0.004
1.782e-07 -0.00517188
1.783e-07 -0.00467969
1.784e-07 -0.00338281
1.785e-07 -0.00236719
1.786e-07 -0.002
1.787e-07 -0.00251562
1.788e-07 -0.00445313
1.789e-07 -0.00782813
1.79e-07 -0.010875
1.791e-07 -0.012
1.792e-07 -0.0108906
1.793e-07 -0.00983594
1.794e-07 -0.0108438
1.795e-07 -0.0136094
1.796e-07 -0.016
1.797e-07 -0.0159375
1.798e-07 -0.0146328
1.799e-07 -0.0137891
1.8e-07 -0.0139609
1.801e-07 -0.014
1.802e-07 -0.0124922
1.803e-07 -0.0106484
1.804e-07 -0.00979688
1.805e-07 -0.0100391
1.806e-07 -0.01
1.807e-07 -0.00853125
1.808e-07 -0.00664063
1.809e-07 -0.00579688
1.81e-07 -0.00657031
1.811e-07 -0.008
1.812e-07 -0.00875781
1.813e-07 -0.00848438
1.814e-07 -0.00746875
1.815e-07 -0.00650781
1.816e-07 -0.006
1.817e-07 -0.00566406
1.818e-07 -0.00479688
1.819e-07 -0.00296094
1.82e-07 -0.00100781
1.821e-07 1.3411e-10
1.822e-07 -0.00025
1.823e-07 -0.000429687
1.824e-07 0.000914063
1.825e-07 0.00355469
1.826e-07 0.006
1.827e-07 0.00672656
1.828e-07 0.00628906
1.829e-07 0.00592188
1.83e-07 0.00654688
1.831e-07 0.008
1.832e-07 0.00923438
1.833e-07 0.00989844
1.834e-07 0.0100078
1.835e-07 0.00992188
1.836e-07 0.01
1.837e-07 0.0102031
1.838e-07 0.0102031
1.839e-07 0.00960938
1.84e-07 0.00865625
1.841e-07 0.008
1.842e-07 0.00821875
1.843e-07 0.00925
1.844e-07 0.0106797
1.845e-07 0.0122109
1.846e-07 0.014
1.847e-07 0.0157266
1.848e-07 0.0163594
1.849e-07 0.0151953
1.85e-07 0.0131953
1.851e-07 0.012
1.852e-07 0.0121797
1.853e-07 0.0124063
1.854e-07 0.0110078
1.855e-07 0.00826563
1.856e-07 0.006
1.857e-07 0.00582031
1.858e-07 0.00717969
1.859e-07 0.00851563
1.86e-07 0.00867969
1.861e-07 0.008
1.862e-07 0.00734375
1.863e-07 0.00653125
1.864e-07 0.00532813
1.865e-07 0.00425
1.866e-07 0.004
1.867e-07 0.00489063
1.868e-07 0.00583594
1.869e-07 0.0058125
1.87e-07 0.00486719
1.871e-07 0.004
1.872e-07 0.00392188
1.873e-07 0.00408594
1.874e-07 0.003625
1.875e-07 0.002625
1.876e-07 0.002
1.877e-07 0.00252344
1.878e-07 0.00360156
1.879e-07 0.00410938
1.88e-07 0.0034375
1.881e-07 0.002
1.882e-07 0.000453125
1.883e-07 -0.00117969
1.884e-07 -0.00285938
1.885e-07 -0.00397656
1.886e-07 -0.004
1.887e-07 -0.00270312
1.888e-07 -0.000828125
1.889e-07 0.000570313
1.89e-07 0.00075
1.891e-07 1.3411e-10
1.892e-07 -0.001
1.893e-07 -0.00177344
1.894e-07 -0.00217187
1.895e-07 -0.00217187
1.896e-07 -0.002
1.897e-07 -0.00207812
1.898e-07 -0.00307813
1.899e-07 -0.00514063
1.9e-07 -0.00716406
1.901e-07 -0.008
1.902e-07 -0.00724219
1.903e-07 -0.00621094
1.904e-07 -0.00619531
1.905e-07 -0.00719531
1.906e-07 -0.008
1.907e-07 -0.00745313
1.908e-07 -0.00640625
1.909e-07 -0.00592188
1.91e-07 -0.00611719
1.911e-07 -0.006
1.912e-07 -0.00489844
1.913e-07 -0.00396875
1.914e-07 -0.00451563
1.915e-07 -0.00635938
1.916e-07 -0.008
1.917e-07 -0.00803125
1.918e-07 -0.00677344
1.919e-07 -0.00542969
1.92e-07 -0.00517969
1.921e-07 -0.006
1.922e-07 -0.00704688
1.923e-07 -0.00785156
1.924e-07 -0.00800781
1.925e-07 -0.00732813
1.926e-07 -0.006
1.927e-07 -0.00445313
1.928e-07 -0.00385938
1.929e-07 -0.00441406
1.93e-07 -0.00495313
1.931e-07 -0.004
1.932e-07 -0.00122656
1.933e-07 0.001375
1.934e-07 0.00190625
1.935e-07 0.000679688
1.936e-07 1.3411e-10
1.937e-07 0.00142969
1.938e-07 0.00342969
1.939e-07 0.00385156
1.94e-07 0.00266406
1.941e-07 0.002
1.942e-07 0.00321094
1.943e-07 0.00425
1.944e-07 0.00289844
1.945e-07 -0.000164062
1.946e-07 -0.002
1.947e-07 -0.0004375
1.948e-07 0.00270313
1.949e-07 0.00455469
1.95e-07 0.00378125
1.951e-07 0.002
1.952e-07 0.0015625
1.953e-07 0.00291406
1.954e-07 0.00499219
1.955e-07 0.00617188
1.956e-07 0.006
1.957e-07 0.00496094
1.958e-07 0.00409375
1.959e-07 0.00416406
1.96e-07 0.00508594
1.961e-07 0.006
1.962e-07 0.00586719
1.963e-07 0.00475781
1.964e-07 0.00329688
1.965e-07 0.00230469
1.966e-07 0.002
1.967e-07 0.00228125
1.968e-07 0.00327344
1.969e-07 0.00482031
1.97e-07 0.006
1.971e-07 0.006
1.972e-07 0.004625
1.973e-07 0.00277344
1.974e-07 0.00149219
1.975e-07 0.00138281
1.976e-07 0.002
1.977e-07 0.00272656
1.978e-07 0.00353125
1.979e-07 0.00453125
1.98e-07 0.00547656
1.981e-07 0.006
1.982e-07 0.00567969
1.983e-07 0.00466406
1.984e-07 0.00333594
1.985e-07 0.00235938
1.986e-07 0.002
1.987e-07 0.00210156
1.988e-07 0.00210938
1.989e-07 0.00173438
1.99e-07 0.00146094
1.991e-07 0.002
1.992e-07 0.00340625
1.993e-07 0.00422656
1.994e-07 0.00323438
1.995e-07 0.00119531
1.996e-07 1.3411e-10
1.997e-07 0.000742188
1.998e-07 0.00184375
1.999e-07 0.00155469
2e-07 0.000257813
2.001e-07 1.3411e-10
2.002e-07 0.00196094
2.003e-07 0.00391406
2.004e-07 0.00314063
2.005e-07 -0.000382812
2.006e-07 -0.004
2.007e-07 -0.00510938
2.008e-07 -0.00449219
2.009e-07 -0.00389063
2.01e-07 -0.00403125
2.011e-07 -0.004
2.012e-07 -0.00280469
2.013e-07 -0.00189062
2.014e-07 -0.00267187
2.015e-07 -0.00467969
2.016e-07 -0.006
2.017e-07 -0.00504688
2.018e-07 -0.00295313
2.019e-07 -0.00150781
2.02e-07 -0.00150781
2.021e-07 -0.002
2.022e-07 -0.00194531
2.023e-07 -0.00183594
2.024e-07 -0.00247656
2.025e-07 -0.00357031
2.026e-07 -0.004
2.027e-07 -0.003125
2.028e-07 -0.00209375
2.029e-07 -0.002375
2.03e-07 -0.00409375
2.031e-07 -0.006
2.032e-07 -0.00667969
2.033e-07 -0.006375
2.034e-07 -0.00575
2.035e-07 -0.00508594
2.036e-07 -0.004
2.037e-07 -0.00232812
2.038e-07 -0.00166406
2.039e-07 -0.00285938
2.04e-07 -0.0044375
2.041e-07 -0.004
2.042e-07 -0.0008125
2.043e-07 0.00183594
2.044e-07 0.00101563
2.045e-07 -0.00223437
2.046e-07 -0.004
2.047e-07 -0.00182031
2.048e-07 0.00128906
2.049e-07 0.00146875
2.05e-07 -0.00152344
2.051e-07 -0.004
2.052e-07 -0.00263281
2.053e-07 0.000679688
2.054e-07 0.00239844
2.055e-07 0.000859375
2.056e-07 -0.002
2.057e-07 -0.00329688
2.058e-07 -0.00274219
2.059e-07 -0.00135937
2.06e-07 -0.000398437
2.061e-07 1.3411e-10
2.062e-07 0.000460938
2.063e-07 0.00136719
2.064e-07 0.00267188
2.065e-07 0.00371875
2.066e-07 0.004
2.067e-07 0.00332813
2.068e-07 0.00232813
2.069e-07 0.001875
2.07e-07 0.00253906
2.071e-07 0.004
2.072e-07 0.00514063
2.073e-07 0.00482813
2.074e-07 0.00282031
2.075e-07 0.000632813
2.076e-07 1.3411e-10
2.077e-07 0.0015
2.078e-07 0.0034375
2.079e-07 0.00398438
2.08e-07 0.00295313
2.081e-07 0.002
2.082e-07 0.00255469
2.083e-07 0.00367188
2.084e-07 0.003875
2.085e-07 0.00289063
2.086e-07 0.002
2.087e-07 0.00246094
2.088e-07 0.00359375
2.089e-07 0.00403125
2.09e-07 0.00323438
2.091e-07 0.002
2.092e-07 0.00145313
2.093e-07 0.00167188
2.094e-07 0.00227344
2.095e-07 0.00301563
2.096e-07 0.004
2.097e-07 0.00496875
2.098e-07 0.00475
2.099e-07 0.00285938
2.1e-07 0.000671875
2.101e-07 1.3411e-10
2.102e-07 0.00157813
2.103e-07 0.00354688
2.104e-07 0.00378906
2.105e-07 0.00201563
2.106e-07 1.3411e-10
2.107e-07 -0.000328125
2.108e-07 0.00100781
2.109e-07 0.00282031
2.11e-07 0.00382031
2.111e-07 0.004
2.112e-07 0.0039375
2.113e-07 0.004
2.114e-07 0.0039375
2.115e-07 0.00332813
2.116e-07 0.002
2.117e-07 0.00015625
2.118e-07 -0.00151562
2.119e-07 -0.00224219
2.12e-07 -0.00157812
2.121e-07 1.3411e-10
2.122e-07 0.00135156
2.123e-07 0.00096875
2.124e-07 -0.00135156
2.125e-07 -0.00370313
2.126e-07 -0.004
2.127e-07 -0.00155469
2.128e-07 0.00126563
2.129e-07 0.00191406
2.13e-07 8.59376e-05
2.131e-07 -0.002
2.132e-07 -0.00207031
2.133e-07 -0.000726562
2.134e-07 0.000320313
2.135e-07 0.000265625
2.136e-07 1.3411e-10
2.137e-07 0.0004375
2.138e-07 0.000476563
2.139e-07 -0.00096875
2.14e-07 -0.00308594
2.141e-07 -0.004
2.142e-07 -0.00260937
2.143e-07 -0.000617187
2.144e-07 3.90626e-05
2.145e-07 -0.000953125
2.146e-07 -0.002
2.147e-07 -0.0015625
2.148e-07 -0.00040625
2.149e-07 -7.81237e-06
2.15e-07 -0.000882812
2.151e-07 -0.002
2.152e-07 -0.00196094
2.153e-07 -0.000804687
2.154e-07 0.000671875
2.155e-07 0.001625
2.156e-07 0.002
2.157e-07 0.00182813
2.158e-07 0.000796875
2.159e-07 -0.000945312
2.16e-07 -0.00223437
2.161e-07 -0.002
2.162e-07 -0.0001875
2.163e-07 0.00164063
2.164e-07 0.00182031
2.165e-07 0.000140625
2.166e-07 -0.002
2.167e-07 -0.00297656
2.168e-07 -0.00257812
2.169e-07 -0.00145312
2.17e-07 -0.000507812
2.171e-07 1.3411e-10
2.172e-07 0.000234375
2.173e-07 0.000140625
2.174e-07 -0.000195312
2.175e-07 -0.000367187
2.176e-07 1.3411e-10
2.177e-07 0.00090625
2.178e-07 0.00179688
2.179e-07 0.00199219
2.18e-07 0.00126563
2.181e-07 1.3411e-10
2.182e-07 -0.00121875
2.183e-07 -0.00194531
2.184e-07 -0.00194531
2.185e-07 -0.00122656
2.186e-07 1.3411e-10
2.187e-07 0.00132031
2.188e-07 0.00203125
2.189e-07 0.00174219
2.19e-07 0.0008125
2.191e-07 1.3411e-10
2.192e-07 -0.000171875
2.193e-07 -5.46874e-05
2.194e-07 -7.81249e-05
2.195e-07 -0.000210937
2.196e-07 1.3411e-10
2.197e-07 0.000820313
2.198e-07 0.00171094
2.199e-07 0.0020625
2.2e-07 0.00191406
2.201e-07 0.002
2.202e-07 0.00278125
2.203e-07 0.00374219
2.204e-07 0.00398438
2.205e-07 0.00321094
2.206e-07 0.002
2.207e-07 0.001
2.208e-07 0.000273438
2.209e-07 -0.000335937
2.21e-07 -0.0005625
2.211e-07 1.3411e-10
2.212e-07 0.00128906
2.213e-07 0.00207031
2.214e-07 0.00154688
2.215e-07 0.000382813
2.216e-07 1.3411e-10
2.217e-07 0.00108594
2.218e-07 0.00205469
2.219e-07 0.001375
2.22e-07 -0.000609375
2.221e-07 -0.002
2.222e-07 -0.00121094
2.223e-07 0.000929688
2.224e-07 0.00267188
2.225e-07 0.0028125
2.226e-07 0.002
2.227e-07 0.00150781
2.228e-07 0.00171875
2.229e-07 0.00225
2.23e-07 0.0024375
2.231e-07 0.002
2.232e-07 0.00109375
2.233e-07 0.00021875
2.234e-07 -7.03124e-05
2.235e-07 0.00059375
2.236e-07 0.002
2.237e-07 0.0034375
2.238e-07 0.00410938
2.239e-07 0.00363281
2.24e-07 0.00260938
2.241e-07 0.002
2.242e-07 0.00217188
2.243e-07 0.00224219
2.244e-07 0.00142969
2.245e-07 0.000265625
2.246e-07 1.3411e-10
2.247e-07 0.00114844
2.248e-07 0.00210156
2.249e-07 0.00130469
