-4e-07 -7.81249e-06
-3.995e-07 1.79688e-05
-3.99e-07 -2.73437e-05
-3.985e-07 1.09375e-05
-3.98e-07 -2.34375e-05
-3.975e-07 3.04688e-05
-3.97e-07 -7.81249e-06
-3.965e-07 9.37501e-06
-3.96e-07 -6.24999e-06
-3.955e-07 -2.73437e-05
-3.95e-07 -4.21875e-05
-3.945e-07 -4.84375e-05
-3.94e-07 -2.03125e-05
-3.935e-07 -6.09375e-05
-3.93e-07 1.40625e-05
-3.925e-07 -6.32812e-05
-3.92e-07 -5.54687e-05
-3.915e-07 -5.78125e-05
-3.91e-07 -0.000103125
-3.905e-07 -5.78125e-05
-3.9e-07 -6.17187e-05
-3.895e-07 -0.000103906
-3.89e-07 -1.5625e-05
-3.885e-07 -6.17187e-05
-3.88e-07 -4.6875e-05
-3.875e-07 -7.34375e-05
-3.87e-07 -2.96875e-05
-3.865e-07 -6.40625e-05
-3.86e-07 1.25e-05
-3.855e-07 -6.09375e-05
-3.85e-07 1.40625e-05
-3.845e-07 -1.48437e-05
-3.84e-07 -2.96875e-05
-3.835e-07 1.95313e-05
-3.83e-07 -1.875e-05
-3.825e-07 1.875e-05
-3.82e-07 8.98438e-05
-3.815e-07 6.25e-05
-3.81e-07 7.26563e-05
-3.805e-07 0.000100781
-3.8e-07 8.59375e-05
-3.795e-07 0.000185156
-3.79e-07 0.000114844
-3.785e-07 0.000197656
-3.78e-07 0.000175781
-3.775e-07 0.000195313
-3.77e-07 0.000196875
-3.765e-07 0.00021875
-3.76e-07 0.000240625
-3.755e-07 0.000225
-3.75e-07 0.00025
-3.745e-07 0.000221094
-3.74e-07 0.000264063
-3.735e-07 0.000278906
-3.73e-07 0.000233594
-3.725e-07 0.000207813
-3.72e-07 0.000197656
-3.715e-07 0.000234375
-3.71e-07 0.000188281
-3.705e-07 0.000184375
-3.7e-07 0.000190625
-3.695e-07 0.000171094
-3.69e-07 9.84375e-05
-3.685e-07 0.000139063
-3.68e-07 0.000128906
-3.675e-07 9.21875e-05
-3.67e-07 4.14063e-05
-3.665e-07 5.46876e-06
-3.66e-07 9.37501e-06
-3.655e-07 -1.71875e-05
-3.65e-07 -9.53125e-05
-3.645e-07 -6.32812e-05
-3.64e-07 -0.000144531
-3.635e-07 -7.65625e-05
-3.63e-07 -0.000177344
-3.625e-07 -0.000198437
-3.62e-07 -0.000321094
-3.615e-07 -0.000315625
-3.61e-07 -0.000301562
-3.605e-07 -0.000338281
-3.6e-07 -0.000327344
-3.595e-07 -0.000339062
-3.59e-07 -0.000401562
-3.585e-07 -0.000457812
-3.58e-07 -0.000403125
-3.575e-07 -0.000425
-3.57e-07 -0.000442187
-3.565e-07 -0.000514844
-3.56e-07 -0.000438281
-3.555e-07 -0.000432031
-3.55e-07 -0.000480469
-3.545e-07 -0.00040625
-3.54e-07 -0.000440625
-3.535e-07 -0.000442187
-3.53e-07 -0.000415625
-3.525e-07 -0.000442187
-3.52e-07 -0.000423437
-3.515e-07 -0.000380469
-3.51e-07 -0.000396094
-3.505e-07 -0.000324219
-3.5e-07 -0.000298437
-3.495e-07 -0.000263281
-3.49e-07 -0.000229687
-3.485e-07 -0.000210937
-3.48e-07 -0.000146875
-3.475e-07 -0.000110937
-3.47e-07 -7.73437e-05
-3.465e-07 -9.21875e-05
-3.46e-07 -7.81237e-07
-3.455e-07 -1.64062e-05
-3.45e-07 2.42188e-05
-3.445e-07 2.57813e-05
-3.44e-07 9.14063e-05
-3.435e-07 0.000126563
-3.43e-07 0.00011875
-3.425e-07 0.000110156
-3.42e-07 0.000165625
-3.415e-07 0.000160156
-3.41e-07 0.000210156
-3.405e-07 0.000257813
-3.4e-07 0.000322656
-3.395e-07 0.000314063
-3.39e-07 0.000341406
-3.385e-07 0.000314844
-3.38e-07 0.0003125
-3.375e-07 0.000367188
-3.37e-07 0.000285156
-3.365e-07 0.000321094
-3.36e-07 0.00031875
-3.355e-07 0.000369531
-3.35e-07 0.000310156
-3.345e-07 0.000334375
-3.34e-07 0.0003625
-3.335e-07 0.000323438
-3.33e-07 0.000324219
-3.325e-07 0.000286719
-3.32e-07 0.000265625
-3.315e-07 0.000245313
-3.31e-07 0.000232031
-3.305e-07 0.0002375
-3.3e-07 0.000190625
-3.295e-07 0.000190625
-3.29e-07 0.000170313
-3.285e-07 0.000128906
-3.28e-07 8.59375e-05
-3.275e-07 0.000155469
-3.27e-07 6.71875e-05
-3.265e-07 0.000113281
-3.26e-07 7.89063e-05
-3.255e-07 4.45313e-05
-3.25e-07 8.59375e-05
-3.245e-07 2.1875e-05
-3.24e-07 2.65625e-05
-3.235e-07 1.95313e-05
-3.23e-07 -3.12499e-06
-3.225e-07 -2.26562e-05
-3.22e-07 -2.03125e-05
-3.215e-07 -6.32812e-05
-3.21e-07 -1.40625e-05
-3.205e-07 -2.8125e-05
-3.2e-07 -8.20312e-05
-3.195e-07 -4.53125e-05
-3.19e-07 -9.76562e-05
-3.185e-07 -7.03125e-05
-3.18e-07 -8.67187e-05
-3.175e-07 -0.000101562
-3.17e-07 -9.29687e-05
-3.165e-07 -8.90625e-05
-3.16e-07 -0.000126562
-3.155e-07 -7.96875e-05
-3.15e-07 -1e-04
-3.145e-07 -0.000155469
-3.14e-07 -0.00014375
-3.135e-07 -0.000136719
-3.13e-07 -0.000128125
-3.125e-07 -0.000117187
-3.12e-07 -0.000178125
-3.115e-07 -0.000155469
-3.11e-07 -0.000160156
-3.105e-07 -0.000145312
-3.1e-07 -0.000191406
-3.095e-07 -0.00015625
-3.09e-07 -0.000189062
-3.085e-07 -0.000161719
-3.08e-07 -0.000207812
-3.075e-07 -0.000158594
-3.07e-07 -0.000208594
-3.065e-07 -0.000179687
-3.06e-07 -0.000300781
-3.055e-07 -0.000229687
-3.05e-07 -0.00016875
-3.045e-07 -0.000198437
-3.04e-07 -0.000238281
-3.035e-07 -0.000205469
-3.03e-07 -0.000199219
-3.025e-07 -0.00020625
-3.02e-07 -0.000182812
-3.015e-07 -0.000259375
-3.01e-07 -0.000222656
-3.005e-07 -0.000248437
-3e-07 -0.000215625
-2.995e-07 -0.000214844
-2.99e-07 -0.000163281
-2.985e-07 -0.000133594
-2.98e-07 -0.000152344
-2.975e-07 -0.000183594
-2.97e-07 -0.0001375
-2.965e-07 -0.000151562
-2.96e-07 -9.375e-05
-2.955e-07 -0.000125781
-2.95e-07 -0.000109375
-2.945e-07 -7.26562e-05
-2.94e-07 -5.23437e-05
-2.935e-07 -2.65625e-05
-2.93e-07 -1.09375e-05
-2.925e-07 -2.10937e-05
-2.92e-07 4.6875e-05
-2.915e-07 1.09375e-05
-2.91e-07 -1.40625e-05
-2.905e-07 7.57813e-05
-2.9e-07 0.000109375
-2.895e-07 6.01563e-05
-2.89e-07 0.000107031
-2.885e-07 0.000109375
-2.88e-07 8.35938e-05
-2.875e-07 0.000142188
-2.87e-07 0.000164063
-2.865e-07 0.000119531
-2.86e-07 0.000220313
-2.855e-07 0.000200781
-2.85e-07 0.000239844
-2.845e-07 0.000199219
-2.84e-07 0.000260938
-2.835e-07 0.000320313
-2.83e-07 0.000244531
-2.825e-07 0.000211719
-2.82e-07 0.000228906
-2.815e-07 0.00021875
-2.81e-07 0.000220313
-2.805e-07 0.000264844
-2.8e-07 0.000226563
-2.795e-07 0.000302344
-2.79e-07 0.000216406
-2.785e-07 0.000221875
-2.78e-07 0.000196094
-2.775e-07 0.0002125
-2.77e-07 0.000132813
-2.765e-07 0.000225781
-2.76e-07 0.00011875
-2.755e-07 7.65625e-05
-2.75e-07 0.00010625
-2.745e-07 4.0625e-05
-2.74e-07 2.1875e-05
-2.735e-07 4.53125e-05
-2.73e-07 2.73438e-05
-2.725e-07 -1.32812e-05
-2.72e-07 7.03126e-06
-2.715e-07 3.04688e-05
-2.71e-07 -1.95312e-05
-2.705e-07 -4.53125e-05
-2.7e-07 -4.76562e-05
-2.695e-07 -0.000110156
-2.69e-07 -8.59375e-05
-2.685e-07 -6.71875e-05
-2.68e-07 -8.75e-05
-2.675e-07 -0.000144531
-2.67e-07 -0.000144531
-2.665e-07 -0.000142969
-2.66e-07 -8.98437e-05
-2.655e-07 -0.000123437
-2.65e-07 -0.00011875
-2.645e-07 -0.000157812
-2.64e-07 -0.00015625
-2.635e-07 -0.000146875
-2.63e-07 -0.000203125
-2.625e-07 -0.000160156
-2.62e-07 -0.000180469
-2.615e-07 -0.000175
-2.61e-07 -0.0001625
-2.605e-07 -0.000185937
-2.6e-07 -7.73437e-05
-2.595e-07 -0.000115625
-2.59e-07 -9.6875e-05
-2.585e-07 -0.0001375
-2.58e-07 -0.000105469
-2.575e-07 -0.000126562
-2.57e-07 -0.000108594
-2.565e-07 -6.32812e-05
-2.56e-07 -5.07812e-05
-2.555e-07 -4.14062e-05
-2.55e-07 1.5625e-05
-2.545e-07 3.12501e-06
-2.54e-07 4.375e-05
-2.535e-07 1.79688e-05
-2.53e-07 9.92188e-05
-2.525e-07 1.64063e-05
-2.52e-07 0.000142188
-2.515e-07 4.76563e-05
-2.51e-07 5.23438e-05
-2.505e-07 8.20313e-05
-2.5e-07 0.0001375
-2.495e-07 0.000115625
-2.49e-07 0.000119531
-2.485e-07 0.000125
-2.48e-07 0.00015
-2.475e-07 0.000117188
-2.47e-07 0.0001375
-2.465e-07 0.000135156
-2.46e-07 0.000164844
-2.455e-07 0.000150781
-2.45e-07 0.000175781
-2.445e-07 0.000145313
-2.44e-07 0.00018125
-2.435e-07 0.000189063
-2.43e-07 0.00019375
-2.425e-07 0.000178906
-2.42e-07 0.000142969
-2.415e-07 0.000165625
-2.41e-07 0.000135938
-2.405e-07 0.000130469
-2.4e-07 0.000164844
-2.395e-07 0.000124219
-2.39e-07 0.000166406
-2.385e-07 0.000104688
-2.38e-07 7.65625e-05
-2.375e-07 0.000114844
-2.37e-07 0.000139063
-2.365e-07 0.000104688
-2.36e-07 0.000138281
-2.355e-07 8.82813e-05
-2.35e-07 5.23438e-05
-2.345e-07 4.53125e-05
-2.34e-07 0.000115625
-2.335e-07 -6.24999e-06
-2.33e-07 7.73438e-05
-2.325e-07 2.96875e-05
-2.32e-07 4.68751e-06
-2.315e-07 1.25e-05
-2.31e-07 -1.95312e-05
-2.305e-07 8.59376e-06
-2.3e-07 -2.34375e-05
-2.295e-07 -2.5e-05
-2.29e-07 -5.625e-05
-2.285e-07 7.81263e-07
-2.28e-07 -6.64062e-05
-2.275e-07 -7.65625e-05
-2.27e-07 -8.98437e-05
-2.265e-07 -6.09375e-05
-2.26e-07 -4.6875e-05
-2.255e-07 -2.03125e-05
-2.25e-07 -4.76562e-05
-2.245e-07 -1.25e-05
-2.24e-07 -8.59374e-06
-2.235e-07 -8.98437e-05
-2.23e-07 -9.45312e-05
-2.225e-07 -2.8125e-05
-2.22e-07 -7.89062e-05
-2.215e-07 -8.04687e-05
-2.21e-07 -2.96875e-05
-2.205e-07 -5.625e-05
-2.2e-07 -6.32812e-05
-2.195e-07 -6.64062e-05
-2.19e-07 -4.375e-05
-2.185e-07 -7.26562e-05
-2.18e-07 -7.1875e-05
-2.175e-07 -8.35937e-05
-2.17e-07 -8.90625e-05
-2.165e-07 -7.1875e-05
-2.16e-07 -5e-05
-2.155e-07 -9.0625e-05
-2.15e-07 -6.64062e-05
-2.145e-07 -8.125e-05
-2.14e-07 -5.78125e-05
-2.135e-07 -4.6875e-05
-2.13e-07 -8.59374e-06
-2.125e-07 -1.40625e-05
-2.12e-07 -6.17187e-05
-2.115e-07 -4.76562e-05
-2.11e-07 -4.45312e-05
-2.105e-07 -2.34375e-05
-2.1e-07 -3.125e-05
-2.095e-07 2.34375e-05
-2.09e-07 -5.15625e-05
-2.085e-07 1.95313e-05
-2.08e-07 -5.625e-05
-2.075e-07 9.37501e-06
-2.07e-07 1.3411e-11
-2.065e-07 3.90626e-06
-2.06e-07 3.98438e-05
-2.055e-07 2.89063e-05
-2.05e-07 0.000104688
-2.045e-07 0.000121875
-2.04e-07 6.79688e-05
-2.035e-07 9.6875e-05
-2.03e-07 7.73438e-05
-2.025e-07 0.000169531
-2.02e-07 0.000167969
-2.015e-07 0.000157813
-2.01e-07 0.000169531
-2.005e-07 0.000196875
-2e-07 0.00014375
-1.995e-07 0.000220313
-1.99e-07 0.000295313
-1.985e-07 0.000253125
-1.98e-07 0.000266406
-1.975e-07 0.000263281
-1.97e-07 0.000267969
-1.965e-07 0.000289063
-1.96e-07 0.000270313
-1.955e-07 0.000289844
-1.95e-07 0.000260938
-1.945e-07 0.00029375
-1.94e-07 0.000254688
-1.935e-07 0.000247656
-1.93e-07 0.000238281
-1.925e-07 0.000286719
-1.92e-07 0.00021875
-1.915e-07 0.000244531
-1.91e-07 0.000189844
-1.905e-07 0.000246094
-1.9e-07 0.00019375
-1.895e-07 0.0001625
-1.89e-07 0.000157031
-1.885e-07 0.000166406
-1.88e-07 8.98438e-05
-1.875e-07 6.95313e-05
-1.87e-07 5.85938e-05
-1.865e-07 3.51563e-05
-1.86e-07 -1.32812e-05
-1.855e-07 -1.71875e-05
-1.85e-07 -9.37499e-06
-1.845e-07 -0.000117187
-1.84e-07 -0.000126562
-1.835e-07 -0.000164844
-1.83e-07 -0.000200781
-1.825e-07 -0.000213281
-1.82e-07 -0.000209375
-1.815e-07 -0.00025
-1.81e-07 -0.0002875
-1.805e-07 -0.000279687
-1.8e-07 -0.000349219
-1.795e-07 -0.000395312
-1.79e-07 -0.000296094
-1.785e-07 -0.000349219
-1.78e-07 -0.000320312
-1.775e-07 -0.000378906
-1.77e-07 -0.000327344
-1.765e-07 -0.000382031
-1.76e-07 -0.00038125
-1.755e-07 -0.000364062
-1.75e-07 -0.000435937
-1.745e-07 -0.000423437
-1.74e-07 -0.000342969
-1.735e-07 -0.000364844
-1.73e-07 -0.000301562
-1.725e-07 -0.000289844
-1.72e-07 -0.000332812
-1.715e-07 -0.000208594
-1.71e-07 -0.000224219
-1.705e-07 -0.000246875
-1.7e-07 -0.000159375
-1.695e-07 -0.000174219
-1.69e-07 -0.00010625
-1.685e-07 -0.000139844
-1.68e-07 -7.42187e-05
-1.675e-07 -9.45312e-05
-1.67e-07 -9.14062e-05
-1.665e-07 -7.03124e-06
-1.66e-07 -3.12499e-06
-1.655e-07 -1.5625e-05
-1.65e-07 9.375e-05
-1.645e-07 5.85938e-05
-1.64e-07 9.21875e-05
-1.635e-07 7.73438e-05
-1.63e-07 6.95313e-05
-1.625e-07 0.000107813
-1.62e-07 7.42188e-05
-1.615e-07 0.000101563
-1.61e-07 0.000158594
-1.605e-07 8.28125e-05
-1.6e-07 0.000103125
-1.595e-07 9.21875e-05
-1.59e-07 0.000109375
-1.585e-07 8.82813e-05
-1.58e-07 0.0001375
-1.575e-07 0.000111719
-1.57e-07 7.57813e-05
-1.565e-07 5.23438e-05
-1.56e-07 1.25e-05
-1.555e-07 -9.37499e-06
-1.55e-07 -3.4375e-05
-1.545e-07 -6.48437e-05
-1.54e-07 -3.98437e-05
-1.535e-07 -0.000115625
-1.53e-07 -0.000153125
-1.525e-07 -0.000138281
-1.52e-07 -0.000195312
-1.515e-07 -0.000109375
-1.51e-07 -0.000195312
-1.505e-07 -0.000195312
-1.5e-07 -0.000214844
-1.495e-07 -0.000217187
-1.49e-07 -0.000232031
-1.485e-07 -0.00016875
-1.48e-07 -0.000251562
-1.475e-07 -0.000235937
-1.47e-07 -0.000210937
-1.465e-07 -0.000276562
-1.46e-07 -0.000229687
-1.455e-07 -0.000227344
-1.45e-07 -0.000188281
-1.445e-07 -0.000171094
-1.44e-07 -0.00013125
-1.435e-07 -0.000161719
-1.43e-07 -0.000113281
-1.425e-07 -9.60937e-05
-1.42e-07 -9.14062e-05
-1.415e-07 -2.10937e-05
-1.41e-07 -2.89062e-05
-1.405e-07 -6.24999e-06
-1.4e-07 -1.64062e-05
-1.395e-07 4.375e-05
-1.39e-07 6.64063e-05
-1.385e-07 9.14063e-05
-1.38e-07 8.125e-05
-1.375e-07 0.000163281
-1.37e-07 0.000146094
-1.365e-07 0.000194531
-1.36e-07 0.0002
-1.355e-07 0.000194531
-1.35e-07 0.000267969
-1.345e-07 0.000179688
-1.34e-07 0.000307031
-1.335e-07 0.000275
-1.33e-07 0.0002875
-1.325e-07 0.000315625
-1.32e-07 0.000272656
-1.315e-07 0.000258594
-1.31e-07 0.000307813
-1.305e-07 0.000327344
-1.3e-07 0.000325
-1.295e-07 0.000299219
-1.29e-07 0.000317969
-1.285e-07 0.000295313
-1.28e-07 0.000309375
-1.275e-07 0.000296875
-1.27e-07 0.000321875
-1.265e-07 0.000344531
-1.26e-07 0.000279688
-1.255e-07 0.000311719
-1.25e-07 0.0003125
-1.245e-07 0.000335156
-1.24e-07 0.000304688
-1.235e-07 0.000191406
-1.23e-07 0.00020625
-1.225e-07 0.00026875
-1.22e-07 0.000208594
-1.215e-07 0.000233594
-1.21e-07 0.00019375
-1.205e-07 0.000228125
-1.2e-07 0.000202344
-1.195e-07 0.000194531
-1.19e-07 9.21875e-05
-1.185e-07 0.000141406
-1.18e-07 0.000213281
-1.175e-07 0.000209375
-1.17e-07 0.000113281
-1.165e-07 8.59375e-05
-1.16e-07 0.000108594
-1.155e-07 0.000119531
-1.15e-07 7.8125e-05
-1.145e-07 0.000121875
-1.14e-07 0.000136719
-1.135e-07 5.85938e-05
-1.13e-07 5.9375e-05
-1.125e-07 0.000147656
-1.12e-07 9.21875e-05
-1.115e-07 5.15625e-05
-1.11e-07 7.1875e-05
-1.105e-07 8.59375e-05
-1.1e-07 2.1875e-05
-1.095e-07 4.53125e-05
-1.09e-07 0.000172656
-1.085e-07 9.6875e-05
-1.08e-07 0.000136719
-1.075e-07 6.875e-05
-1.07e-07 1.5625e-05
-1.065e-07 6.95313e-05
-1.06e-07 2.8125e-05
-1.055e-07 -1.95312e-05
-1.05e-07 -5.39062e-05
-1.045e-07 1.32813e-05
-1.04e-07 -1.40625e-05
-1.035e-07 -9.45312e-05
-1.03e-07 -9.60937e-05
-1.025e-07 -0.000160156
-1.02e-07 -0.00025
-1.015e-07 -0.000196094
-1.01e-07 -0.000180469
-1.005e-07 -8.04687e-05
-1e-07 -0.000146094
-9.95e-08 -0.000294531
-9.9e-08 -0.000280469
-9.85e-08 -0.000307031
-9.8e-08 -0.000250781
-9.75e-08 -0.000336719
-9.7e-08 -0.000310937
-9.65e-08 -0.000309375
-9.6e-08 -0.000189062
-9.55e-08 -0.000172656
-9.5e-08 -0.0002625
-9.45e-08 -0.000260937
-9.4e-08 -0.000327344
-9.35e-08 -0.000390625
-9.3e-08 -0.000341406
-9.25e-08 -0.000309375
-9.2e-08 -0.000310156
-9.15e-08 -0.000216406
-9.1e-08 -0.000191406
-9.05e-08 -0.000222656
-9e-08 -0.000215625
-8.95e-08 -0.000176562
-8.9e-08 -0.000176562
-8.85e-08 -0.000219531
-8.8e-08 -0.000178906
-8.75e-08 -0.000135937
-8.7e-08 -1.875e-05
-8.65e-08 -2.65625e-05
-8.6e-08 3.67188e-05
-8.55e-08 3.51563e-05
-8.5e-08 3.4375e-05
-8.45e-08 0.00011875
-8.4e-08 8.59375e-05
-8.35e-08 7.57813e-05
-8.3e-08 8.04688e-05
-8.25e-08 0.000114844
-8.2e-08 0.000114063
-8.15e-08 3.51563e-05
-8.1e-08 7.03125e-05
-8.05e-08 9.84375e-05
-8e-08 9.375e-05
-7.95e-08 3.4375e-05
-7.9e-08 5.39063e-05
-7.85e-08 -2.73437e-05
-7.8e-08 2.34375e-05
-7.75e-08 6.32813e-05
-7.7e-08 3.98438e-05
-7.65e-08 -1.875e-05
-7.6e-08 -2.89062e-05
-7.55e-08 1.3411e-11
-7.5e-08 1.875e-05
-7.45e-08 -8.59374e-06
-7.4e-08 -8.59375e-05
-7.35e-08 -8.35937e-05
-7.3e-08 1.17188e-05
-7.25e-08 1.95313e-05
-7.2e-08 -1.71875e-05
-7.15e-08 -9.92187e-05
-7.1e-08 -1.25e-05
-7.05e-08 -6.95312e-05
-7e-08 -0.000136719
-6.95e-08 -0.000134375
-6.9e-08 -0.000177344
-6.85e-08 -0.000204687
-6.8e-08 -0.000274219
-6.75e-08 -0.000349219
-6.7e-08 -0.000365625
-6.65e-08 -0.000404687
-6.6e-08 -0.000332031
-6.55e-08 -0.0003
-6.5e-08 -0.000266406
-6.45e-08 -0.000254687
-6.4e-08 -0.000292187
-6.35e-08 -0.000285937
-6.3e-08 -0.000307031
-6.25e-08 -0.000353125
-6.2e-08 -0.000267187
-6.15e-08 -0.00025
-6.1e-08 -0.000192969
-6.05e-08 -0.000163281
-6e-08 -0.000205469
-5.95e-08 -0.000199219
-5.9e-08 -0.000157031
-5.85e-08 -0.000110937
-5.8e-08 -0.000170312
-5.75e-08 -0.000173437
-5.7e-08 -0.000129687
-5.65e-08 -1.17187e-05
-5.6e-08 -9.29687e-05
-5.55e-08 -5.39062e-05
-5.5e-08 -3.51562e-05
-5.45e-08 -1.95312e-05
-5.4e-08 1.875e-05
-5.35e-08 1.09375e-05
-5.3e-08 0.000110938
-5.25e-08 0.000211719
-5.2e-08 0.000134375
-5.15e-08 0.000232813
-5.1e-08 0.000282031
-5.05e-08 0.000305469
-5e-08 0.000352344
-4.95e-08 0.000369531
-4.9e-08 0.000341406
-4.85e-08 0.000438281
-4.8e-08 0.000473438
-4.75e-08 0.000440625
-4.7e-08 0.000485938
-4.65e-08 0.000482813
-4.6e-08 0.000467969
-4.55e-08 0.000440625
-4.5e-08 0.000396875
-4.45e-08 0.000446875
-4.4e-08 0.000414844
-4.35e-08 0.000503125
-4.3e-08 0.000445313
-4.25e-08 0.000474219
-4.2e-08 0.000472656
-4.15e-08 0.000478906
-4.1e-08 0.000483594
-4.05e-08 0.000546875
-4e-08 0.000588281
-3.95e-08 0.000633594
-3.9e-08 0.000625
-3.85e-08 0.000657031
-3.8e-08 0.000746094
-3.75e-08 0.00079375
-3.7e-08 0.000870312
-3.65e-08 0.000921094
-3.6e-08 0.000886719
-3.55e-08 0.000764062
-3.5e-08 0.000654687
-3.45e-08 0.000628906
-3.4e-08 0.000692187
-3.35e-08 0.000877344
-3.3e-08 0.00111016
-3.25e-08 0.00111953
-3.2e-08 0.00120156
-3.15e-08 0.00421875
-3.1e-08 0.010718
-3.05e-08 0.0130641
-3e-08 0.00646172
-2.95e-08 -0.00500156
-2.9e-08 -0.0137266
-2.85e-08 -0.0161555
-2.8e-08 -0.0131062
-2.75e-08 -0.00726094
-2.7e-08 -0.000784375
-2.65e-08 0.00270547
-2.6e-08 0.000729687
-2.55e-08 -0.00438828
-2.5e-08 -0.00993594
-2.45e-08 -0.0132766
-2.4e-08 -0.0128273
-2.35e-08 -0.00932266
-2.3e-08 -0.00508437
-2.25e-08 -0.000984375
-2.2e-08 0.00304844
-2.15e-08 0.00634141
-2.1e-08 0.00828906
-2.05e-08 0.00853437
-2e-08 0.00668516
-1.95e-08 0.00418125
-1.9e-08 0.00278203
-1.85e-08 0.00317187
-1.8e-08 0.00498828
-1.75e-08 0.00836016
-1.7e-08 0.0119453
-1.65e-08 0.0146852
-1.6e-08 0.0156141
-1.55e-08 0.0142781
-1.5e-08 0.0109891
-1.45e-08 0.00633828
-1.4e-08 0.00150781
-1.35e-08 -0.00289844
-1.3e-08 -0.00645234
-1.25e-08 -0.00897812
-1.2e-08 -0.010675
-1.15e-08 -0.0111305
-1.1e-08 -0.0108273
-1.05e-08 -0.00995469
-1e-08 -0.00878437
-9.5e-09 -0.00731953
-9e-09 -0.00591875
-8.5e-09 -0.00465
-8e-09 -0.00316328
-7.5e-09 -0.00130312
-7e-09 0.000825781
-6.5e-09 0.00297891
-6e-09 0.00502734
-5.5e-09 0.00646797
-5e-09 0.00712344
-4.5e-09 0.00684844
-4e-09 0.00578359
-3.5e-09 0.00406016
-3e-09 0.00199141
-2.5e-09 -0.000139062
-2e-09 -0.00183594
-1.5e-09 -0.00307422
-1e-09 -0.00401562
-5e-10 -0.00483125
0 -0.005275
5e-10 -0.00566172
1e-09 -0.00578828
1.5e-09 -0.00569297
2e-09 -0.00547344
2.5e-09 -0.00503203
3e-09 -0.00440469
3.5e-09 -0.00340937
4e-09 -0.00215234
4.5e-09 -0.000735937
5e-09 0.000598437
5.5e-09 0.00173437
6e-09 0.00254766
6.5e-09 0.00317578
7e-09 0.00352109
7.5e-09 0.00349766
8e-09 0.00338828
8.5e-09 0.00305
9e-09 0.00284297
9.5e-09 0.00266797
1e-08 0.00247969
1.05e-08 0.00218359
1.1e-08 0.00182812
1.15e-08 0.00147812
1.2e-08 0.00117344
1.25e-08 0.00109609
1.3e-08 0.00112891
1.35e-08 0.00118125
1.4e-08 0.00138125
1.45e-08 0.00134531
1.5e-08 0.000446875
1.55e-08 -0.000785156
1.6e-08 -0.00146797
1.65e-08 -0.00127969
1.7e-08 -0.0007875
1.75e-08 -0.000519531
1.8e-08 -0.000741406
1.85e-08 -0.000789062
1.9e-08 -0.000363281
1.95e-08 0.000377344
2e-08 0.000834375
2.05e-08 0.000479688
2.1e-08 -0.000232031
2.15e-08 -0.000700781
2.2e-08 -0.000789844
2.25e-08 -0.00035
2.3e-08 0.000491406
2.35e-08 0.00116953
2.4e-08 0.00141406
2.45e-08 0.00129375
2.5e-08 0.000349219
2.55e-08 -0.00121328
2.6e-08 -0.00327422
2.65e-08 -0.00523984
2.7e-08 -0.00607578
2.75e-08 -0.00494297
2.8e-08 -0.00215859
2.85e-08 0.000525
2.9e-08 0.00198516
2.95e-08 0.0018625
3e-08 0.000521094
3.05e-08 -0.000996094
3.1e-08 -0.00180625
3.15e-08 -0.00128281
3.2e-08 -0.000236719
3.25e-08 0.00107031
3.3e-08 0.00219531
3.35e-08 0.00284531
3.4e-08 0.003375
3.45e-08 0.00384844
3.5e-08 0.00389453
3.55e-08 0.00313437
3.6e-08 0.00155156
3.65e-08 -0.000475
3.7e-08 -0.00201484
3.75e-08 -0.00277031
3.8e-08 -0.00284609
3.85e-08 -0.00265
3.9e-08 -0.00238672
3.95e-08 -0.00233984
4e-08 -0.00227734
4.05e-08 -0.00201953
4.1e-08 -0.00159141
4.15e-08 -0.00155625
4.2e-08 -0.00165625
4.25e-08 -0.00066875
4.3e-08 0.00178594
4.35e-08 0.00450547
4.4e-08 0.00617656
4.45e-08 0.00645859
4.5e-08 0.00601172
4.55e-08 0.00516328
4.6e-08 0.00414687
4.65e-08 0.00306797
4.7e-08 0.00220312
4.75e-08 0.00181094
4.8e-08 0.00179453
4.85e-08 0.00196484
4.9e-08 0.00173359
4.95e-08 0.000807031
5e-08 -0.000390625
5.05e-08 -0.00173984
5.1e-08 -0.00270156
5.15e-08 -0.00309844
5.2e-08 -0.00299062
5.25e-08 -0.00249766
5.3e-08 -0.00183125
5.35e-08 -0.000949219
5.4e-08 -0.000385156
5.45e-08 -0.000104687
5.5e-08 -0.0003875
5.55e-08 -0.000770312
5.6e-08 -0.00104609
5.65e-08 -0.0011
5.7e-08 -0.00104844
5.75e-08 -0.000751562
5.8e-08 -0.000400781
5.85e-08 -0.000283594
5.9e-08 -0.000686719
5.95e-08 -0.00185156
6e-08 -0.00315625
6.05e-08 -0.00391562
6.1e-08 -0.00389219
6.15e-08 -0.00322578
6.2e-08 -0.00221328
6.25e-08 -0.00117031
6.3e-08 -0.000214062
6.35e-08 0.000438281
6.4e-08 0.000784375
6.45e-08 0.000815625
6.5e-08 0.000671875
6.55e-08 0.00065625
6.6e-08 0.000757031
6.65e-08 0.000958594
6.7e-08 0.00104766
6.75e-08 0.000982812
6.8e-08 0.000821875
6.85e-08 0.000686719
6.9e-08 0.000434375
6.95e-08 0.000196875
7e-08 -0.000174219
7.05e-08 -0.000264844
7.1e-08 -0.000121875
7.15e-08 0.000327344
7.2e-08 0.000739844
7.25e-08 0.00104766
7.3e-08 0.00130703
7.35e-08 0.00129062
7.4e-08 0.00123828
7.45e-08 0.000977344
7.5e-08 0.000973437
7.55e-08 0.000882812
7.6e-08 0.000790625
7.65e-08 0.000671094
7.7e-08 0.000409375
7.75e-08 6.71875e-05
7.8e-08 -0.000267969
7.85e-08 -0.000733594
7.9e-08 -0.00103125
7.95e-08 -0.00141016
8e-08 -0.00151953
8.05e-08 -0.00166562
8.1e-08 -0.00170937
8.15e-08 -0.00175703
8.2e-08 -0.00178516
8.25e-08 -0.00183906
8.3e-08 -0.00192187
8.35e-08 -0.00206797
8.4e-08 -0.00224297
8.45e-08 -0.00239219
8.5e-08 -0.00243047
8.55e-08 -0.00245312
8.6e-08 -0.00220547
8.65e-08 -0.00191719
8.7e-08 -0.00160937
8.75e-08 -0.00134687
8.8e-08 -0.00115625
8.85e-08 -0.00104609
8.9e-08 -0.000907031
8.95e-08 -0.000813281
9e-08 -0.000601562
9.05e-08 -0.000417969
9.1e-08 -0.000126562
9.15e-08 0.000177344
9.2e-08 0.00055
9.25e-08 0.000921875
9.3e-08 0.00105781
9.35e-08 0.00108516
9.4e-08 0.000976562
9.45e-08 0.000700781
9.5e-08 0.000627344
9.55e-08 0.000540625
9.6e-08 0.000510156
9.65e-08 0.000600781
9.7e-08 0.000738281
9.75e-08 0.000796094
9.8e-08 0.00103516
9.85e-08 0.00109453
9.9e-08 0.00130312
9.95e-08 0.00141328
1e-07 0.00156719
1.005e-07 0.00160781
1.01e-07 0.00162578
1.015e-07 0.00161953
1.02e-07 0.00158359
1.025e-07 0.0015625
1.03e-07 0.00142031
1.035e-07 0.00112734
1.04e-07 0.000846875
1.045e-07 0.000594531
1.05e-07 0.000305469
1.055e-07 5.39063e-05
1.06e-07 -1.875e-05
1.065e-07 -7.03124e-06
1.07e-07 9.45313e-05
1.075e-07 2.42188e-05
1.08e-07 -7.89062e-05
1.085e-07 -7.10937e-05
1.09e-07 -0.000146094
1.095e-07 -5.23437e-05
1.1e-07 5.9375e-05
1.105e-07 0.000209375
1.11e-07 0.000253906
1.115e-07 0.000257813
1.12e-07 0.000126563
1.125e-07 -2.10937e-05
1.13e-07 -0.000148437
1.135e-07 -0.000304687
1.14e-07 -0.000410937
1.145e-07 -0.000483594
1.15e-07 -0.000490625
1.155e-07 -0.000566406
1.16e-07 -0.000523437
1.165e-07 -0.0004375
1.17e-07 -0.000322656
1.175e-07 -0.000265625
1.18e-07 -0.000239844
1.185e-07 -0.000251562
1.19e-07 -0.000250781
1.195e-07 -0.000324219
1.2e-07 -0.000279687
1.205e-07 -0.00025
1.21e-07 -0.000189062
1.215e-07 -0.000198437
1.22e-07 -0.000189062
1.225e-07 -0.000190625
1.23e-07 -0.000198437
1.235e-07 -0.000285156
1.24e-07 -0.000353906
1.245e-07 -0.000314844
1.25e-07 -0.000321875
1.255e-07 -0.000296094
1.26e-07 -0.000194531
1.265e-07 -0.000208594
1.27e-07 -0.00011875
1.275e-07 -0.000146875
1.28e-07 -1e-04
1.285e-07 -0.000160937
1.29e-07 -9.60937e-05
1.295e-07 1.875e-05
1.3e-07 5.625e-05
1.305e-07 0.000119531
1.31e-07 0.000166406
1.315e-07 0.000157031
1.32e-07 0.000128125
1.325e-07 6.09375e-05
1.33e-07 2.26563e-05
1.335e-07 -6.79687e-05
1.34e-07 -0.000135937
1.345e-07 -0.000295312
1.35e-07 -0.000298437
1.355e-07 -0.000382812
1.36e-07 -0.000401562
1.365e-07 -0.000317187
1.37e-07 -0.000323437
1.375e-07 -0.00029375
1.38e-07 -0.00026875
1.385e-07 -0.000321094
1.39e-07 -0.000333594
1.395e-07 -0.000346094
1.4e-07 -0.000401562
1.405e-07 -0.000435937
1.41e-07 -0.000432031
1.415e-07 -0.000485937
1.42e-07 -0.000544531
1.425e-07 -0.000553125
1.43e-07 -0.000596094
1.435e-07 -0.000592187
1.44e-07 -0.000686719
1.445e-07 -0.000721875
1.45e-07 -0.000844531
1.455e-07 -0.0010625
1.46e-07 -0.00115625
1.465e-07 -0.0011875
1.47e-07 -0.00127969
1.475e-07 -0.00122656
1.48e-07 -0.00126328
1.485e-07 -0.00119844
1.49e-07 -0.00113516
1.495e-07 -0.000982031
1.5e-07 -0.000875781
1.505e-07 -0.000667187
1.51e-07 -0.000591406
1.515e-07 -0.000514844
1.52e-07 -0.000496875
1.525e-07 -0.000392187
1.53e-07 -0.000259375
1.535e-07 -0.000164844
1.54e-07 -0.00019375
1.545e-07 -0.000178906
1.55e-07 -1.09375e-05
1.555e-07 -3.90624e-06
1.56e-07 -0.00015625
1.565e-07 -0.000300781
1.57e-07 -0.000285156
1.575e-07 -0.000271875
1.58e-07 -0.000245312
1.585e-07 -0.00041875
1.59e-07 -0.000353906
1.595e-07 -0.000346875
1.6e-07 -0.000242187
1.605e-07 -0.0001875
1.61e-07 -2.8125e-05
1.615e-07 2.5e-05
1.62e-07 2.8125e-05
1.625e-07 -9.14062e-05
1.63e-07 -0.000128125
1.635e-07 -0.000102344
1.64e-07 0.00010625
1.645e-07 0.000616406
1.65e-07 0.00100312
1.655e-07 0.00127578
1.66e-07 0.00118594
1.665e-07 0.000675781
1.67e-07 0.000254688
1.675e-07 0.000148438
1.68e-07 0.000511719
1.685e-07 0.00104453
1.69e-07 0.00132812
1.695e-07 0.00122109
1.7e-07 0.000760937
1.705e-07 7.03125e-05
1.71e-07 -0.000496094
1.715e-07 -0.000921875
1.72e-07 -0.00100625
1.725e-07 -0.00103437
1.73e-07 -0.00101094
1.735e-07 -0.000925781
1.74e-07 -0.000877344
1.745e-07 -0.000961719
1.75e-07 -0.00105781
1.755e-07 -0.000925
1.76e-07 -0.000734375
1.765e-07 -0.000278906
1.77e-07 0.000161719
1.775e-07 0.000603906
1.78e-07 0.00103125
1.785e-07 0.00132578
1.79e-07 0.00153984
1.795e-07 0.00147578
1.8e-07 0.00128906
1.805e-07 0.00103984
1.81e-07 0.000689844
1.815e-07 0.000448438
1.82e-07 0.000271094
1.825e-07 0.000247656
1.83e-07 0.000233594
1.835e-07 0.000235938
1.84e-07 0.000292188
1.845e-07 0.000249219
1.85e-07 9.53125e-05
1.855e-07 -5.78125e-05
1.86e-07 -4.14062e-05
1.865e-07 -2.89062e-05
1.87e-07 0.000189844
1.875e-07 0.000505469
1.88e-07 0.00086875
1.885e-07 0.00116641
1.89e-07 0.00131484
1.895e-07 0.00125312
1.9e-07 0.00103125
1.905e-07 0.000764844
1.91e-07 0.000611719
1.915e-07 0.000619531
1.92e-07 0.000628906
1.925e-07 0.000625781
1.93e-07 0.000586719
1.935e-07 0.000438281
1.94e-07 0.000282031
1.945e-07 -5.46875e-05
1.95e-07 -0.000235156
1.955e-07 -0.000329687
1.96e-07 -0.000396875
1.965e-07 -0.000258594
1.97e-07 -0.000159375
1.975e-07 -3.82812e-05
1.98e-07 1.56251e-06
1.985e-07 -3.04687e-05
1.99e-07 -7.03124e-06
1.995e-07 -4.45312e-05
2e-07 -6.17187e-05
2.005e-07 -5.85937e-05
2.01e-07 -8.51562e-05
2.015e-07 -0.000167969
2.02e-07 -0.000264844
2.025e-07 -0.000371094
2.03e-07 -0.000479687
2.035e-07 -0.000559375
2.04e-07 -0.000669531
2.045e-07 -0.000713281
2.05e-07 -0.000870312
2.055e-07 -0.000986719
2.06e-07 -0.00107578
2.065e-07 -0.000958594
2.07e-07 -0.00090625
2.075e-07 -0.000732031
2.08e-07 -0.000638281
2.085e-07 -0.000525
2.09e-07 -0.000475
2.095e-07 -0.00038125
2.1e-07 -0.00034375
2.105e-07 -0.000399219
2.11e-07 -0.000338281
2.115e-07 -0.00031875
2.12e-07 -0.000289844
2.125e-07 -0.00023125
2.13e-07 -0.000285937
2.135e-07 -0.00035625
2.14e-07 -0.000422656
2.145e-07 -0.000555469
2.15e-07 -0.000558594
2.155e-07 -0.000534375
2.16e-07 -0.000584375
2.165e-07 -0.000551562
2.17e-07 -0.000477344
2.175e-07 -0.000410156
2.18e-07 -0.0004
2.185e-07 -0.00026875
2.19e-07 -0.000290625
2.195e-07 -0.000260937
2.2e-07 -0.000221875
2.205e-07 -0.000199219
2.21e-07 -0.000198437
2.215e-07 -0.000109375
2.22e-07 -0.000102344
2.225e-07 -0.000108594
2.23e-07 -8.59374e-06
2.235e-07 -8.98437e-05
2.24e-07 -0.000125
2.245e-07 -0.000190625
2.25e-07 -0.000307031
2.255e-07 -0.000414062
2.26e-07 -0.000439844
2.265e-07 -0.000483594
2.27e-07 -0.000451562
2.275e-07 -0.000542969
2.28e-07 -0.000517969
2.285e-07 -0.000534375
2.29e-07 -0.000614062
2.295e-07 -0.000616406
2.3e-07 -0.000623437
2.305e-07 -0.000619531
2.31e-07 -0.000622656
2.315e-07 -0.000605469
2.32e-07 -0.000621094
2.325e-07 -0.000585156
2.33e-07 -0.000547656
2.335e-07 -0.000526562
2.34e-07 -0.000574219
2.345e-07 -0.00060625
2.35e-07 -0.000626562
2.355e-07 -0.000599219
2.36e-07 -0.000684375
2.365e-07 -0.000671875
2.37e-07 -0.000710156
2.375e-07 -0.000702344
2.38e-07 -0.000602344
2.385e-07 -0.000539062
2.39e-07 -0.000527344
2.395e-07 -0.000440625
2.4e-07 -0.000423437
2.405e-07 -0.00025
2.41e-07 -0.000178125
2.415e-07 -4.21875e-05
2.42e-07 7.65625e-05
2.425e-07 5.78125e-05
2.43e-07 0.0001625
2.435e-07 0.000160156
2.44e-07 0.000252344
2.445e-07 0.000260938
2.45e-07 0.000314063
2.455e-07 0.000301563
2.46e-07 0.00033125
2.465e-07 0.000313281
2.47e-07 0.000414063
2.475e-07 0.000446094
2.48e-07 0.000489063
2.485e-07 0.000533594
2.49e-07 0.000597656
2.495e-07 0.000644531
2.5e-07 0.000611719
2.505e-07 0.0007375
2.51e-07 0.000726562
2.515e-07 0.000830469
2.52e-07 0.000899219
2.525e-07 0.000901562
2.53e-07 0.00094375
2.535e-07 0.000971875
2.54e-07 0.000903906
2.545e-07 0.000870312
2.55e-07 0.000807031
2.555e-07 0.000767969
2.56e-07 0.000702344
2.565e-07 0.00068125
2.57e-07 0.000692187
2.575e-07 0.000655469
2.58e-07 0.00065625
2.585e-07 0.000584375
2.59e-07 0.000514063
2.595e-07 0.00050625
2.6e-07 0.000463281
2.605e-07 0.000408594
2.61e-07 0.000361719
2.615e-07 0.000353125
2.62e-07 0.000410156
2.625e-07 0.000404688
2.63e-07 0.000450781
2.635e-07 0.000545312
2.64e-07 0.00055
2.645e-07 0.000553125
2.65e-07 0.00049375
2.655e-07 0.000484375
2.66e-07 0.000503906
2.665e-07 0.000422656
2.67e-07 0.000432813
2.675e-07 0.00048125
2.68e-07 0.000458594
2.685e-07 0.000435156
2.69e-07 0.000410938
2.695e-07 0.000396094
2.7e-07 0.000382813
2.705e-07 0.000349219
2.71e-07 0.000307031
2.715e-07 0.000304688
2.72e-07 0.00029375
2.725e-07 0.000253906
2.73e-07 0.000294531
2.735e-07 0.000314063
2.74e-07 0.000240625
2.745e-07 0.000220313
2.75e-07 0.000279688
2.755e-07 0.000253125
2.76e-07 0.000189063
2.765e-07 0.000153906
2.77e-07 0.000202344
2.775e-07 8.04688e-05
2.78e-07 8.67188e-05
2.785e-07 -1.79687e-05
2.79e-07 1.79688e-05
2.795e-07 -3.51562e-05
2.8e-07 -8.04687e-05
2.805e-07 -0.000184375
2.81e-07 -0.000279687
2.815e-07 -0.000314062
2.82e-07 -0.000317187
2.825e-07 -0.00036875
2.83e-07 -0.000360937
2.835e-07 -0.000370312
2.84e-07 -0.000398437
2.845e-07 -0.000465625
2.85e-07 -0.000514844
2.855e-07 -0.000495312
2.86e-07 -0.000522656
2.865e-07 -0.000466406
2.87e-07 -0.000555469
2.875e-07 -0.000567969
2.88e-07 -0.000571094
2.885e-07 -0.000573437
2.89e-07 -0.000624219
2.895e-07 -0.000655469
2.9e-07 -0.000635937
2.905e-07 -0.000645312
2.91e-07 -0.000678906
2.915e-07 -0.000525
2.92e-07 -0.000590625
2.925e-07 -0.000525781
2.93e-07 -0.000516406
2.935e-07 -0.000451562
2.94e-07 -0.000471094
2.945e-07 -0.000440625
2.95e-07 -0.000385937
2.955e-07 -0.000342969
2.96e-07 -0.000296094
2.965e-07 -0.000211719
2.97e-07 -0.000202344
2.975e-07 -0.000133594
2.98e-07 -0.000124219
2.985e-07 -0.000113281
2.99e-07 -7.34375e-05
2.995e-07 -6.71875e-05
3e-07 -5.85937e-05
3.005e-07 -4.53125e-05
3.01e-07 -2.65625e-05
3.015e-07 7.81251e-06
3.02e-07 6.95313e-05
3.025e-07 8.67188e-05
3.03e-07 8.75e-05
3.035e-07 0.000115625
3.04e-07 6.48438e-05
3.045e-07 7.34375e-05
3.05e-07 3.51563e-05
3.055e-07 0.000113281
3.06e-07 0.00015
3.065e-07 0.000213281
3.07e-07 0.000182031
3.075e-07 0.000229688
3.08e-07 0.000264063
3.085e-07 0.000360156
3.09e-07 0.000379688
3.095e-07 0.000364063
3.1e-07 0.000319531
3.105e-07 0.000265625
3.11e-07 0.000254688
3.115e-07 0.000178125
3.12e-07 0.000170313
3.125e-07 9.92188e-05
3.13e-07 7.1875e-05
3.135e-07 -4.14062e-05
3.14e-07 -2.26562e-05
3.145e-07 -9.76562e-05
3.15e-07 -9.375e-05
3.155e-07 -9.21875e-05
3.16e-07 -3.20312e-05
3.165e-07 -7.42187e-05
3.17e-07 -0.000128906
3.175e-07 -9.21875e-05
3.18e-07 -0.00011875
3.185e-07 -0.000136719
3.19e-07 -8.75e-05
3.195e-07 -0.000142969
3.2e-07 -0.000161719
3.205e-07 -0.000146094
3.21e-07 -0.000195312
3.215e-07 -0.000135156
3.22e-07 -4.92187e-05
3.225e-07 -7.89062e-05
3.23e-07 -5.70312e-05
3.235e-07 -0.000159375
3.24e-07 -0.000183594
3.245e-07 -0.000244531
3.25e-07 -0.000221875
3.255e-07 -0.000247656
3.26e-07 -0.000207812
3.265e-07 -0.000222656
3.27e-07 -0.000227344
3.275e-07 -0.000210156
3.28e-07 -0.000278125
3.285e-07 -0.000316406
3.29e-07 -0.000233594
3.295e-07 -0.000179687
3.3e-07 -0.000110156
3.305e-07 -0.000100781
3.31e-07 4.53125e-05
3.315e-07 8.4375e-05
3.32e-07 0.000152344
3.325e-07 0.000182031
3.33e-07 0.000203125
3.335e-07 0.000185156
3.34e-07 0.000235156
3.345e-07 0.000227344
3.35e-07 0.000257813
3.355e-07 0.000225
3.36e-07 0.000179688
3.365e-07 0.000205469
3.37e-07 0.000151563
3.375e-07 0.000103906
3.38e-07 0.000155469
3.385e-07 0.000191406
3.39e-07 0.000176563
3.395e-07 0.000219531
3.4e-07 0.000214063
3.405e-07 0.000214844
3.41e-07 0.000253906
3.415e-07 0.000228125
3.42e-07 0.000264063
3.425e-07 0.000275
3.43e-07 0.000282813
3.435e-07 0.000289844
3.44e-07 0.000320313
3.445e-07 0.00036875
3.45e-07 0.000396094
3.455e-07 0.000357031
3.46e-07 0.000374219
3.465e-07 0.0003125
3.47e-07 0.00039375
3.475e-07 0.000325781
3.48e-07 0.000342188
3.485e-07 0.00028125
3.49e-07 0.000254688
3.495e-07 0.000270313
3.5e-07 0.000192188
3.505e-07 0.000175
3.51e-07 0.00015625
3.515e-07 0.000111719
3.52e-07 8.59375e-05
3.525e-07 5.39063e-05
3.53e-07 3.59375e-05
3.535e-07 -3.82812e-05
3.54e-07 -6.5625e-05
3.545e-07 -6.71875e-05
3.55e-07 -7.96875e-05
3.555e-07 -0.000123437
3.56e-07 -0.000105469
3.565e-07 -0.000239062
3.57e-07 -0.000198437
3.575e-07 -0.000177344
3.58e-07 -0.000217187
3.585e-07 -0.000183594
3.59e-07 -0.000217187
3.595e-07 -0.000252344
3.6e-07 -0.000316406
3.605e-07 -0.000315625
3.61e-07 -0.00040625
3.615e-07 -0.000459375
3.62e-07 -0.000435156
3.625e-07 -0.000478906
3.63e-07 -0.000495312
3.635e-07 -0.000526562
3.64e-07 -0.000494531
3.645e-07 -0.000614062
3.65e-07 -0.000528125
3.655e-07 -0.000514062
3.66e-07 -0.000539844
3.665e-07 -0.000483594
3.67e-07 -0.000504687
3.675e-07 -0.000514062
3.68e-07 -0.000511719
3.685e-07 -0.000507031
3.69e-07 -0.000467969
3.695e-07 -0.0004875
3.7e-07 -0.000427344
3.705e-07 -0.000403125
3.71e-07 -0.000371094
3.715e-07 -0.000308594
3.72e-07 -0.000225
3.725e-07 -0.000154687
3.73e-07 -0.000230469
3.735e-07 -0.000210937
3.74e-07 -0.000182031
3.745e-07 -0.0001625
3.75e-07 -0.000121094
3.755e-07 -0.000125781
3.76e-07 -8.90625e-05
3.765e-07 -0.000125781
3.77e-07 -7.89062e-05
3.775e-07 -1.32812e-05
3.78e-07 -1.48437e-05
3.785e-07 -1.95312e-05
3.79e-07 -6.01562e-05
3.795e-07 -7.81237e-07
3.8e-07 -1.875e-05
3.805e-07 3.12501e-06
3.81e-07 2.73438e-05
3.815e-07 -1.17187e-05
3.82e-07 4.60938e-05
3.825e-07 3.51563e-05
3.83e-07 0.000116406
3.835e-07 9.29688e-05
3.84e-07 0.000113281
3.845e-07 2.03125e-05
3.85e-07 5.9375e-05
3.855e-07 8.59376e-06
3.86e-07 1.71875e-05
3.865e-07 -3.90624e-06
3.87e-07 1.17188e-05
3.875e-07 -2.03125e-05
3.88e-07 -1e-04
3.885e-07 -6.5625e-05
3.89e-07 -0.000151562
3.895e-07 -0.000205469
3.9e-07 -0.000261719
3.905e-07 -0.000275
3.91e-07 -0.000260937
3.915e-07 -0.0003625
3.92e-07 -0.000335156
3.925e-07 -0.000380469
3.93e-07 -0.000373437
3.935e-07 -0.000359375
3.94e-07 -0.000335937
3.945e-07 -0.000298437
3.95e-07 -0.000264062
3.955e-07 -0.000241406
3.96e-07 -0.000245312
3.965e-07 -0.000313281
3.97e-07 -0.000307031
3.975e-07 -0.000357812
3.98e-07 -0.000372656
3.985e-07 -0.000432812
3.99e-07 -0.000410156
3.995e-07 -0.000445312
4e-07 -0.000514844
4.005e-07 -0.000532031
4.01e-07 -0.000538281
4.015e-07 -0.000572656
4.02e-07 -0.000551562
4.025e-07 -0.000475781
4.03e-07 -0.000482031
4.035e-07 -0.000403906
4.04e-07 -0.000401562
4.045e-07 -0.000394531
4.05e-07 -0.000432031
4.055e-07 -0.000405469
4.06e-07 -0.000414062
4.065e-07 -0.000414062
4.07e-07 -0.000411719
4.075e-07 -0.000414844
4.08e-07 -0.000385937
4.085e-07 -0.00033125
4.09e-07 -0.000294531
4.095e-07 -0.000259375
4.1e-07 -0.00033125
4.105e-07 -0.000277344
4.11e-07 -0.00030625
4.115e-07 -0.000258594
4.12e-07 -0.000296875
4.125e-07 -0.000284375
4.13e-07 -0.000296875
4.135e-07 -0.000197656
4.14e-07 -0.000188281
4.145e-07 -0.000195312
4.15e-07 -0.000211719
4.155e-07 -0.000247656
4.16e-07 -0.000153125
4.165e-07 -0.000196875
4.17e-07 -0.000192969
4.175e-07 -0.000139844
4.18e-07 -0.000114844
4.185e-07 -6.40625e-05
4.19e-07 -4.21875e-05
4.195e-07 -3.75e-05
4.2e-07 -3.125e-05
4.205e-07 7.03126e-06
4.21e-07 2.73438e-05
4.215e-07 5.46875e-05
4.22e-07 0.000140625
4.225e-07 0.000126563
4.23e-07 0.000188281
4.235e-07 0.000126563
4.24e-07 0.000103906
4.245e-07 0.000217188
4.25e-07 0.000207031
4.255e-07 0.000226563
4.26e-07 0.000235938
4.265e-07 0.000285156
4.27e-07 0.000188281
4.275e-07 0.000240625
4.28e-07 0.00019375
4.285e-07 0.000161719
4.29e-07 0.000186719
4.295e-07 8.4375e-05
4.3e-07 7.57813e-05
4.305e-07 9.29688e-05
4.31e-07 0.000151563
4.315e-07 0.000132031
4.32e-07 0.000145313
4.325e-07 0.000107813
4.33e-07 0.000125
4.335e-07 9.6875e-05
4.34e-07 0.000142969
4.345e-07 7.96875e-05
4.35e-07 8.28125e-05
4.355e-07 7.5e-05
4.36e-07 6.01563e-05
4.365e-07 3.125e-05
4.37e-07 -3.12499e-06
4.375e-07 2.03125e-05
4.38e-07 3.04688e-05
4.385e-07 6.25001e-06
4.39e-07 -4.0625e-05
4.395e-07 -8.59375e-05
4.4e-07 -0.000146094
4.405e-07 -0.000195312
4.41e-07 -0.000221875
4.415e-07 -0.000258594
4.42e-07 -0.000267187
4.425e-07 -0.000250781
4.43e-07 -0.000217969
4.435e-07 -0.000352344
4.44e-07 -0.000328125
4.445e-07 -0.000335156
4.45e-07 -0.000378906
4.455e-07 -0.00039375
4.46e-07 -0.000325781
4.465e-07 -0.000342969
4.47e-07 -0.000345312
4.475e-07 -0.000311719
4.48e-07 -0.000294531
4.485e-07 -0.000294531
4.49e-07 -0.000230469
4.495e-07 -0.000248437
4.5e-07 -0.000214062
4.505e-07 -0.000279687
4.51e-07 -0.000263281
4.515e-07 -0.00025625
4.52e-07 -0.000260937
4.525e-07 -0.0002625
4.53e-07 -0.000238281
4.535e-07 -0.000164062
4.54e-07 -0.000116406
4.545e-07 -0.000186719
4.55e-07 -1e-04
4.555e-07 -7.5e-05
4.56e-07 -7.96875e-05
4.565e-07 -1.875e-05
4.57e-07 -5e-05
4.575e-07 -2.96875e-05
4.58e-07 -1.95312e-05
4.585e-07 9.37501e-06
4.59e-07 -1.40625e-05
4.595e-07 -5.23437e-05
4.6e-07 -6.25e-05
4.605e-07 -9.6875e-05
4.61e-07 -0.000173437
4.615e-07 -0.000198437
4.62e-07 -0.000214844
4.625e-07 -0.000185937
4.63e-07 -0.00014375
4.635e-07 -2.10937e-05
4.64e-07 -5.39062e-05
4.645e-07 -5.46874e-06
4.65e-07 4.14063e-05
4.655e-07 5.23438e-05
4.66e-07 9.6875e-05
4.665e-07 5.23438e-05
4.67e-07 -3.75e-05
4.675e-07 -3.67187e-05
4.68e-07 -5.70312e-05
4.685e-07 -0.000132812
4.69e-07 -0.000102344
4.695e-07 -0.000101562
4.7e-07 -0.000113281
4.705e-07 -0.000171094
4.71e-07 -0.000104687
4.715e-07 -6.09375e-05
4.72e-07 -0.00011875
4.725e-07 -0.000151562
4.73e-07 -0.000197656
4.735e-07 -0.000274219
4.74e-07 -0.000257812
4.745e-07 -0.000365625
4.75e-07 -0.000329687
4.755e-07 -0.000370312
4.76e-07 -0.000358594
4.765e-07 -0.000405469
4.77e-07 -0.000388281
4.775e-07 -0.000432031
4.78e-07 -0.000340625
4.785e-07 -0.000278125
4.79e-07 -0.000265625
4.795e-07 -0.000282031
4.8e-07 -0.000307812
4.805e-07 -0.000279687
4.81e-07 -0.000267187
4.815e-07 -0.000282031
4.82e-07 -0.000326562
4.825e-07 -0.000310937
4.83e-07 -0.000258594
4.835e-07 -0.000297656
4.84e-07 -0.000255469
4.845e-07 -0.000240625
4.85e-07 -0.000204687
4.855e-07 -0.0002125
4.86e-07 -0.0002125
4.865e-07 -0.000157031
4.87e-07 -0.000161719
4.875e-07 -0.000147656
4.88e-07 -0.00016875
4.885e-07 -7.96875e-05
4.89e-07 -9.60937e-05
4.895e-07 -4.53125e-05
4.9e-07 -7.57812e-05
4.905e-07 -0.000102344
4.91e-07 -5.46875e-05
4.915e-07 -9.60937e-05
4.92e-07 -3.90625e-05
4.925e-07 1.5625e-05
4.93e-07 -5.07812e-05
4.935e-07 8.59376e-06
4.94e-07 1.875e-05
4.945e-07 0.000109375
4.95e-07 8.98438e-05
4.955e-07 0.000222656
4.96e-07 0.000260938
4.965e-07 0.000278125
4.97e-07 0.000309375
4.975e-07 0.000382031
4.98e-07 0.000382813
4.985e-07 0.000336719
4.99e-07 0.000384375
4.995e-07 0.000302344
5e-07 0.00039375
5.005e-07 0.000333594
5.01e-07 0.000342969
5.015e-07 0.000377344
5.02e-07 0.000380469
5.025e-07 0.000308594
5.03e-07 0.000349219
5.035e-07 0.000339844
5.04e-07 0.000296094
5.045e-07 0.000286719
5.05e-07 0.000276563
5.055e-07 0.000180469
5.06e-07 0.000201563
5.065e-07 0.000272656
5.07e-07 0.00030625
5.075e-07 0.000275
5.08e-07 0.000241406
5.085e-07 0.000195313
5.09e-07 0.000195313
5.095e-07 0.000178125
5.1e-07 8.98438e-05
5.105e-07 6.64063e-05
5.11e-07 0.0001125
5.115e-07 6.09375e-05
5.12e-07 7.73438e-05
5.125e-07 5.9375e-05
5.13e-07 4.84375e-05
5.135e-07 7.89063e-05
5.14e-07 1.40625e-05
5.145e-07 -1.09375e-05
5.15e-07 5.07813e-05
5.155e-07 6.71875e-05
5.16e-07 4.0625e-05
5.165e-07 4.29688e-05
5.17e-07 3.35938e-05
5.175e-07 8.35938e-05
5.18e-07 9.29688e-05
5.185e-07 6.32813e-05
5.19e-07 2.03125e-05
5.195e-07 -7.26562e-05
5.2e-07 -9.53125e-05
5.205e-07 -0.00014375
5.21e-07 -0.000205469
5.215e-07 -0.000250781
5.22e-07 -0.000229687
5.225e-07 -0.0002625
5.23e-07 -0.000271094
5.235e-07 -0.000307031
5.24e-07 -0.000246094
5.245e-07 -0.000255469
5.25e-07 -0.000223437
5.255e-07 -0.000246875
5.26e-07 -0.000203906
5.265e-07 -0.000221875
5.27e-07 -0.000210937
5.275e-07 -0.0002625
5.28e-07 -0.000219531
5.285e-07 -0.000239844
5.29e-07 -0.000210937
5.295e-07 -0.000239062
5.3e-07 -0.000305469
5.305e-07 -0.000282031
5.31e-07 -0.000301562
5.315e-07 -0.000346875
5.32e-07 -0.000367187
5.325e-07 -0.000363281
5.33e-07 -0.000275
5.335e-07 -0.000332812
5.34e-07 -0.000367187
5.345e-07 -0.00029375
5.35e-07 -0.000322656
5.355e-07 -0.0002625
5.36e-07 -0.000296875
5.365e-07 -0.000260156
5.37e-07 -0.000308594
5.375e-07 -0.000328125
5.38e-07 -0.000342187
5.385e-07 -0.000326562
5.39e-07 -0.000300781
5.395e-07 -0.000223437
5.4e-07 -0.000182031
5.405e-07 -0.000110937
5.41e-07 -4.375e-05
5.415e-07 -5.46874e-06
5.42e-07 4.53125e-05
5.425e-07 9.21875e-05
5.43e-07 0.000103906
5.435e-07 0.000142969
5.44e-07 0.000121094
5.445e-07 0.0001875
5.45e-07 0.000175
5.455e-07 0.000202344
5.46e-07 0.000154688
5.465e-07 0.00020625
5.47e-07 0.000108594
5.475e-07 0.000171875
5.48e-07 0.000257813
5.485e-07 0.000165625
5.49e-07 0.000278125
5.495e-07 0.000286719
5.5e-07 0.000309375
5.505e-07 0.000339844
5.51e-07 0.0003625
5.515e-07 0.000384375
5.52e-07 0.000288281
5.525e-07 0.00031875
5.53e-07 0.000270313
5.535e-07 0.000221094
5.54e-07 0.000213281
5.545e-07 0.0001375
5.55e-07 8.125e-05
5.555e-07 0.000122656
5.56e-07 -1.71875e-05
5.565e-07 -9.60937e-05
5.57e-07 -2.57812e-05
5.575e-07 -5.46875e-05
5.58e-07 -0.000148437
5.585e-07 -0.000128906
5.59e-07 -0.000160156
5.595e-07 -0.000142187
5.6e-07 -0.000117187
5.605e-07 -7.65625e-05
5.61e-07 -6.09375e-05
5.615e-07 -7.42187e-05
5.62e-07 -5.46875e-05
5.625e-07 -7.65625e-05
5.63e-07 -7.8125e-05
5.635e-07 -6.01562e-05
5.64e-07 -3.35937e-05
5.645e-07 -0.000114062
5.65e-07 -0.000121094
5.655e-07 -0.000117969
5.66e-07 -0.000196094
5.665e-07 -0.000157031
5.67e-07 -0.000173437
5.675e-07 -0.000151562
5.68e-07 -0.000164844
5.685e-07 -0.000235156
5.69e-07 -0.000194531
5.695e-07 -0.000232812
5.7e-07 -0.000190625
5.705e-07 -0.000159375
5.71e-07 -0.000116406
5.715e-07 -6.64062e-05
5.72e-07 -6.64062e-05
5.725e-07 1.01563e-05
5.73e-07 4.60938e-05
5.735e-07 0.000148438
5.74e-07 0.000107813
5.745e-07 0.000196875
5.75e-07 0.000189063
5.755e-07 0.000191406
5.76e-07 0.000267969
5.765e-07 0.000253906
5.77e-07 0.000303125
5.775e-07 0.000350781
5.78e-07 0.000310156
5.785e-07 0.00030625
5.79e-07 0.000267188
5.795e-07 0.000323438
5.8e-07 0.000344531
5.805e-07 0.00035625
5.81e-07 0.000253906
5.815e-07 0.000270313
5.82e-07 0.000257813
5.825e-07 0.000235938
5.83e-07 0.000288281
5.835e-07 0.000267969
5.84e-07 0.000219531
5.845e-07 0.000202344
5.85e-07 9.92188e-05
5.855e-07 9.53125e-05
5.86e-07 8.20313e-05
5.865e-07 4.92188e-05
5.87e-07 -4.375e-05
5.875e-07 -4.375e-05
5.88e-07 -7.8125e-05
5.885e-07 -0.000151562
5.89e-07 -0.000213281
5.895e-07 -0.000190625
5.9e-07 -0.000280469
5.905e-07 -0.000289844
5.91e-07 -0.000274219
5.915e-07 -0.000377344
5.92e-07 -0.000367187
5.925e-07 -0.000366406
5.93e-07 -0.000451562
5.935e-07 -0.000484375
5.94e-07 -0.000471875
5.945e-07 -0.000511719
5.95e-07 -0.000464062
5.955e-07 -0.000582812
5.96e-07 -0.000525781
5.965e-07 -0.000595312
5.97e-07 -0.000492187
5.975e-07 -0.000521094
5.98e-07 -0.000453906
5.985e-07 -0.000421875
5.99e-07 -0.00043125
5.995e-07 -0.000403906
6e-07 -0.000353906
6.005e-07 -0.000376562
6.01e-07 -0.000300781
6.015e-07 -0.000289062
6.02e-07 -0.000288281
6.025e-07 -0.0002
6.03e-07 -0.000167969
6.035e-07 -0.000173437
6.04e-07 -0.000105469
6.045e-07 -8.67187e-05
6.05e-07 7.81251e-06
6.055e-07 -3.04687e-05
6.06e-07 2.1875e-05
6.065e-07 -9.37499e-06
6.07e-07 3.125e-05
6.075e-07 5.54688e-05
6.08e-07 0.000117188
6.085e-07 0.0001625
6.09e-07 0.000125781
6.095e-07 0.000220313
6.1e-07 0.00016875
6.105e-07 0.000142188
6.11e-07 0.000192969
6.115e-07 0.00025
6.12e-07 0.000119531
6.125e-07 8.59375e-05
6.13e-07 0.000103906
6.135e-07 1.875e-05
6.14e-07 3.82813e-05
6.145e-07 -3.67187e-05
6.15e-07 -4.6875e-05
6.155e-07 -6.40625e-05
6.16e-07 -0.000110937
6.165e-07 -8.75e-05
6.17e-07 -0.000183594
6.175e-07 -0.000183594
6.18e-07 -0.000219531
6.185e-07 -0.000285937
6.19e-07 -0.000251562
6.195e-07 -0.0003375
6.2e-07 -0.000411719
6.205e-07 -0.000372656
6.21e-07 -0.000457812
6.215e-07 -0.000473437
6.22e-07 -0.000529687
6.225e-07 -0.0006
6.23e-07 -0.000588281
6.235e-07 -0.0006875
6.24e-07 -0.000692187
6.245e-07 -0.000685937
6.25e-07 -0.000711719
6.255e-07 -0.000707812
6.26e-07 -0.000655469
6.265e-07 -0.000692187
6.27e-07 -0.000717187
6.275e-07 -0.000678906
6.28e-07 -0.000767187
6.285e-07 -0.000701562
6.29e-07 -0.000714062
6.295e-07 -0.000711719
6.3e-07 -0.000571094
6.305e-07 -0.000595312
6.31e-07 -0.0005375
6.315e-07 -0.000382031
6.32e-07 -0.000385937
6.325e-07 -0.000310156
6.33e-07 -0.000233594
6.335e-07 -0.000182031
6.34e-07 -0.000172656
6.345e-07 -0.000117969
6.35e-07 -1.64062e-05
6.355e-07 -2.65625e-05
6.36e-07 2.5e-05
6.365e-07 7.10938e-05
6.37e-07 0.000170313
6.375e-07 0.000161719
6.38e-07 0.000267188
6.385e-07 0.000297656
6.39e-07 0.000280469
6.395e-07 0.000283594
6.4e-07 0.000310156
6.405e-07 0.000277344
6.41e-07 0.00036875
6.415e-07 0.000345313
6.42e-07 0.000421094
6.425e-07 0.000367188
6.43e-07 0.000435938
6.435e-07 0.000384375
6.44e-07 0.00035
6.445e-07 0.000378906
6.45e-07 0.000348438
6.455e-07 0.000310938
6.46e-07 0.000278125
6.465e-07 0.000253906
6.47e-07 0.000186719
6.475e-07 0.000183594
6.48e-07 0.000113281
6.485e-07 7.42188e-05
6.49e-07 2.57813e-05
6.495e-07 4.45313e-05
6.5e-07 -2.65625e-05
6.505e-07 -7.73437e-05
6.51e-07 -8.98437e-05
6.515e-07 -0.00015625
6.52e-07 -0.000234375
6.525e-07 -0.000221875
6.53e-07 -0.000264062
6.535e-07 -0.000369531
6.54e-07 -0.000301562
6.545e-07 -0.000378125
6.55e-07 -0.000351562
6.555e-07 -0.000335937
6.56e-07 -0.000315625
6.565e-07 -0.000335937
6.57e-07 -0.000296875
6.575e-07 -0.000317969
6.58e-07 -0.000272656
6.585e-07 -0.000217187
6.59e-07 -0.000192187
6.595e-07 -0.000215625
6.6e-07 -0.000167969
6.605e-07 -0.00011875
6.61e-07 -0.000147656
6.615e-07 -0.000204687
6.62e-07 -0.000207812
6.625e-07 -0.000229687
6.63e-07 -0.0002625
6.635e-07 -0.000274219
6.64e-07 -0.000211719
6.645e-07 -0.000267969
6.65e-07 -0.000245312
6.655e-07 -0.000191406
6.66e-07 -0.000259375
6.665e-07 -0.000248437
6.67e-07 -0.000235156
6.675e-07 -0.000205469
6.68e-07 -0.000122656
6.685e-07 -8.98437e-05
6.69e-07 -3.82812e-05
6.695e-07 4.76563e-05
6.7e-07 3.59375e-05
6.705e-07 6.25e-05
6.71e-07 4.29688e-05
6.715e-07 2.89063e-05
6.72e-07 -8.59374e-06
6.725e-07 7.1875e-05
6.73e-07 -7.73437e-05
6.735e-07 -0.000100781
6.74e-07 -0.000135937
6.745e-07 -0.000127344
6.75e-07 -0.000185156
6.755e-07 -0.000258594
6.76e-07 -0.000307812
6.765e-07 -0.000271094
6.77e-07 -0.000303125
6.775e-07 -0.000259375
6.78e-07 -0.000247656
6.785e-07 -0.000302344
6.79e-07 -0.000282031
6.795e-07 -0.0003625
6.8e-07 -0.000375
6.805e-07 -0.000360156
6.81e-07 -0.000355469
6.815e-07 -0.0004
6.82e-07 -0.000394531
6.825e-07 -0.000417187
6.83e-07 -0.000379687
6.835e-07 -0.000392969
6.84e-07 -0.000372656
6.845e-07 -0.000417969
6.85e-07 -0.000329687
6.855e-07 -0.000396875
6.86e-07 -0.0003625
6.865e-07 -0.000327344
6.87e-07 -0.000330469
6.875e-07 -0.000285937
6.88e-07 -0.000246875
6.885e-07 -0.000253906
6.89e-07 -0.00021875
6.895e-07 -0.000182031
6.9e-07 -0.000214062
6.905e-07 -0.000125781
6.91e-07 -0.000173437
6.915e-07 -0.000155469
6.92e-07 -9.375e-05
6.925e-07 -0.000107812
6.93e-07 -6.17187e-05
6.935e-07 -4.68749e-06
6.94e-07 -9.37499e-06
6.945e-07 -2.42187e-05
6.95e-07 -5.46875e-05
6.955e-07 6.25001e-06
6.96e-07 7.81263e-07
6.965e-07 -3.28125e-05
6.97e-07 -1.25e-05
6.975e-07 -3.12499e-06
6.98e-07 -1.17187e-05
6.985e-07 -3.28125e-05
6.99e-07 1.40625e-05
6.995e-07 1.95313e-05
7e-07 -1.71875e-05
7.005e-07 -5.46874e-06
7.01e-07 -7.65625e-05
7.015e-07 -0.00011875
7.02e-07 -0.000107031
7.025e-07 -0.000116406
7.03e-07 -0.000205469
7.035e-07 -0.000178125
7.04e-07 -0.000238281
7.045e-07 -0.000255469
7.05e-07 -0.000305469
7.055e-07 -0.00039375
7.06e-07 -0.000360156
7.065e-07 -0.000352344
7.07e-07 -0.000380469
7.075e-07 -0.000410937
7.08e-07 -0.000446094
7.085e-07 -0.000386719
7.09e-07 -0.00041875
7.095e-07 -0.000450781
7.1e-07 -0.00045625
7.105e-07 -0.00045
7.11e-07 -0.0004625
7.115e-07 -0.000439844
7.12e-07 -0.000486719
7.125e-07 -0.000440625
7.13e-07 -0.000500781
7.135e-07 -0.000499219
7.14e-07 -0.000463281
7.145e-07 -0.000407031
7.15e-07 -0.000380469
7.155e-07 -0.000414062
7.16e-07 -0.000355469
7.165e-07 -0.000335156
7.17e-07 -0.000304687
7.175e-07 -0.000346094
7.18e-07 -0.000260156
7.185e-07 -0.000200781
7.19e-07 -0.000225781
7.195e-07 -0.000152344
7.2e-07 -0.000151562
7.205e-07 -0.00011875
7.21e-07 -0.000114844
7.215e-07 -7.1875e-05
7.22e-07 -3.82812e-05
7.225e-07 -5.15625e-05
7.23e-07 2.73438e-05
7.235e-07 6.25e-05
7.24e-07 4.45313e-05
7.245e-07 0.000108594
7.25e-07 0.00013125
7.255e-07 9.375e-05
7.26e-07 0.000117969
7.265e-07 0.000117969
7.27e-07 0.000133594
7.275e-07 0.000142188
7.28e-07 9.6875e-05
7.285e-07 0.000128906
7.29e-07 7.57813e-05
7.295e-07 4.45313e-05
7.3e-07 5.625e-05
7.305e-07 1.48438e-05
7.31e-07 -1.71875e-05
7.315e-07 -6.95312e-05
7.32e-07 -4.60937e-05
7.325e-07 -0.000125781
7.33e-07 -0.000102344
7.335e-07 -0.000129687
7.34e-07 -0.000148437
7.345e-07 -0.000176562
7.35e-07 -0.000227344
7.355e-07 -0.000227344
7.36e-07 -0.00021875
7.365e-07 -0.000260156
7.37e-07 -0.000235156
7.375e-07 -0.000297656
7.38e-07 -0.000263281
7.385e-07 -0.000263281
7.39e-07 -0.000246094
7.395e-07 -0.000325781
7.4e-07 -0.00035
7.405e-07 -0.000327344
7.41e-07 -0.000392187
7.415e-07 -0.000317969
7.42e-07 -0.000374219
7.425e-07 -0.000346875
7.43e-07 -0.000325781
7.435e-07 -0.000321875
7.44e-07 -0.0002625
7.445e-07 -0.000223437
7.45e-07 -0.0002375
7.455e-07 -0.000173437
7.46e-07 -0.000210937
7.465e-07 -0.000216406
7.47e-07 -0.000114844
7.475e-07 -6.5625e-05
7.48e-07 -2.34375e-05
7.485e-07 -1.40625e-05
7.49e-07 9.84375e-05
7.495e-07 1.17188e-05
7.5e-07 0.000122656
7.505e-07 0.000141406
7.51e-07 0.0002375
7.515e-07 0.000226563
7.52e-07 0.000259375
7.525e-07 0.000327344
7.53e-07 0.000290625
7.535e-07 0.000340625
7.54e-07 0.000285156
7.545e-07 0.000328906
7.55e-07 0.000389063
7.555e-07 0.000332031
7.56e-07 0.000279688
7.565e-07 0.000283594
7.57e-07 0.000264844
7.575e-07 0.000235156
7.58e-07 0.000210938
7.585e-07 0.000183594
7.59e-07 0.000173438
7.595e-07 0.000146875
7.6e-07 0.000167188
7.605e-07 0.000142969
7.61e-07 0.000114063
7.615e-07 0.000100781
7.62e-07 6.25e-05
7.625e-07 3.98438e-05
7.63e-07 0.000110156
7.635e-07 3.59375e-05
7.64e-07 2.5e-05
7.645e-07 4.29688e-05
7.65e-07 -1.32812e-05
7.655e-07 -4.76562e-05
7.66e-07 -4.21875e-05
7.665e-07 -0.000174219
7.67e-07 -3.59375e-05
7.675e-07 -8.4375e-05
7.68e-07 -0.000124219
7.685e-07 -0.000197656
7.69e-07 -0.000180469
7.695e-07 -0.000280469
7.7e-07 -0.000194531
7.705e-07 -0.000201562
7.71e-07 -0.00014375
7.715e-07 -0.00014375
7.72e-07 -0.000153125
7.725e-07 -0.000129687
7.73e-07 -7.89062e-05
7.735e-07 -8.82812e-05
7.74e-07 -7.5e-05
7.745e-07 1.71875e-05
7.75e-07 -2.10937e-05
7.755e-07 3.59375e-05
7.76e-07 5.78125e-05
7.765e-07 8.59375e-05
7.77e-07 7.5e-05
7.775e-07 5e-05
7.78e-07 0.000140625
7.785e-07 0.000161719
7.79e-07 0.000140625
7.795e-07 0.0001375
7.8e-07 0.000142969
7.805e-07 0.000139063
7.81e-07 0.000150781
7.815e-07 0.000134375
7.82e-07 0.000123438
7.825e-07 0.000133594
7.83e-07 0.0001
7.835e-07 0.000160938
7.84e-07 0.000130469
7.845e-07 0.000141406
7.85e-07 0.000130469
7.855e-07 8.35938e-05
7.86e-07 0.000198438
7.865e-07 0.0001875
7.87e-07 0.000209375
7.875e-07 0.000200781
7.88e-07 0.000189844
7.885e-07 0.000191406
7.89e-07 0.000207031
7.895e-07 0.000178125
7.9e-07 0.000107031
7.905e-07 0.000117188
7.91e-07 2.5e-05
7.915e-07 6.17188e-05
7.92e-07 4.6875e-05
7.925e-07 -7.81249e-06
7.93e-07 -9.60937e-05
7.935e-07 -6.25e-05
7.94e-07 -7.03125e-05
7.945e-07 -9.60937e-05
7.95e-07 -0.000146094
7.955e-07 -0.00013125
7.96e-07 -0.000144531
7.965e-07 -0.000166406
7.97e-07 -0.000150781
7.975e-07 -6.79687e-05
7.98e-07 -9.84375e-05
7.985e-07 -0.00016875
7.99e-07 -0.000149219
7.995e-07 -9.76562e-05
8e-07 -8.20312e-05
8.005e-07 -6.01562e-05
8.01e-07 -7.73437e-05
8.015e-07 -9.375e-05
8.02e-07 -0.000128906
8.025e-07 -9.45312e-05
8.03e-07 -9.76562e-05
8.035e-07 -0.000159375
8.04e-07 -0.000145312
8.045e-07 -0.000135156
8.05e-07 -0.000188281
8.055e-07 -0.000108594
8.06e-07 -8.125e-05
8.065e-07 -9.6875e-05
8.07e-07 -9.84375e-05
8.075e-07 -0.000105469
8.08e-07 -1.95312e-05
8.085e-07 -5.70312e-05
8.09e-07 -5.78125e-05
8.095e-07 -0.000108594
8.1e-07 -2.34375e-05
8.105e-07 -6.25e-05
8.11e-07 -6.64062e-05
8.115e-07 1.48438e-05
8.12e-07 1.01563e-05
8.125e-07 1.17188e-05
8.13e-07 1.95313e-05
8.135e-07 -3.90624e-06
8.14e-07 -6.5625e-05
8.145e-07 -6.01562e-05
8.15e-07 6.25001e-06
8.155e-07 -8.98437e-05
8.16e-07 -7.8125e-05
8.165e-07 -7.34375e-05
8.17e-07 -0.000109375
8.175e-07 -1e-04
8.18e-07 -0.000122656
8.185e-07 -0.000170312
8.19e-07 -0.000178906
8.195e-07 -0.000214844
8.2e-07 -0.000175781
8.205e-07 -0.000214844
8.21e-07 -0.000194531
8.215e-07 -0.000264062
8.22e-07 -0.000283594
8.225e-07 -0.000297656
8.23e-07 -0.000314844
8.235e-07 -0.000360156
8.24e-07 -0.000325781
8.245e-07 -0.00035625
8.25e-07 -0.000395312
8.255e-07 -0.000396094
8.26e-07 -0.000392969
8.265e-07 -0.000389062
8.27e-07 -0.000378906
8.275e-07 -0.000438281
8.28e-07 -0.000435937
8.285e-07 -0.000495312
8.29e-07 -0.000388281
8.295e-07 -0.00044375
8.3e-07 -0.000460156
8.305e-07 -0.000478125
8.31e-07 -0.000439844
8.315e-07 -0.000439062
8.32e-07 -0.000423437
8.325e-07 -0.000388281
8.33e-07 -0.0003625
8.335e-07 -0.000330469
8.34e-07 -0.000346875
8.345e-07 -0.000284375
8.35e-07 -0.000296094
8.355e-07 -0.000265625
8.36e-07 -0.000205469
8.365e-07 -0.000210937
8.37e-07 -0.000178906
8.375e-07 -0.000175
8.38e-07 -0.000117187
8.385e-07 -0.000126562
8.39e-07 -9.60937e-05
8.395e-07 -7.65625e-05
8.4e-07 -7.5e-05
8.405e-07 -1.71875e-05
8.41e-07 -3.28125e-05
8.415e-07 1.40625e-05
8.42e-07 1.01563e-05
8.425e-07 -5.46874e-06
8.43e-07 8.98438e-05
8.435e-07 -2.10937e-05
8.44e-07 3.59375e-05
8.445e-07 -7.03124e-06
8.45e-07 -1.71875e-05
8.455e-07 -3.59375e-05
8.46e-07 -5e-05
8.465e-07 -6.32812e-05
8.47e-07 -5.78125e-05
8.475e-07 -9.375e-05
8.48e-07 -1.09375e-05
8.485e-07 -1.17187e-05
8.49e-07 2.1875e-05
8.495e-07 -7.10937e-05
