-2.5e-08 0.00157031
-2.49e-08 0.00208594
-2.48e-08 0.00133594
-2.47e-08 -3.57628e-10
-2.46e-08 -0.000796875
-2.45e-08 -0.000515625
-2.44e-08 0.000585937
-2.43e-08 0.00164062
-2.42e-08 0.002
-2.41e-08 0.00150781
-2.4e-08 0.0005
-2.39e-08 -0.000398438
-2.38e-08 -0.000554688
-2.37e-08 -3.57628e-10
-2.36e-08 0.000679687
-2.35e-08 0.000507812
-2.34e-08 -0.000757813
-2.33e-08 -0.00202344
-2.32e-08 -0.002
-2.31e-08 -0.000320313
-2.3e-08 0.00151562
-2.29e-08 0.00196094
-2.28e-08 0.000945312
-2.27e-08 -3.57628e-10
-2.26e-08 0.000445312
-2.25e-08 0.00158594
-2.24e-08 0.00203125
-2.23e-08 0.00121094
-2.22e-08 -3.57628e-10
-2.21e-08 -0.000460938
-2.2e-08 -0.00021875
-2.19e-08 7.81246e-05
-2.18e-08 7.03121e-05
-2.17e-08 -3.57628e-10
-2.16e-08 0.000171875
-2.15e-08 0.000148437
-2.14e-08 -0.0003125
-2.13e-08 -0.000632813
-2.12e-08 -3.57628e-10
-2.11e-08 0.00157812
-2.1e-08 0.00234375
-2.09e-08 0.0010625
-2.08e-08 -0.00115625
-2.07e-08 -0.002
-2.06e-08 -0.000320313
-2.05e-08 0.00165625
-2.04e-08 0.00153125
-2.03e-08 -0.000523438
-2.02e-08 -0.002
-2.01e-08 -0.000859375
-2e-08 0.0013125
-1.99e-08 0.00196875
-1.98e-08 0.00028125
-1.97e-08 -0.002
-1.96e-08 -0.00253125
-1.95e-08 -0.001125
-1.94e-08 0.00100781
-1.93e-08 0.00220312
-1.92e-08 0.002
-1.91e-08 0.000960937
-1.9e-08 0.000101562
-1.89e-08 0.000148437
-1.88e-08 0.00103125
-1.87e-08 0.002
-1.86e-08 0.00233594
-1.85e-08 0.00215625
-1.84e-08 0.00191406
-1.83e-08 0.00192187
-1.82e-08 0.002
-1.81e-08 0.00164062
-1.8e-08 0.000632812
-1.79e-08 -0.000664063
-1.78e-08 -0.001125
-1.77e-08 -3.57628e-10
-1.76e-08 0.00235937
-1.75e-08 0.00397656
-1.74e-08 0.003375
-1.73e-08 0.00132031
-1.72e-08 -3.57628e-10
-1.71e-08 0.00078125
-1.7e-08 0.00192187
-1.69e-08 0.00139062
-1.68e-08 -0.000648438
-1.67e-08 -0.002
-1.66e-08 -0.000851563
-1.65e-08 0.00125781
-1.64e-08 0.00207812
-1.63e-08 0.00107812
-1.62e-08 -3.57628e-10
-1.61e-08 0.000523437
-1.6e-08 0.00165625
-1.59e-08 0.001875
-1.58e-08 0.000890625
-1.57e-08 -3.57628e-10
-1.56e-08 0.000460937
-1.55e-08 0.00158594
-1.54e-08 0.00204687
-1.53e-08 0.00126562
-1.52e-08 -3.57628e-10
-1.51e-08 -0.000640625
-1.5e-08 -0.000414063
-1.49e-08 0.000429687
-1.48e-08 0.00132031
-1.47e-08 0.002
-1.46e-08 0.00235937
-1.45e-08 0.00226562
-1.44e-08 0.00164062
-1.43e-08 0.000765625
-1.42e-08 -3.57628e-10
-1.41e-08 -0.00034375
-1.4e-08 -0.000242188
-1.39e-08 0.000265625
-1.38e-08 0.00103906
-1.37e-08 0.002
-1.36e-08 0.00277344
-1.35e-08 0.0025625
-1.34e-08 0.00115625
-1.33e-08 -0.0001875
-1.32e-08 -3.57628e-10
-1.31e-08 0.00202344
-1.3e-08 0.0038125
-1.29e-08 0.00346094
-1.28e-08 0.00141406
-1.27e-08 -3.57628e-10
-1.26e-08 0.000773437
-1.25e-08 0.0019375
-1.24e-08 0.00133594
-1.23e-08 -0.000757813
-1.22e-08 -0.002
-1.21e-08 -0.000609375
-1.2e-08 0.00147656
-1.19e-08 0.00171875
-1.18e-08 -0.000203125
-1.17e-08 -0.002
-1.16e-08 -0.00136719
-1.15e-08 0.000859375
-1.14e-08 0.0026875
-1.13e-08 0.00282812
-1.12e-08 0.002
-1.11e-08 0.00135156
-1.1e-08 0.0005625
-1.09e-08 -0.000804688
-1.08e-08 -0.00203906
-1.07e-08 -0.002
-1.06e-08 -0.000257813
-1.05e-08 0.0015625
-1.04e-08 0.00189844
-1.03e-08 0.000828125
-1.02e-08 -3.57628e-10
-1.01e-08 0.000679687
-1e-08 0.00175781
-9.9e-09 0.00177344
-9.8e-09 0.000710937
-9.7e-09 -3.57628e-10
-9.6e-09 0.000742187
-9.5e-09 0.00178906
-9.4e-09 0.00172656
-9.3e-09 0.000609375
-9.2e-09 -3.57628e-10
-9.1e-09 0.00109375
-9e-09 0.00314062
-8.9e-09 0.00444531
-8.8e-09 0.003875
-8.7e-09 0.002
-8.6e-09 0.000148437
-8.5e-09 -0.000367188
-8.4e-09 0.000648437
-8.3e-09 0.00192187
-8.2e-09 0.002
-8.1e-09 0.00046875
-8e-09 -0.001375
-7.9e-09 -0.0021875
-7.8e-09 -0.00192969
-7.7e-09 -0.002
-7.6e-09 -0.00346094
-7.5e-09 -0.00545313
-7.4e-09 -0.00604688
-7.3e-09 -0.00402344
-7.2e-09 -3.57628e-10
-7.1e-09 0.00405469
-7e-09 0.00613281
-6.9e-09 0.00525781
-6.8e-09 0.00252344
-6.7e-09 -3.57628e-10
-6.6e-09 -0.00107031
-6.5e-09 -0.0015625
-6.4e-09 -0.00285156
-6.3e-09 -0.00477344
-6.2e-09 -0.006
-6.1e-09 -0.00538281
-6e-09 -0.00430469
-5.9e-09 -0.00417188
-5.8e-09 -0.00465625
-5.7e-09 -0.004
-5.6e-09 -0.00111719
-5.5e-09 0.00153125
-5.4e-09 0.00159375
-5.3e-09 -0.000515625
-5.2e-09 -0.002
-5.1e-09 -0.00075
-5e-09 0.00136719
-4.9e-09 0.00182812
-4.8e-09 0.000570312
-4.7e-09 -3.57628e-10
-4.6e-09 0.00176562
-4.5e-09 0.00376562
-4.4e-09 0.0033125
-4.3e-09 0.00046875
-4.2e-09 -0.002
-4.1e-09 -0.00159375
-4e-09 0.000789062
-3.9e-09 0.00267969
-3.8e-09 0.00221094
-3.7e-09 -3.57628e-10
-3.6e-09 -0.00203125
-3.5e-09 -0.00251563
-3.4e-09 -0.00115625
-3.3e-09 0.000835937
-3.2e-09 0.002
-3.1e-09 0.00159375
-3e-09 0.00046875
-2.9e-09 -0.000140625
-2.8e-09 -3.57628e-10
-2.7e-09 -3.57628e-10
-2.6e-09 -0.000703125
-2.5e-09 -0.00065625
-2.4e-09 0.0011875
-2.3e-09 0.00352344
-2.2e-09 0.004
-2.1e-09 0.0015
-2e-09 -0.00138281
-1.9e-09 -0.0016875
-1.8e-09 0.000960937
-1.7e-09 0.004
-1.6e-09 0.00467187
-1.5e-09 0.00315625
-1.4e-09 0.00107031
-1.3e-09 3.12496e-05
-1.2e-09 -3.57628e-10
-1.1e-09 5.46871e-05
-1e-09 -7.81286e-06
-9e-10 5.46871e-05
-8e-10 0.0006875
-7e-10 0.002
-6e-10 0.00353125
-5e-10 0.00424219
-4e-10 0.00336719
-3e-10 0.00150781
-2e-10 -3.57628e-10
-1e-10 -0.000234375
0 1.56246e-05
1e-10 -0.000335938
2e-10 -0.00133594
3e-10 -0.002
4e-10 -0.0014375
5e-10 -0.000398438
6e-10 8.59371e-05
7e-10 -0.000101563
8e-10 -3.57628e-10
9e-10 0.00107031
1e-09 0.00196094
1.1e-09 0.00160156
1.2e-09 0.0004375
1.3e-09 -3.57628e-10
1.4e-09 0.00110156
1.5e-09 0.00208594
1.6e-09 0.00128125
1.7e-09 -0.000804688
1.8e-09 -0.002
1.9e-09 -0.00075
2e-09 0.00132031
2.1e-09 0.00200781
2.2e-09 0.000945312
2.3e-09 -3.57628e-10
2.4e-09 0.000804687
2.5e-09 0.00186719
2.6e-09 0.00152344
2.7e-09 0.000195312
2.8e-09 -3.57628e-10
2.9e-09 0.00210156
3e-09 0.00397656
3.1e-09 0.0030625
3.2e-09 -3.57628e-10
3.3e-09 -0.002
3.4e-09 -0.0005
3.5e-09 0.0026875
3.6e-09 0.00449219
3.7e-09 0.00366406
3.8e-09 0.002
3.9e-09 0.00165625
4e-09 0.00198437
4.1e-09 0.00157031
4.2e-09 0.0004375
4.3e-09 -3.57628e-10
4.4e-09 0.00115625
4.5e-09 0.00211719
4.6e-09 0.00123437
4.7e-09 -0.000882813
4.8e-09 -0.002
4.9e-09 -0.000609375
5e-09 0.00146094
5.1e-09 0.00180469
5.2e-09 -3.57628e-10
5.3e-09 -0.002
5.4e-09 -0.00204688
5.5e-09 -0.00078125
5.6e-09 0.00046875
5.7e-09 0.00114062
5.8e-09 0.002
5.9e-09 0.00355469
6e-09 0.00435937
6.1e-09 0.00301562
6.2e-09 0.000171875
6.3e-09 -0.002
6.4e-09 -0.00170313
6.5e-09 0.000578125
6.6e-09 0.00314844
6.7e-09 0.00430469
6.8e-09 0.004
6.9e-09 0.00283594
7e-09 0.00102344
7.1e-09 -0.00107813
7.2e-09 -0.00235156
7.3e-09 -0.002
7.4e-09 -7.03129e-05
7.5e-09 0.00167187
7.6e-09 0.00180469
7.7e-09 0.000679687
7.8e-09 -3.57628e-10
7.9e-09 0.0008125
8e-09 0.00184375
8.1e-09 0.00164062
8.2e-09 0.000453125
8.3e-09 -3.57628e-10
8.4e-09 0.00152344
8.5e-09 0.00350781
8.6e-09 0.0038125
8.7e-09 0.00205469
8.8e-09 -3.57628e-10
8.9e-09 -0.000585938
9e-09 -0.000226563
9.1e-09 -8.59379e-05
9.2e-09 -0.000320313
9.3e-09 -3.57628e-10
9.4e-09 0.00142969
9.5e-09 0.00226562
9.6e-09 0.00111719
9.7e-09 -0.00107031
9.8e-09 -0.002
9.9e-09 -0.000367188
1e-08 0.001625
1.01e-08 0.00157031
1.02e-08 -0.00046875
1.03e-08 -0.002
1.04e-08 -0.000914063
1.05e-08 0.00123437
1.06e-08 0.00207031
1.07e-08 0.00104687
1.08e-08 -3.57628e-10
1.09e-08 0.000671875
1.1e-08 0.00178125
1.11e-08 0.00163281
1.12e-08 0.00040625
1.13e-08 -3.57628e-10
1.14e-08 0.00164844
1.15e-08 0.00359375
1.16e-08 0.00370312
1.17e-08 0.00184375
1.18e-08 -3.57628e-10
1.19e-08 3.90621e-05
1.2e-08 0.00135937
1.21e-08 0.00224219
1.22e-08 0.00158594
1.23e-08 -3.57628e-10
1.24e-08 -0.00105469
1.25e-08 -0.000734375
1.26e-08 0.00090625
1.27e-08 0.0028125
1.28e-08 0.004
1.29e-08 0.00389844
1.3e-08 0.00276562
1.31e-08 0.00130469
1.32e-08 0.000335937
1.33e-08 -3.57628e-10
1.34e-08 -3.57628e-10
1.35e-08 2.34371e-05
1.36e-08 -8.59379e-05
1.37e-08 -0.000171875
1.38e-08 -3.57628e-10
1.39e-08 0.000359375
1.4e-08 0.000273437
1.41e-08 -0.00046875
1.42e-08 -0.0009375
1.43e-08 -3.57628e-10
1.44e-08 0.00241406
1.45e-08 0.00409375
1.46e-08 0.00311719
1.47e-08 0.00021875
1.48e-08 -0.002
1.49e-08 -0.00169531
1.5e-08 -0.000390625
1.51e-08 -0.000242188
1.52e-08 -0.00142969
1.53e-08 -0.002
1.54e-08 -0.000382813
1.55e-08 0.00159375
1.56e-08 0.00163281
1.57e-08 -0.0003125
1.58e-08 -0.002
1.59e-08 -0.00151563
1.6e-08 -0.000304688
1.61e-08 -0.000304688
1.62e-08 -0.00150781
1.63e-08 -0.002
1.64e-08 -0.000367188
1.65e-08 0.00159375
1.66e-08 0.0016875
1.67e-08 -0.000203125
1.68e-08 -0.002
1.69e-08 -0.00178125
1.7e-08 -0.000507813
1.71e-08 6.24996e-05
1.72e-08 -0.00078125
1.73e-08 -0.002
1.74e-08 -0.0020625
1.75e-08 -0.000875
1.76e-08 0.00078125
1.77e-08 0.00179687
1.78e-08 0.002
1.79e-08 0.00178906
1.8e-08 0.00178906
1.81e-08 0.00232812
1.82e-08 0.00321875
1.83e-08 0.004
1.84e-08 0.00400781
1.85e-08 0.00289844
1.86e-08 0.000976562
1.87e-08 -0.000328125
1.88e-08 -3.57628e-10
1.89e-08 0.00164062
1.9e-08 0.00241406
1.91e-08 0.000898437
1.92e-08 -0.00149219
1.93e-08 -0.002
1.94e-08 0.00065625
1.95e-08 0.00351562
1.96e-08 0.00339844
1.97e-08 0.00046875
1.98e-08 -0.002
1.99e-08 -0.00119531
2e-08 0.00115625
2.01e-08 0.00200781
2.02e-08 0.000289062
2.03e-08 -0.002
2.04e-08 -0.00228125
2.05e-08 -0.000882813
2.06e-08 0.000578125
2.07e-08 0.00078125
2.08e-08 -3.57628e-10
2.09e-08 -0.000820313
2.1e-08 -0.00163281
2.11e-08 -0.00240625
2.12e-08 -0.00267969
2.13e-08 -0.002
2.14e-08 -0.000335938
2.15e-08 0.00138281
2.16e-08 0.00233594
2.17e-08 0.0023125
2.18e-08 0.002
2.19e-08 0.0019375
2.2e-08 0.00204687
2.21e-08 0.00180469
2.22e-08 0.00101562
2.23e-08 -3.57628e-10
2.24e-08 -0.000664063
2.25e-08 -0.000453125
2.26e-08 0.000570312
2.27e-08 0.00163281
2.28e-08 0.002
2.29e-08 0.001375
2.3e-08 0.000390625
2.31e-08 -0.0001875
2.32e-08 -0.000148438
2.33e-08 -3.57628e-10
2.34e-08 -0.000179688
2.35e-08 -0.000210938
2.36e-08 0.000414062
2.37e-08 0.00142187
2.38e-08 0.002
2.39e-08 0.00151562
2.4e-08 0.000484375
2.41e-08 -0.000296875
2.42e-08 -0.00034375
2.43e-08 -3.57628e-10
2.44e-08 0.0001875
2.45e-08 0.000101562
2.46e-08 -9.37504e-05
2.47e-08 -0.000148438
2.48e-08 -3.57628e-10
2.49e-08 0.000179687
2.5e-08 0.000125
2.51e-08 -0.000195313
2.52e-08 -0.000382813
2.53e-08 -3.57628e-10
2.54e-08 0.000960937
2.55e-08 0.00183594
2.56e-08 0.00189844
2.57e-08 0.0010625
2.58e-08 -3.57628e-10
2.59e-08 -0.000539063
2.6e-08 -0.000304688
2.61e-08 0.000296875
2.62e-08 0.00053125
2.63e-08 -3.57628e-10
2.64e-08 -0.00101563
2.65e-08 -0.00186719
2.66e-08 -0.00192188
2.67e-08 -0.00111719
2.68e-08 -3.57628e-10
2.69e-08 0.00065625
2.7e-08 0.000390625
2.71e-08 -0.000445313
2.72e-08 -0.0008125
2.73e-08 -3.57628e-10
2.74e-08 0.00183594
2.75e-08 0.00360156
2.76e-08 0.00397656
2.77e-08 0.0025
2.78e-08 -3.57628e-10
2.79e-08 -0.00209375
2.8e-08 -0.00253906
2.81e-08 -0.00117188
2.82e-08 0.000804687
2.83e-08 0.002
2.84e-08 0.00174219
2.85e-08 0.00059375
2.86e-08 -0.000390625
2.87e-08 -0.000484375
2.88e-08 -3.57628e-10
2.89e-08 0.000351562
2.9e-08 0.000203125
2.91e-08 -0.00021875
2.92e-08 -0.000390625
2.93e-08 -3.57628e-10
2.94e-08 0.000867187
2.95e-08 0.00172656
2.96e-08 0.00208594
2.97e-08 0.00199219
2.98e-08 0.002
2.99e-08 0.00238281
3e-08 0.00235937
3.01e-08 0.00132031
3.02e-08 7.81246e-05
3.03e-08 -3.57628e-10
3.04e-08 0.00144531
3.05e-08 0.0023125
3.06e-08 0.00096875
3.07e-08 -0.00139063
3.08e-08 -0.002
3.09e-08 0.000585937
3.1e-08 0.00346875
3.11e-08 0.00345312
3.12e-08 0.000554687
3.13e-08 -0.002
3.14e-08 -0.00129688
3.15e-08 0.00104687
3.16e-08 0.00217187
3.17e-08 0.00117187
3.18e-08 -3.57628e-10
3.19e-08 0.000664062
3.2e-08 0.00179687
3.21e-08 0.00158594
3.22e-08 0.000296875
3.23e-08 -3.57628e-10
3.24e-08 0.00191406
3.25e-08 0.00383594
3.26e-08 0.00328906
3.27e-08 0.000460937
3.28e-08 -0.002
3.29e-08 -0.00173438
3.3e-08 0.000640625
3.31e-08 0.00296875
3.32e-08 0.00333594
3.33e-08 0.002
3.34e-08 0.00040625
3.35e-08 -0.000171875
3.36e-08 0.000398437
3.37e-08 0.000898437
3.38e-08 -3.57628e-10
3.39e-08 -0.00234375
3.4e-08 -0.00404688
3.41e-08 -0.00320313
3.42e-08 -0.000375
3.43e-08 0.002
3.44e-08 0.0019375
3.45e-08 0.000570312
3.46e-08 -7.03129e-05
3.47e-08 0.000804687
3.48e-08 0.002
3.49e-08 0.00192969
3.5e-08 0.000734375
3.51e-08 -0.000585938
3.52e-08 -0.00084375
3.53e-08 -3.57628e-10
3.54e-08 0.000984375
3.55e-08 0.00071875
3.56e-08 -0.00107813
3.57e-08 -0.00265625
3.58e-08 -0.002
3.59e-08 0.00119531
3.6e-08 0.00385156
3.61e-08 0.00307031
3.62e-08 -0.000664063
3.63e-08 -0.004
3.64e-08 -0.00385938
3.65e-08 -0.00136719
3.66e-08 0.00078125
3.67e-08 0.000898437
3.68e-08 -3.57628e-10
3.69e-08 -0.000179688
3.7e-08 -1.56254e-05
3.71e-08 -0.000273438
3.72e-08 -0.000648438
3.73e-08 -3.57628e-10
3.74e-08 0.00210156
3.75e-08 0.00383594
3.76e-08 0.00349219
3.77e-08 0.00149219
3.78e-08 -3.57628e-10
3.79e-08 0.000484375
3.8e-08 0.00167187
3.81e-08 0.00175781
3.82e-08 0.000640625
3.83e-08 -3.57628e-10
3.84e-08 0.00107812
3.85e-08 0.00209375
3.86e-08 0.00119531
3.87e-08 -0.000992188
3.88e-08 -0.002
3.89e-08 -0.000289063
3.9e-08 0.00170312
3.91e-08 0.00138281
3.92e-08 -0.000851563
3.93e-08 -0.002
3.94e-08 0.000117187
3.95e-08 0.00313281
3.96e-08 0.00389062
3.97e-08 0.00195312
3.98e-08 -3.57628e-10
3.99e-08 0.000476562
4e-08 0.00177344
4.01e-08 0.00145312
4.02e-08 -0.000578125
4.03e-08 -0.002
4.04e-08 -0.000867188
4.05e-08 0.00125781
4.06e-08 0.0020625
4.07e-08 0.00103906
4.08e-08 -3.57628e-10
4.09e-08 0.000617187
4.1e-08 0.00177344
4.11e-08 0.00169531
4.12e-08 -7.81286e-06
4.13e-08 -0.002
4.14e-08 -0.00271094
4.15e-08 -0.00234375
4.16e-08 -0.00182031
4.17e-08 -0.00180469
4.18e-08 -0.002
4.19e-08 -0.00167188
4.2e-08 -0.000679688
4.21e-08 0.000679687
4.22e-08 0.0016875
4.23e-08 0.002
4.24e-08 0.00157812
4.25e-08 0.0005625
4.26e-08 -0.00053125
4.27e-08 -0.000835938
4.28e-08 -3.57628e-10
4.29e-08 0.00149219
4.3e-08 0.00221094
4.31e-08 0.00134375
4.32e-08 -2.34379e-05
4.33e-08 -3.57628e-10
4.34e-08 0.00201562
4.35e-08 0.00382812
4.36e-08 0.00339062
4.37e-08 0.00124219
4.38e-08 -3.57628e-10
4.39e-08 0.00139062
4.4e-08 0.00352344
4.41e-08 0.00364844
4.42e-08 0.00110156
4.43e-08 -0.002
4.44e-08 -0.003
4.45e-08 -0.00140625
4.46e-08 0.00134375
4.47e-08 0.0028125
4.48e-08 0.002
4.49e-08 -0.000265625
4.5e-08 -0.00192188
4.51e-08 -0.00148438
4.52e-08 0.000507812
4.53e-08 0.002
4.54e-08 0.00134375
4.55e-08 -0.000890625
4.56e-08 -0.00274219
4.57e-08 -0.00239844
4.58e-08 -3.57628e-10
4.59e-08 0.00278906
4.6e-08 0.00417187
4.61e-08 0.00334375
4.62e-08 0.00135156
4.63e-08 -3.57628e-10
4.64e-08 0.000367187
4.65e-08 0.0015625
4.66e-08 0.00201562
4.67e-08 0.00116406
4.68e-08 -3.57628e-10
4.69e-08 -0.000226563
4.7e-08 -3.12504e-05
4.71e-08 -0.00028125
4.72e-08 -0.000664063
4.73e-08 -3.57628e-10
4.74e-08 0.00197656
4.75e-08 0.00265625
4.76e-08 0.000507812
4.77e-08 -0.00226563
4.78e-08 -0.002
4.79e-08 0.00245312
4.8e-08 0.00605469
4.81e-08 0.00416406
4.82e-08 -0.00184375
4.83e-08 -0.006
4.84e-08 -0.00371875
4.85e-08 0.00173437
4.86e-08 0.00482812
4.87e-08 0.00317969
4.88e-08 -3.57628e-10
4.89e-08 -0.0005
4.9e-08 0.00111719
4.91e-08 0.00227344
4.92e-08 0.00151562
4.93e-08 -3.57628e-10
4.94e-08 -0.000421875
4.95e-08 -0.00015625
4.96e-08 -0.000117188
4.97e-08 -0.000359375
4.98e-08 -3.57628e-10
4.99e-08 0.00132031
5e-08 0.002125
5.01e-08 0.00138281
5.02e-08 1.56246e-05
5.03e-08 -3.57628e-10
5.04e-08 0.002125
5.05e-08 0.00396094
5.06e-08 0.00314062
5.07e-08 0.0001875
5.08e-08 -0.002
5.09e-08 -0.00117969
5.1e-08 0.00108594
5.11e-08 0.00221094
5.12e-08 0.00128906
5.13e-08 -3.57628e-10
5.14e-08 0.000265625
5.15e-08 0.00148437
5.16e-08 0.002125
5.17e-08 0.001375
5.18e-08 -3.57628e-10
5.19e-08 -0.0006875
5.2e-08 -0.000390625
5.21e-08 0.000375
5.22e-08 0.000648437
5.23e-08 -3.57628e-10
5.24e-08 -0.00125781
5.25e-08 -0.00208594
5.26e-08 -0.0015625
5.27e-08 0.000140625
5.28e-08 0.002
5.29e-08 0.00289062
5.3e-08 0.00254687
5.31e-08 0.00140625
5.32e-08 0.000390625
5.33e-08 -3.57628e-10
5.34e-08 0.000109375
5.35e-08 0.000117187
5.36e-08 -0.00028125
5.37e-08 -0.000570313
5.38e-08 -3.57628e-10
5.39e-08 0.00146875
5.4e-08 0.00226562
5.41e-08 0.00117969
5.42e-08 -0.000929688
5.43e-08 -0.002
5.44e-08 -0.000703125
5.45e-08 0.00134375
5.46e-08 0.00202344
5.47e-08 0.000992187
5.48e-08 -3.57628e-10
5.49e-08 0.00059375
5.5e-08 0.00171094
5.51e-08 0.00178906
5.52e-08 0.000726562
5.53e-08 -3.57628e-10
5.54e-08 0.000765625
5.55e-08 0.00185937
5.56e-08 0.00160156
5.57e-08 -0.0001875
5.58e-08 -0.002
5.59e-08 -0.00219531
5.6e-08 -0.000921875
5.61e-08 0.000765625
5.62e-08 0.00176562
5.63e-08 0.002
5.64e-08 0.00173437
5.65e-08 0.000742187
5.66e-08 -0.000867188
5.67e-08 -0.00208594
5.68e-08 -0.002
5.69e-08 -0.000414063
5.7e-08 0.00142969
5.71e-08 0.00214844
5.72e-08 0.00134375
5.73e-08 -3.57628e-10
5.74e-08 -0.000671875
5.75e-08 -0.000414063
5.76e-08 0.000375
5.77e-08 0.00119531
5.78e-08 0.002
5.79e-08 0.00269531
5.8e-08 0.00252344
5.81e-08 0.00117969
5.82e-08 -0.000140625
5.83e-08 -3.57628e-10
5.84e-08 0.00172656
5.85e-08 0.00254687
5.86e-08 0.000625
5.87e-08 -0.00260938
5.88e-08 -0.004
5.89e-08 -0.00174219
5.9e-08 0.00124219
5.91e-08 0.00171875
5.92e-08 -0.000414063
5.93e-08 -0.002
5.94e-08 -0.0003125
5.95e-08 0.00284375
5.96e-08 0.00428125
5.97e-08 0.00267187
5.98e-08 -3.57628e-10
5.99e-08 -0.000875
6e-08 0.00065625
6.01e-08 0.00325781
6.02e-08 0.0046875
6.03e-08 0.004
6.04e-08 0.00160937
6.05e-08 -0.00107031
6.06e-08 -0.00254688
6.07e-08 -0.00197656
6.08e-08 -3.57628e-10
6.09e-08 0.00192187
6.1e-08 0.00240625
6.11e-08 0.00128906
6.12e-08 -2.34379e-05
6.13e-08 -3.57628e-10
6.14e-08 0.00149219
6.15e-08 0.002375
6.16e-08 0.000921875
6.17e-08 -0.00203125
6.18e-08 -0.004
6.19e-08 -0.00310156
6.2e-08 -0.000882813
6.21e-08 0.000226562
6.22e-08 -0.000671875
6.23e-08 -0.002
6.24e-08 -0.00180469
6.25e-08 -0.000609375
6.26e-08 0.000273437
6.27e-08 0.000226562
6.28e-08 -3.57628e-10
6.29e-08 0.000328125
6.3e-08 0.00034375
6.31e-08 -0.000703125
6.32e-08 -0.00200781
6.33e-08 -0.002
6.34e-08 -7.03129e-05
6.35e-08 0.00176562
6.36e-08 0.00151562
6.37e-08 -0.000484375
6.38e-08 -0.002
6.39e-08 -0.00136719
6.4e-08 -0.000210938
6.41e-08 -0.0004375
6.42e-08 -0.00177344
6.43e-08 -0.002
6.44e-08 0.000429687
6.45e-08 0.00327344
6.46e-08 0.00384375
6.47e-08 0.00191406
6.48e-08 -3.57628e-10
6.49e-08 0.000296875
6.5e-08 0.00158594
6.51e-08 0.00178906
6.52e-08 0.000640625
6.53e-08 -3.57628e-10
6.54e-08 0.00140625
6.55e-08 0.00339844
6.56e-08 0.00394531
6.57e-08 0.00286719
6.58e-08 0.002
6.59e-08 0.00257031
6.6e-08 0.00267969
6.61e-08 0.0005625
6.62e-08 -0.00261719
6.63e-08 -0.004
6.64e-08 -0.00186719
6.65e-08 0.00114062
6.66e-08 0.00189844
6.67e-08 -3.90629e-05
6.68e-08 -0.002
6.69e-08 -0.00130469
6.7e-08 0.000976562
6.71e-08 0.0024375
6.72e-08 0.00174219
6.73e-08 -3.57628e-10
6.74e-08 -0.00084375
6.75e-08 -0.0005
6.76e-08 0.000429687
6.77e-08 0.00128125
6.78e-08 0.002
6.79e-08 0.00255469
6.8e-08 0.00241406
6.81e-08 0.00136719
6.82e-08 0.00021875
6.83e-08 -3.57628e-10
6.84e-08 0.000953125
6.85e-08 0.00189844
6.86e-08 0.00167969
6.87e-08 0.000585937
6.88e-08 -3.57628e-10
6.89e-08 0.000820312
6.9e-08 0.00183594
6.91e-08 0.00167969
6.92e-08 0.000546875
6.93e-08 -3.57628e-10
6.94e-08 0.00102344
6.95e-08 0.00203906
6.96e-08 0.00132031
6.97e-08 -0.000726563
6.98e-08 -0.002
6.99e-08 -0.000914063
7e-08 0.00119531
7.01e-08 0.00224219
7.02e-08 0.00142187
7.03e-08 -3.57628e-10
7.04e-08 -0.000445313
7.05e-08 -0.000148438
7.06e-08 -8.59379e-05
7.07e-08 -0.000835938
7.08e-08 -0.002
7.09e-08 -0.00264063
7.1e-08 -0.00242969
7.11e-08 -0.00149219
7.12e-08 -0.000507813
7.13e-08 -3.57628e-10
7.14e-08 -7.03129e-05
7.15e-08 -0.000148438
7.16e-08 0.00034375
7.17e-08 0.00126562
7.18e-08 0.002
7.19e-08 0.0020625
7.2e-08 0.00196875
7.21e-08 0.0021875
7.22e-08 0.00245312
7.23e-08 0.002
7.24e-08 0.000398437
7.25e-08 -0.00141406
7.26e-08 -0.00225
7.27e-08 -0.00157031
7.28e-08 -3.57628e-10
7.29e-08 0.00135156
7.3e-08 0.00196875
7.31e-08 0.00192969
7.32e-08 0.00178125
7.33e-08 0.002
7.34e-08 0.00246094
7.35e-08 0.00242969
7.36e-08 0.00128125
7.37e-08 -0.00053125
7.38e-08 -0.002
7.39e-08 -0.00234375
7.4e-08 -0.00211719
7.41e-08 -0.00210938
7.42e-08 -0.0023125
7.43e-08 -0.002
7.44e-08 -0.000742188
7.45e-08 7.81246e-05
7.46e-08 -0.00053125
7.47e-08 -0.00180469
7.48e-08 -0.002
7.49e-08 -0.000203125
7.5e-08 0.00167969
7.51e-08 0.00160937
7.52e-08 -0.000335938
7.53e-08 -0.002
7.54e-08 -0.00135938
7.55e-08 0.000851562
7.56e-08 0.00272656
7.57e-08 0.00292187
7.58e-08 0.002
7.59e-08 0.00107812
7.6e-08 0.000320312
7.61e-08 -0.000421875
7.62e-08 -0.000742188
7.63e-08 -3.57628e-10
7.64e-08 0.00184375
7.65e-08 0.00357031
7.66e-08 0.00400781
7.67e-08 0.003125
7.68e-08 0.002
7.69e-08 0.00139062
7.7e-08 0.00065625
7.71e-08 -0.000976563
7.72e-08 -0.00295313
7.73e-08 -0.004
7.74e-08 -0.00308594
7.75e-08 -0.0010625
7.76e-08 0.000765625
7.77e-08 0.00160156
7.78e-08 0.002
7.79e-08 0.00253906
7.8e-08 0.00248437
7.81e-08 0.00117969
7.82e-08 -0.000742188
7.83e-08 -0.002
7.84e-08 -0.0016875
7.85e-08 -0.000546875
7.86e-08 0.000265625
7.87e-08 0.000234375
7.88e-08 -3.57628e-10
7.89e-08 0.000398437
7.9e-08 0.00142969
7.91e-08 0.00245312
7.92e-08 0.00266406
7.93e-08 0.002
7.94e-08 0.000945312
7.95e-08 0.000140625
7.96e-08 -3.57628e-10
7.97e-08 0.000710937
7.98e-08 0.002
7.99e-08 0.00304687
8e-08 0.00273437
8.01e-08 0.000953125
8.02e-08 -0.0005625
8.03e-08 -3.57628e-10
8.04e-08 0.00265625
8.05e-08 0.00435156
8.06e-08 0.00261719
8.07e-08 -0.001375
8.08e-08 -0.004
8.09e-08 -0.00264844
8.1e-08 0.000632812
8.11e-08 0.00251562
8.12e-08 0.00164844
8.13e-08 -3.57628e-10
8.14e-08 0.000109375
8.15e-08 0.00141406
8.16e-08 0.00213281
8.17e-08 0.00135156
8.18e-08 -3.57628e-10
8.19e-08 -0.000523438
8.2e-08 -0.000296875
8.21e-08 0.000195312
8.22e-08 0.000835937
8.23e-08 0.002
8.24e-08 0.00357812
8.25e-08 0.00429687
8.26e-08 0.00321875
8.27e-08 0.0011875
8.28e-08 -3.57628e-10
8.29e-08 0.000648437
8.3e-08 0.00175781
8.31e-08 0.00172656
8.32e-08 0.000609375
8.33e-08 -3.57628e-10
8.34e-08 0.00100781
8.35e-08 0.00203125
8.36e-08 0.00133594
8.37e-08 -0.00071875
8.38e-08 -0.002
8.39e-08 -0.000851563
8.4e-08 0.00125
8.41e-08 0.00213281
8.42e-08 0.0011875
8.43e-08 -3.57628e-10
8.44e-08 0.00028125
8.45e-08 0.00144531
8.46e-08 0.00220312
8.47e-08 0.00210937
8.48e-08 0.002
8.49e-08 0.00253906
8.5e-08 0.00253125
8.51e-08 0.000984375
8.52e-08 -0.00115625
8.53e-08 -0.002
8.54e-08 -0.000523438
8.55e-08 0.00144531
8.56e-08 0.00190625
8.57e-08 0.000773437
8.58e-08 -3.57628e-10
8.59e-08 0.00117969
8.6e-08 0.00322656
8.61e-08 0.00423437
8.62e-08 0.00342187
8.63e-08 0.002
8.64e-08 0.00148437
8.65e-08 0.00180469
8.66e-08 0.00197656
8.67e-08 0.00128906
8.68e-08 -3.57628e-10
8.69e-08 -0.00121094
8.7e-08 -0.0019375
8.71e-08 -0.00195313
8.72e-08 -0.00124219
8.73e-08 -3.57628e-10
8.74e-08 0.00140625
8.75e-08 0.00209375
8.76e-08 0.00164844
8.77e-08 0.000632812
8.78e-08 -3.57628e-10
8.79e-08 0.000125
8.8e-08 0.000164062
8.81e-08 -0.0004375
8.82e-08 -0.0009375
8.83e-08 -3.57628e-10
8.84e-08 0.00275
8.85e-08 0.0054375
8.86e-08 0.00582031
8.87e-08 0.00341406
8.88e-08 -3.57628e-10
8.89e-08 -0.00217969
8.9e-08 -0.00246875
8.91e-08 -0.00147656
8.92e-08 -0.000445313
8.93e-08 -3.57628e-10
8.94e-08 -7.81286e-06
8.95e-08 -8.59379e-05
8.96e-08 0.000171875
8.97e-08 0.000929687
8.98e-08 0.002
8.99e-08 0.00280469
9e-08 0.0025625
9.01e-08 0.00123437
9.02e-08 -3.57628e-10
9.03e-08 -3.57628e-10
9.04e-08 0.00127344
9.05e-08 0.00216406
9.06e-08 0.00126562
9.07e-08 -0.000796875
9.08e-08 -0.002
9.09e-08 -0.000929688
9.1e-08 0.00117969
9.11e-08 0.00228125
9.12e-08 0.00150781
9.13e-08 -3.57628e-10
9.14e-08 -0.000625
9.15e-08 -0.000320313
9.16e-08 0.000195312
9.17e-08 0.00028125
9.18e-08 -3.57628e-10
9.19e-08 -0.00015625
9.2e-08 -8.59379e-05
9.21e-08 5.46871e-05
9.22e-08 8.59371e-05
9.23e-08 -3.57628e-10
9.24e-08 -0.000117188
9.25e-08 -0.000132813
9.26e-08 0.00021875
9.27e-08 0.001
9.28e-08 0.002
9.29e-08 0.00267969
9.3e-08 0.00251562
9.31e-08 0.00127344
9.32e-08 -0.000507813
9.33e-08 -0.002
9.34e-08 -0.00235938
9.35e-08 -0.00114063
9.36e-08 0.00126562
9.37e-08 0.00335937
9.38e-08 0.004
9.39e-08 0.00288281
9.4e-08 0.000914062
9.41e-08 -0.00065625
9.42e-08 -0.000875
9.43e-08 -3.57628e-10
9.44e-08 0.00116406
9.45e-08 0.00189062
9.46e-08 0.00196094
9.47e-08 0.0018125
9.48e-08 0.002
9.49e-08 0.0025
9.5e-08 0.00242187
9.51e-08 0.00128125
9.52e-08 -3.57628e-10
9.53e-08 -3.57628e-10
9.54e-08 0.00178125
9.55e-08 0.00364844
9.56e-08 0.00369531
9.57e-08 0.00185156
9.58e-08 -3.57628e-10
9.59e-08 -8.59379e-05
9.6e-08 0.00121875
9.61e-08 0.00249219
9.62e-08 0.00264844
9.63e-08 0.002
9.64e-08 0.00132031
9.65e-08 0.000507812
9.66e-08 -0.000632813
9.67e-08 -0.00167188
9.68e-08 -0.002
9.69e-08 -0.00132031
9.7e-08 -0.000367188
9.71e-08 0.00015625
9.72e-08 7.81246e-05
9.73e-08 -3.57628e-10
9.74e-08 0.000515625
9.75e-08 0.0015
9.76e-08 0.00238281
9.77e-08 0.00255469
9.78e-08 0.002
9.79e-08 0.00104687
9.8e-08 0.000242187
9.81e-08 -0.000140625
9.82e-08 -0.000109375
9.83e-08 -3.57628e-10
9.84e-08 -7.03129e-05
9.85e-08 -7.03129e-05
9.86e-08 0.000140625
9.87e-08 0.000296875
9.88e-08 -3.57628e-10
9.89e-08 -0.00084375
9.9e-08 -0.00175781
9.91e-08 -0.00203906
9.92e-08 -0.00132031
9.93e-08 -3.57628e-10
9.94e-08 0.00107812
9.95e-08 0.00075
9.96e-08 -0.00104688
9.97e-08 -0.0025625
9.98e-08 -0.002
9.99e-08 0.000929687
1e-07 0.00357031
1.001e-07 0.00353906
1.002e-07 0.00138281
1.003e-07 -3.57628e-10
1.004e-07 0.00139844
1.005e-07 0.00350781
1.006e-07 0.00360156
1.007e-07 0.0015625
1.008e-07 -3.57628e-10
1.009e-07 0.00110156
1.01e-07 0.00329687
1.011e-07 0.0039375
1.012e-07 0.00221094
1.013e-07 -3.57628e-10
1.014e-07 -0.000390625
1.015e-07 0.00102344
1.016e-07 0.00274219
1.017e-07 0.00311719
1.018e-07 0.002
1.019e-07 0.0001875
1.02e-07 -0.0015
1.021e-07 -0.00226563
1.022e-07 -0.00164063
1.023e-07 -3.57628e-10
1.024e-07 0.00169531
1.025e-07 0.0023125
1.026e-07 0.001375
1.027e-07 -0.000460938
1.028e-07 -0.002
1.029e-07 -0.00226563
1.03e-07 -0.00100781
1.031e-07 0.00102344
1.032e-07 0.00230469
1.033e-07 0.002
1.034e-07 0.000351562
1.035e-07 -0.00145313
1.036e-07 -0.00221094
1.037e-07 -0.00147656
1.038e-07 -3.57628e-10
1.039e-07 0.00103125
1.04e-07 0.000679687
1.041e-07 -0.000867188
1.042e-07 -0.00217969
1.043e-07 -0.002
1.044e-07 -0.000210938
1.045e-07 0.00157812
1.046e-07 0.00189844
1.047e-07 0.00084375
1.048e-07 -3.57628e-10
1.049e-07 0.000625
1.05e-07 0.00172656
1.051e-07 0.00178906
1.052e-07 0.000726562
1.053e-07 -3.57628e-10
1.054e-07 0.000757812
1.055e-07 0.00180469
1.056e-07 0.0016875
1.057e-07 0.000546875
1.058e-07 -3.57628e-10
1.059e-07 0.00107812
1.06e-07 0.00207812
1.061e-07 0.00125781
1.062e-07 -0.000851563
1.063e-07 -0.002
1.064e-07 -0.000625
1.065e-07 0.00141406
1.066e-07 0.00188281
1.067e-07 0.000703125
1.068e-07 -3.57628e-10
1.069e-07 0.00144531
1.07e-07 0.00347656
1.071e-07 0.00378125
1.072e-07 0.00196094
1.073e-07 -3.57628e-10
1.074e-07 -4.68754e-05
1.075e-07 0.00126562
1.076e-07 0.00235937
1.077e-07 0.00238281
1.078e-07 0.002
1.079e-07 0.00185937
1.08e-07 0.000953125
1.081e-07 -0.00136719
1.082e-07 -0.00369531
1.083e-07 -0.004
1.084e-07 -0.00146875
1.085e-07 0.00133594
1.086e-07 0.00179687
1.087e-07 -0.000140625
1.088e-07 -0.002
1.089e-07 -0.00158594
1.09e-07 -0.00034375
1.091e-07 -0.00028125
1.092e-07 -0.00148438
1.093e-07 -0.002
1.094e-07 -0.000289063
1.095e-07 0.00165625
1.096e-07 0.00154687
1.097e-07 -0.000492188
1.098e-07 -0.002
1.099e-07 -0.001
1.1e-07 0.00116406
1.101e-07 0.00221875
1.102e-07 0.00133594
1.103e-07 -3.57628e-10
1.104e-07 5.46871e-05
1.105e-07 0.00128906
1.106e-07 0.00242969
1.107e-07 0.00255469
1.108e-07 0.002
1.109e-07 0.00138281
1.11e-07 0.000507812
1.111e-07 -0.000617188
1.112e-07 -0.00108594
1.113e-07 -3.57628e-10
1.114e-07 0.00240625
1.115e-07 0.0040625
1.116e-07 0.00324219
1.117e-07 0.000476562
1.118e-07 -0.002
1.119e-07 -0.00229688
1.12e-07 -0.000890625
1.121e-07 0.000601562
1.122e-07 0.0008125
1.123e-07 -3.57628e-10
1.124e-07 -0.000632813
1.125e-07 -0.0004375
1.126e-07 0.000523437
1.127e-07 0.00153906
1.128e-07 0.002
1.129e-07 0.00160937
1.13e-07 0.0005625
1.131e-07 -0.00046875
1.132e-07 -0.0006875
1.133e-07 -3.57628e-10
1.134e-07 0.00105469
1.135e-07 0.001875
1.136e-07 0.00194531
1.137e-07 0.0011875
1.138e-07 -3.57628e-10
1.139e-07 -0.000859375
1.14e-07 -0.00059375
1.141e-07 0.000789062
1.142e-07 0.00207031
1.143e-07 0.002
1.144e-07 0.000320312
1.145e-07 -0.00154688
1.146e-07 -0.00196094
1.147e-07 -0.00040625
1.148e-07 0.002
1.149e-07 0.00367969
1.15e-07 0.00417969
1.151e-07 0.00374219
1.152e-07 0.00291406
1.153e-07 0.002
1.154e-07 0.001
1.155e-07 0.000226562
1.156e-07 -0.000140625
1.157e-07 -0.000132813
1.158e-07 -3.57628e-10
1.159e-07 7.03121e-05
1.16e-07 3.90621e-05
1.161e-07 -5.46879e-05
1.162e-07 -9.37504e-05
1.163e-07 -3.57628e-10
1.164e-07 0.000179687
1.165e-07 0.000125
1.166e-07 -0.000195313
1.167e-07 -0.000382813
1.168e-07 -3.57628e-10
1.169e-07 0.000992187
1.17e-07 0.00186719
1.171e-07 0.00184375
1.172e-07 0.000953125
1.173e-07 -3.57628e-10
1.174e-07 -0.000257813
1.175e-07 -9.37504e-05
1.176e-07 -5.46879e-05
1.177e-07 -0.000171875
1.178e-07 -3.57628e-10
1.179e-07 0.000625
1.18e-07 0.000515625
1.181e-07 -0.00090625
1.182e-07 -0.00238281
1.183e-07 -0.002
1.184e-07 0.000828125
1.185e-07 0.0035
1.186e-07 0.00361719
1.187e-07 0.00151562
1.188e-07 -3.57628e-10
1.189e-07 0.00117187
1.19e-07 0.00334375
1.191e-07 0.00386719
1.192e-07 0.00207031
1.193e-07 -3.57628e-10
1.194e-07 -0.000109375
1.195e-07 0.00124219
1.196e-07 0.00236719
1.197e-07 0.00235937
1.198e-07 0.002
1.199e-07 0.00217187
1.2e-07 0.00222656
1.201e-07 0.00146875
1.202e-07 0.00034375
1.203e-07 -3.57628e-10
1.204e-07 0.0009375
1.205e-07 0.0019375
1.206e-07 0.00160156
1.207e-07 -0.000148438
1.208e-07 -0.002
1.209e-07 -0.00244531
1.21e-07 -0.00111719
1.211e-07 0.00113281
1.212e-07 0.00249219
1.213e-07 0.002
1.214e-07 5.46871e-05
1.215e-07 -0.00167188
1.216e-07 -0.00185156
1.217e-07 -0.000765625
1.218e-07 -3.57628e-10
1.219e-07 -0.000640625
1.22e-07 -0.00176563
1.221e-07 -0.00178906
1.222e-07 -0.0001875
1.223e-07 0.002
1.224e-07 0.00314844
1.225e-07 0.00271094
1.226e-07 0.00120312
1.227e-07 1.56246e-05
1.228e-07 -3.57628e-10
1.229e-07 0.00103125
1.23e-07 0.0019375
1.231e-07 0.00167187
1.232e-07 0.000585937
1.233e-07 -3.57628e-10
1.234e-07 0.00075
1.235e-07 0.00178125
1.236e-07 0.00176562
1.237e-07 0.00071875
1.238e-07 -3.57628e-10
1.239e-07 0.0006875
1.24e-07 0.00174219
1.241e-07 0.00182031
1.242e-07 0.000820312
1.243e-07 -3.57628e-10
1.244e-07 0.000515625
1.245e-07 0.001625
1.246e-07 0.00200781
1.247e-07 0.0011875
1.248e-07 -3.57628e-10
1.249e-07 -0.000460938
1.25e-07 -0.000273438
1.251e-07 0.000203125
1.252e-07 0.000867187
1.253e-07 0.002
1.254e-07 0.00353906
1.255e-07 0.00425781
1.256e-07 0.00328906
1.257e-07 0.00133594
1.258e-07 -3.57628e-10
1.259e-07 0.000382812
1.26e-07 0.00151562
1.261e-07 0.00213281
1.262e-07 0.00196094
1.263e-07 0.002
1.264e-07 0.00301562
1.265e-07 0.00394531
1.266e-07 0.0035625
1.267e-07 0.00232812
1.268e-07 0.002
1.269e-07 0.00357031
1.27e-07 0.00548437
1.271e-07 0.00590625
1.272e-07 0.0048125
1.273e-07 0.004
1.274e-07 0.00478125
1.275e-07 0.00489844
1.276e-07 0.00214844
1.277e-07 -0.0019375
1.278e-07 -0.004
1.279e-07 -0.00319531
1.28e-07 -0.000835938
1.281e-07 -0.000460938
1.282e-07 -0.00110938
1.283e-07 0.002
1.284e-07 0.00932813
1.285e-07 0.0190313
1.286e-07 0.0228281
1.287e-07 0.014375
1.288e-07 -0.006
1.289e-07 -0.0351094
1.29e-07 -0.0677344
1.291e-07 -0.0990859
1.292e-07 -0.122297
1.293e-07 -0.138
1.294e-07 -0.144984
1.295e-07 -0.147031
1.296e-07 -0.143836
1.297e-07 -0.137266
1.298e-07 -0.13
1.299e-07 -0.119523
1.3e-07 -0.108367
1.301e-07 -0.094875
1.302e-07 -0.0813438
1.303e-07 -0.07
1.304e-07 -0.0606406
1.305e-07 -0.0532344
1.306e-07 -0.0469219
1.307e-07 -0.0414141
1.308e-07 -0.036
1.309e-07 -0.0325078
1.31e-07 -0.0304141
1.311e-07 -0.0300938
1.312e-07 -0.0305625
1.313e-07 -0.03
1.314e-07 -0.0292188
1.315e-07 -0.0292578
1.316e-07 -0.031375
1.317e-07 -0.0344766
1.318e-07 -0.036
1.319e-07 -0.0340938
1.32e-07 -0.0302344
1.321e-07 -0.0260781
1.322e-07 -0.0229375
1.323e-07 -0.02
1.324e-07 -0.0157813
1.325e-07 -0.0117188
1.326e-07 -0.0086875
1.327e-07 -0.00665625
1.328e-07 -0.004
1.329e-07 0.000539062
1.33e-07 0.00564062
1.331e-07 0.0098125
1.332e-07 0.0126641
1.333e-07 0.016
1.334e-07 0.020375
1.335e-07 0.0245469
1.336e-07 0.0266484
1.337e-07 0.0269297
1.338e-07 0.028
1.339e-07 0.0305547
1.34e-07 0.0333203
1.341e-07 0.0337188
1.342e-07 0.0317031
1.343e-07 0.03
1.344e-07 0.0300703
1.345e-07 0.0315234
1.346e-07 0.0317813
1.347e-07 0.0295703
1.348e-07 0.026
1.349e-07 0.0224141
1.35e-07 0.0193594
1.351e-07 0.0165703
1.352e-07 0.0146328
1.353e-07 0.014
1.354e-07 0.0143438
1.355e-07 0.0133984
1.356e-07 0.00996094
1.357e-07 0.00590625
1.358e-07 0.004
1.359e-07 0.00566406
1.36e-07 0.00779688
1.361e-07 0.00721875
1.362e-07 0.00370312
1.363e-07 -3.57628e-10
1.364e-07 -0.0005625
1.365e-07 0.00105469
1.366e-07 0.0025
1.367e-07 0.00199219
1.368e-07 -3.57628e-10
1.369e-07 -0.00146094
1.37e-07 -0.00211719
1.371e-07 -0.00173438
1.372e-07 -0.0003125
1.373e-07 0.002
1.374e-07 0.00502344
1.375e-07 0.00735156
1.376e-07 0.0083125
1.377e-07 0.00813281
1.378e-07 0.008
1.379e-07 0.0089375
1.38e-07 0.0108438
1.381e-07 0.0130313
1.382e-07 0.0147109
1.383e-07 0.016
1.384e-07 0.017
1.385e-07 0.0177344
1.386e-07 0.0180938
1.387e-07 0.0185938
1.388e-07 0.02
1.389e-07 0.0217813
1.39e-07 0.0225
1.391e-07 0.0208516
1.392e-07 0.0179141
1.393e-07 0.016
1.394e-07 0.0162344
1.395e-07 0.0175703
1.396e-07 0.0178672
1.397e-07 0.0162969
1.398e-07 0.014
1.399e-07 0.0124766
1.4e-07 0.0120313
1.401e-07 0.0118594
1.402e-07 0.0112109
1.403e-07 0.01
1.404e-07 0.00875781
1.405e-07 0.0080625
1.406e-07 0.00809375
1.407e-07 0.00833594
1.408e-07 0.008
1.409e-07 0.00670312
1.41e-07 0.00489062
1.411e-07 0.00328906
1.412e-07 0.00245312
1.413e-07 0.002
1.414e-07 0.00149219
1.415e-07 0.000539062
1.416e-07 -0.0005
1.417e-07 -0.000796875
1.418e-07 -3.57628e-10
1.419e-07 0.00160156
1.42e-07 0.00232031
1.421e-07 0.0011875
1.422e-07 -0.000890625
1.423e-07 -0.002
1.424e-07 -0.000773438
1.425e-07 0.00123437
1.426e-07 0.00224219
1.427e-07 0.002
1.428e-07 0.002
1.429e-07 0.00334375
1.43e-07 0.00423437
1.431e-07 0.00308594
1.432e-07 0.000796875
1.433e-07 -3.57628e-10
1.434e-07 0.00242187
1.435e-07 0.00635937
1.436e-07 0.00889844
1.437e-07 0.00834375
1.438e-07 0.006
1.439e-07 0.00425
1.44e-07 0.00482031
1.441e-07 0.00744531
1.442e-07 0.00982031
1.443e-07 0.01
1.444e-07 0.00755469
1.445e-07 0.00479687
1.446e-07 0.00386719
1.447e-07 0.0049375
1.448e-07 0.006
1.449e-07 0.0050625
1.45e-07 0.00292187
1.451e-07 0.00153906
1.452e-07 0.00216406
1.453e-07 0.004
1.454e-07 0.00529687
1.455e-07 0.00489062
1.456e-07 0.00286719
1.457e-07 0.000773437
1.458e-07 -3.57628e-10
1.459e-07 0.000882812
1.46e-07 0.00188281
1.461e-07 0.00163281
1.462e-07 0.000453125
1.463e-07 -3.57628e-10
1.464e-07 0.00146875
1.465e-07 0.00346094
1.466e-07 0.00392969
1.467e-07 0.00228125
1.468e-07 -3.57628e-10
1.469e-07 -0.000945313
1.47e-07 -0.00053125
1.471e-07 0.000414062
1.472e-07 0.00121875
1.473e-07 0.002
1.474e-07 0.002875
1.475e-07 0.00265625
1.476e-07 0.000960937
1.477e-07 -0.000601563
1.478e-07 -3.57628e-10
1.479e-07 0.00310937
1.48e-07 0.00574219
1.481e-07 0.00525
1.482e-07 0.00223437
1.483e-07 -3.57628e-10
1.484e-07 0.00115625
1.485e-07 0.00445312
1.486e-07 0.00685156
1.487e-07 0.00635937
1.488e-07 0.004
1.489e-07 0.00201562
1.49e-07 0.00160156
1.491e-07 0.00253125
1.492e-07 0.00363281
1.493e-07 0.004
1.494e-07 0.00335937
1.495e-07 0.00238281
1.496e-07 0.00179687
1.497e-07 0.00184375
1.498e-07 0.002
1.499e-07 0.00153906
1.5e-07 0.00053125
1.501e-07 -0.000429688
1.502e-07 -0.000617188
1.503e-07 -3.57628e-10
1.504e-07 0.00075
1.505e-07 0.000601562
1.506e-07 -0.000914063
1.507e-07 -0.00289063
1.508e-07 -0.004
1.509e-07 -0.00347656
1.51e-07 -0.00235938
1.511e-07 -0.00200781
1.512e-07 -0.00283594
1.513e-07 -0.004
1.514e-07 -0.00436719
1.515e-07 -0.00416406
1.516e-07 -0.00397656
1.517e-07 -0.00405469
1.518e-07 -0.004
1.519e-07 -0.00334375
1.52e-07 -0.00241406
1.521e-07 -0.00171875
1.522e-07 -0.00164844
1.523e-07 -0.002
1.524e-07 -0.00229688
1.525e-07 -0.00219531
1.526e-07 -0.00175781
1.527e-07 -0.00153906
1.528e-07 -0.002
1.529e-07 -0.00307031
1.53e-07 -0.00395313
1.531e-07 -0.00376563
1.532e-07 -0.00225
1.533e-07 -3.57628e-10
1.534e-07 0.00185156
1.535e-07 0.00234375
1.536e-07 0.00139062
1.537e-07 0.000179687
1.538e-07 -3.57628e-10
1.539e-07 0.00107031
1.54e-07 0.00202344
1.541e-07 0.00147656
1.542e-07 -0.000375
1.543e-07 -0.002
1.544e-07 -0.00204688
1.545e-07 -0.000773438
1.546e-07 0.000546875
1.547e-07 0.000757812
1.548e-07 -3.57628e-10
1.549e-07 -0.000710938
1.55e-07 -0.000515625
1.551e-07 0.000703125
1.552e-07 0.00192187
1.553e-07 0.002
1.554e-07 0.000546875
1.555e-07 -0.00135156
1.556e-07 -0.00224219
1.557e-07 -0.00151563
1.558e-07 -3.57628e-10
1.559e-07 0.00115625
1.56e-07 0.0018125
1.561e-07 0.00222656
1.562e-07 0.002375
1.563e-07 0.002
1.564e-07 0.000992187
1.565e-07 0.000117187
1.566e-07 0.00015625
1.567e-07 0.00104687
1.568e-07 0.002
1.569e-07 0.00230469
1.57e-07 0.00214062
1.571e-07 0.00192969
1.572e-07 0.00192969
1.573e-07 0.002
1.574e-07 0.00194531
1.575e-07 0.00189844
1.576e-07 0.00219531
1.577e-07 0.00296094
1.578e-07 0.004
1.579e-07 0.00477344
1.58e-07 0.00455469
1.581e-07 0.00320312
1.582e-07 0.00190625
1.583e-07 0.002
1.584e-07 0.00376562
1.585e-07 0.00558594
1.586e-07 0.00582812
1.587e-07 0.00469531
1.588e-07 0.004
1.589e-07 0.00492187
1.59e-07 0.00598437
1.591e-07 0.00536719
1.592e-07 0.00335937
1.593e-07 0.002
1.594e-07 0.00276562
1.595e-07 0.00392187
1.596e-07 0.00336719
1.597e-07 0.00130469
1.598e-07 -3.57628e-10
1.599e-07 0.00121875
1.6e-07 0.0033125
1.601e-07 0.004
1.602e-07 0.00292969
1.603e-07 0.002
1.604e-07 0.0028125
1.605e-07 0.00392187
1.606e-07 0.00342969
1.607e-07 0.00146094
1.608e-07 -3.57628e-10
1.609e-07 0.000578125
1.61e-07 0.00178125
1.611e-07 0.001625
1.612e-07 -0.000179688
1.613e-07 -0.002
1.614e-07 -0.00203906
1.615e-07 -0.000757813
1.616e-07 0.000492187
1.617e-07 0.000632812
1.618e-07 -3.57628e-10
1.619e-07 -0.000429688
1.62e-07 -0.000304688
1.621e-07 0.000351562
1.622e-07 0.00120312
1.623e-07 0.002
1.624e-07 0.00245312
1.625e-07 0.00232031
1.626e-07 0.0015625
1.627e-07 0.000617187
1.628e-07 -3.57628e-10
1.629e-07 -0.000148438
1.63e-07 -5.46879e-05
1.631e-07 -3.90629e-05
1.632e-07 -0.000117188
1.633e-07 -3.57628e-10
1.634e-07 0.000304687
1.635e-07 0.000273437
1.636e-07 -0.000460938
1.637e-07 -0.00148438
1.638e-07 -0.002
1.639e-07 -0.00146875
1.64e-07 -0.000414063
1.641e-07 0.000195312
1.642e-07 -0.000398438
1.643e-07 -0.002
1.644e-07 -0.00364844
1.645e-07 -0.00428906
1.646e-07 -0.00340625
1.647e-07 -0.00160938
1.648e-07 -3.57628e-10
1.649e-07 0.000632812
1.65e-07 0.000320312
1.651e-07 -0.00025
1.652e-07 -0.000382813
1.653e-07 -3.57628e-10
1.654e-07 0.000382812
1.655e-07 0.000296875
1.656e-07 -0.000445313
1.657e-07 -0.00141406
1.658e-07 -0.002
1.659e-07 -0.00175781
1.66e-07 -0.00071875
1.661e-07 0.0006875
1.662e-07 0.0016875
1.663e-07 0.002
1.664e-07 0.00158594
1.665e-07 0.000617187
1.666e-07 -0.000625
1.667e-07 -0.00159375
1.668e-07 -0.002
1.669e-07 -0.00169531
1.67e-07 -0.000695313
1.671e-07 0.000710937
1.672e-07 0.00175781
1.673e-07 0.002
1.674e-07 0.00138281
1.675e-07 0.000414062
1.676e-07 -0.000265625
1.677e-07 -0.000320313
1.678e-07 -3.57628e-10
1.679e-07 0.00021875
1.68e-07 0.000132812
1.681e-07 -0.000171875
1.682e-07 -0.000320313
1.683e-07 -3.57628e-10
1.684e-07 0.00078125
1.685e-07 0.00165625
1.686e-07 0.00220312
1.687e-07 0.00223437
1.688e-07 0.002
1.689e-07 0.001625
1.69e-07 0.000703125
1.691e-07 -0.000890625
1.692e-07 -0.00216406
1.693e-07 -0.002
1.694e-07 -0.0001875
1.695e-07 0.00160937
1.696e-07 0.00182812
1.697e-07 0.000710937
1.698e-07 -3.57628e-10
1.699e-07 0.000882812
1.7e-07 0.00194531
1.701e-07 0.00146875
1.702e-07 -0.000445313
1.703e-07 -0.002
1.704e-07 -0.00161719
1.705e-07 -0.00040625
1.706e-07 -8.59379e-05
1.707e-07 -0.00105469
1.708e-07 -0.002
1.709e-07 -0.00158594
1.71e-07 -0.000484375
1.711e-07 0.00015625
1.712e-07 2.34371e-05
1.713e-07 -3.57628e-10
1.714e-07 0.000890625
1.715e-07 0.00183594
1.716e-07 0.00178906
1.717e-07 0.0008125
1.718e-07 -3.57628e-10
1.719e-07 0.000109375
1.72e-07 0.00021875
1.721e-07 -0.000585938
1.722e-07 -0.00179688
1.723e-07 -0.002
1.724e-07 -0.000398438
1.725e-07 0.00148437
1.726e-07 0.00196094
1.727e-07 0.000929687
1.728e-07 -3.57628e-10
1.729e-07 0.000554687
1.73e-07 0.00167187
1.731e-07 0.00188281
1.732e-07 0.000921875
1.733e-07 -3.57628e-10
1.734e-07 0.000375
1.735e-07 0.00149219
1.736e-07 0.0021875
1.737e-07 0.00210156
1.738e-07 0.002
1.739e-07 0.00240625
1.74e-07 0.00238281
1.741e-07 0.00125781
1.742e-07 -6.25004e-05
1.743e-07 -3.57628e-10
1.744e-07 0.00198437
1.745e-07 0.00384375
1.746e-07 0.00339844
1.747e-07 0.00071875
1.748e-07 -0.002
1.749e-07 -0.00253125
1.75e-07 -0.00108594
1.751e-07 0.000859375
1.752e-07 0.001875
1.753e-07 0.002
1.754e-07 0.00203125
1.755e-07 0.00203125
1.756e-07 0.00189844
1.757e-07 0.00179687
1.758e-07 0.002
1.759e-07 0.00246094
1.76e-07 0.00238281
1.761e-07 0.00133594
1.762e-07 0.000125
1.763e-07 -3.57628e-10
1.764e-07 0.00150781
1.765e-07 0.00336719
1.766e-07 0.00416406
1.767e-07 0.00392187
1.768e-07 0.004
1.769e-07 0.00499219
1.77e-07 0.00492187
1.771e-07 0.00232031
1.772e-07 -0.0010625
1.773e-07 -0.002
1.774e-07 0.00108594
1.775e-07 0.00497656
1.776e-07 0.00580469
1.777e-07 0.00304687
1.778e-07 -3.57628e-10
1.779e-07 -0.00015625
1.78e-07 0.00134375
1.781e-07 0.00197656
1.782e-07 0.000953125
1.783e-07 -3.57628e-10
1.784e-07 0.000867187
1.785e-07 0.00196875
1.786e-07 0.00134375
1.787e-07 -0.00071875
1.788e-07 -0.002
1.789e-07 -0.00078125
1.79e-07 0.00129687
1.791e-07 0.0020625
1.792e-07 0.00105469
1.793e-07 -3.57628e-10
1.794e-07 0.000492187
1.795e-07 0.00164062
1.796e-07 0.00189844
1.797e-07 0.0009375
1.798e-07 -3.57628e-10
1.799e-07 0.000320312
1.8e-07 0.00148437
1.801e-07 0.00222656
1.802e-07 0.001625
1.803e-07 -3.57628e-10
1.804e-07 -0.00160938
1.805e-07 -0.00221094
1.806e-07 -0.00154688
1.807e-07 -0.0004375
1.808e-07 -3.57628e-10
1.809e-07 -0.000695313
1.81e-07 -0.00171875
1.811e-07 -0.00197656
1.812e-07 -0.00115625
1.813e-07 -3.57628e-10
1.814e-07 0.000601562
1.815e-07 0.00034375
1.816e-07 -0.000359375
1.817e-07 -0.000609375
1.818e-07 -3.57628e-10
1.819e-07 0.000976562
1.82e-07 0.000742187
1.821e-07 -0.0011875
1.822e-07 -0.00290625
1.823e-07 -0.002
1.824e-07 0.00197656
1.825e-07 0.00552344
1.826e-07 0.00521875
1.827e-07 0.0014375
1.828e-07 -0.002
1.829e-07 -0.0018125
1.83e-07 0.000734375
1.831e-07 0.00257812
1.832e-07 0.00192187
1.833e-07 -3.57628e-10
1.834e-07 -0.000945313
1.835e-07 -0.000515625
1.836e-07 0.00040625
1.837e-07 0.000632812
1.838e-07 -3.57628e-10
1.839e-07 -0.000789063
1.84e-07 -0.000640625
1.841e-07 0.000960937
1.842e-07 0.00300781
1.843e-07 0.004
1.844e-07 0.00297656
1.845e-07 0.0009375
1.846e-07 -0.000585938
1.847e-07 -0.000679688
1.848e-07 -3.57628e-10
1.849e-07 0.000359375
1.85e-07 0.0001875
1.851e-07 -0.000148438
1.852e-07 -0.00021875
1.853e-07 -3.57628e-10
1.854e-07 0.0001875
1.855e-07 0.000117187
1.856e-07 -0.00015625
1.857e-07 -0.0003125
1.858e-07 -3.57628e-10
1.859e-07 0.000859375
1.86e-07 0.00176562
1.861e-07 0.00200781
1.862e-07 0.00129687
1.863e-07 -3.57628e-10
1.864e-07 -0.00121875
1.865e-07 -0.00194531
1.866e-07 -0.00192969
1.867e-07 -0.00119531
1.868e-07 -3.57628e-10
1.869e-07 0.00122656
1.87e-07 0.00196094
1.871e-07 0.00184375
1.872e-07 0.001
1.873e-07 -3.57628e-10
1.874e-07 -0.000546875
1.875e-07 -0.000367188
1.876e-07 0.0004375
1.877e-07 0.001375
1.878e-07 0.002
1.879e-07 0.00190625
1.88e-07 0.000835937
1.881e-07 -0.000929688
1.882e-07 -0.0021875
1.883e-07 -0.002
1.884e-07 -0.0003125
1.885e-07 0.00150781
1.886e-07 0.00203125
1.887e-07 0.00111719
1.888e-07 -3.57628e-10
1.889e-07 -0.000195313
1.89e-07 -2.34379e-05
1.891e-07 -0.000257813
1.892e-07 -0.000601563
1.893e-07 -3.57628e-10
1.894e-07 0.00178125
1.895e-07 0.00255469
1.896e-07 0.000671875
1.897e-07 -0.00251563
1.898e-07 -0.004
1.899e-07 -0.00203906
1.9e-07 0.00102344
1.901e-07 0.00207031
1.902e-07 0.000296875
1.903e-07 -0.002
1.904e-07 -0.00215625
1.905e-07 -0.00078125
1.906e-07 0.000359375
1.907e-07 0.000335937
1.908e-07 -3.57628e-10
1.909e-07 0.000335937
1.91e-07 0.000359375
1.911e-07 -0.000773438
1.912e-07 -0.00215625
1.913e-07 -0.002
1.914e-07 0.000484375
1.915e-07 0.00325781
1.916e-07 0.00399219
1.917e-07 0.00227344
1.918e-07 -3.57628e-10
1.919e-07 -0.000820313
1.92e-07 -0.000382813
1.921e-07 0.000125
1.922e-07 5.46871e-05
1.923e-07 -3.57628e-10
1.924e-07 0.00071875
1.925e-07 0.00166406
1.926e-07 0.00207812
1.927e-07 0.00194531
1.928e-07 0.002
1.929e-07 0.00257812
1.93e-07 0.00253906
1.931e-07 0.00103125
1.932e-07 -0.00104688
1.933e-07 -0.002
1.934e-07 -0.000820313
1.935e-07 0.0011875
1.936e-07 0.00234375
1.937e-07 0.00220312
1.938e-07 0.002
1.939e-07 0.0028125
1.94e-07 0.00384375
1.941e-07 0.00371094
1.942e-07 0.0020625
1.943e-07 -3.57628e-10
1.944e-07 -0.000984375
1.945e-07 -0.00059375
1.946e-07 0.000578125
1.947e-07 0.00157031
1.948e-07 0.002
1.949e-07 0.00175
1.95e-07 0.0006875
1.951e-07 -0.00071875
1.952e-07 -0.00121094
1.953e-07 -3.57628e-10
1.954e-07 0.00251562
1.955e-07 0.004125
1.956e-07 0.00317969
1.957e-07 0.000375
1.958e-07 -0.002
1.959e-07 -0.00210938
1.96e-07 -0.000757813
1.961e-07 0.000367187
1.962e-07 0.000351562
1.963e-07 -3.57628e-10
1.964e-07 0.000515625
1.965e-07 0.00154687
1.966e-07 0.00220312
1.967e-07 0.00214844
1.968e-07 0.002
1.969e-07 0.00222656
1.97e-07 0.00224219
1.971e-07 0.0015
1.972e-07 0.000421875
1.973e-07 -3.57628e-10
1.974e-07 0.000726562
1.975e-07 0.00174219
1.976e-07 0.00192187
1.977e-07 0.00105469
1.978e-07 -3.57628e-10
1.979e-07 -0.00034375
1.98e-07 -0.00015625
1.981e-07 2.34371e-05
1.982e-07 -3.12504e-05
1.983e-07 -3.57628e-10
1.984e-07 0.000578125
1.985e-07 0.00153125
1.986e-07 0.00235156
1.987e-07 0.00250781
1.988e-07 0.002
1.989e-07 0.00113281
1.99e-07 0.000296875
1.991e-07 -0.00021875
1.992e-07 -0.000265625
1.993e-07 -3.57628e-10
1.994e-07 0.000265625
1.995e-07 0.000179687
1.996e-07 -0.000265625
1.997e-07 -0.0005
1.998e-07 -3.57628e-10
1.999e-07 0.00117187
2e-07 0.00199219
2.001e-07 0.00165625
2.002e-07 0.000578125
2.003e-07 -3.57628e-10
2.004e-07 0.000710937
2.005e-07 0.00175
2.006e-07 0.00185156
2.007e-07 0.000898437
2.008e-07 -3.57628e-10
2.009e-07 6.24996e-05
2.01e-07 0.000195312
2.011e-07 -0.000578125
2.012e-07 -0.00180469
2.013e-07 -0.002
2.014e-07 -0.000328125
2.015e-07 0.00153906
2.016e-07 0.00185937
2.017e-07 0.000734375
2.018e-07 -3.57628e-10
2.019e-07 0.0009375
2.02e-07 0.00198437
2.021e-07 0.00138281
2.022e-07 -0.000625
2.023e-07 -0.002
2.024e-07 -0.00103125
2.025e-07 0.00111719
2.026e-07 0.00232031
2.027e-07 0.00157031
2.028e-07 -3.57628e-10
2.029e-07 -0.000742188
2.03e-07 -0.000445313
2.031e-07 0.000382812
2.032e-07 0.00119531
2.033e-07 0.002
2.034e-07 0.00276562
2.035e-07 0.00261719
2.036e-07 0.00103125
2.037e-07 -0.001
2.038e-07 -0.002
2.039e-07 -0.00130469
2.04e-07 -0.000273438
2.041e-07 -0.000140625
2.042e-07 -0.000554688
2.043e-07 -3.57628e-10
2.044e-07 0.00221875
2.045e-07 0.00399219
2.046e-07 0.0031875
2.047e-07 0.000296875
2.048e-07 -0.002
2.049e-07 -0.00145313
2.05e-07 0.00084375
2.051e-07 0.002625
2.052e-07 0.00267187
2.053e-07 0.002
2.054e-07 0.00196875
2.055e-07 0.00211719
2.056e-07 0.00155469
2.057e-07 0.000476562
2.058e-07 -3.57628e-10
2.059e-07 0.000851562
2.06e-07 0.00184375
2.061e-07 0.00170312
2.062e-07 0.000617187
2.063e-07 -3.57628e-10
2.064e-07 0.0008125
2.065e-07 0.00183594
2.066e-07 0.00167969
2.067e-07 0.000546875
2.068e-07 -3.57628e-10
2.069e-07 0.00102344
2.07e-07 0.00203906
2.071e-07 0.00133594
2.072e-07 -0.000703125
2.073e-07 -0.002
2.074e-07 -0.000960938
2.075e-07 0.00116406
2.076e-07 0.00228906
2.077e-07 0.00150781
2.078e-07 -3.57628e-10
2.079e-07 -0.00065625
2.08e-07 -0.00034375
2.081e-07 0.000234375
2.082e-07 0.000351562
2.083e-07 -3.57628e-10
2.084e-07 -0.000335938
2.085e-07 -0.000226563
2.086e-07 0.000328125
2.087e-07 0.000632812
2.088e-07 -3.57628e-10
2.089e-07 -0.00144531
2.09e-07 -0.00224219
2.091e-07 -0.00126563
2.092e-07 0.00075
2.093e-07 0.002
2.094e-07 0.001375
2.095e-07 0.000210937
2.096e-07 0.000304687
2.097e-07 0.00203125
2.098e-07 0.004
2.099e-07 0.00439844
2.1e-07 0.0030625
2.101e-07 0.000992187
2.102e-07 -0.000210938
2.103e-07 -3.57628e-10
2.104e-07 0.00108594
2.105e-07 0.0019375
2.106e-07 0.00175781
2.107e-07 0.000773437
2.108e-07 -3.57628e-10
2.109e-07 0.000273437
2.11e-07 0.00138281
2.111e-07 0.00242969
2.112e-07 0.00258594
2.113e-07 0.002
2.114e-07 0.00147656
2.115e-07 0.00161719
2.116e-07 0.00248437
2.117e-07 0.0035
2.118e-07 0.004
2.119e-07 0.00333594
2.12e-07 0.0013125
2.121e-07 -0.00133594
2.122e-07 -0.00278906
2.123e-07 -0.002
2.124e-07 0.000734375
2.125e-07 0.00336719
2.126e-07 0.00400781
2.127e-07 0.00235937
2.128e-07 -3.57628e-10
2.129e-07 -0.00119531
2.13e-07 -0.00071875
2.131e-07 0.000726562
2.132e-07 0.00182031
2.133e-07 0.002
2.134e-07 0.00167969
2.135e-07 0.00170312
2.136e-07 0.00248437
2.137e-07 0.00353906
2.138e-07 0.004
2.139e-07 0.00310156
2.14e-07 0.00108594
2.141e-07 -0.0009375
2.142e-07 -0.00142969
2.143e-07 -3.57628e-10
2.144e-07 0.00245312
2.145e-07 0.00400781
2.146e-07 0.00342969
2.147e-07 0.00144531
2.148e-07 -3.57628e-10
2.149e-07 0.000375
2.15e-07 0.00157812
2.151e-07 0.00198437
2.152e-07 0.00108594
2.153e-07 -3.57628e-10
2.154e-07 0.000117187
2.155e-07 0.00130469
2.156e-07 0.00250781
2.157e-07 0.00271875
2.158e-07 0.002
2.159e-07 0.000960937
2.16e-07 0.0001875
2.161e-07 -5.46879e-05
2.162e-07 3.90621e-05
2.163e-07 -3.57628e-10
2.164e-07 -0.000296875
2.165e-07 -0.000273438
2.166e-07 0.00046875
2.167e-07 0.00150781
2.168e-07 0.002
2.169e-07 0.00142969
2.17e-07 0.000382812
2.171e-07 -0.00015625
2.172e-07 0.0005
2.173e-07 0.002
2.174e-07 0.00323437
2.175e-07 0.00289844
2.176e-07 0.000734375
2.177e-07 -0.00153125
2.178e-07 -0.002
2.179e-07 -0.00025
2.18e-07 0.00166406
2.181e-07 0.00163281
2.182e-07 -0.0003125
2.183e-07 -0.002
2.184e-07 -0.00140625
2.185e-07 0.000859375
2.186e-07 0.00271094
2.187e-07 0.00233594
2.188e-07 -3.57628e-10
2.189e-07 -0.00261719
2.19e-07 -0.00403906
2.191e-07 -0.00358594
2.192e-07 -0.0018125
2.193e-07 -3.57628e-10
2.194e-07 0.000828125
2.195e-07 0.000453125
2.196e-07 -0.000421875
2.197e-07 -0.000710938
2.198e-07 -3.57628e-10
2.199e-07 0.00122656
2.2e-07 0.002
2.201e-07 0.00171875
2.202e-07 0.00071875
2.203e-07 -3.57628e-10
2.204e-07 0.000304687
2.205e-07 0.00140625
2.206e-07 0.002375
2.207e-07 0.0025
2.208e-07 0.002
2.209e-07 0.00135937
2.21e-07 0.000476562
2.211e-07 -0.0005625
2.212e-07 -0.000945313
2.213e-07 -3.57628e-10
2.214e-07 0.0019375
2.215e-07 0.002625
2.216e-07 0.000679687
2.217e-07 -0.00246094
2.218e-07 -0.004
2.219e-07 -0.00223438
2.22e-07 0.000835937
2.221e-07 0.00239844
2.222e-07 0.0015
2.223e-07 -3.57628e-10
2.224e-07 0.000117187
2.225e-07 0.00136719
2.226e-07 0.00222656
2.227e-07 0.00211719
2.228e-07 0.002
2.229e-07 0.00259375
2.23e-07 0.00258594
2.231e-07 0.000882812
2.232e-07 -0.001375
2.233e-07 -0.002
2.234e-07 -9.37504e-05
2.235e-07 0.00185156
2.236e-07 0.00124219
2.237e-07 -0.00165625
2.238e-07 -0.004
2.239e-07 -0.00332813
2.24e-07 -0.00105469
2.241e-07 0.000445312
2.242e-07 0.000304687
2.243e-07 -3.57628e-10
2.244e-07 0.00107031
2.245e-07 0.0020625
2.246e-07 0.00127344
2.247e-07 -0.000820313
2.248e-07 -0.002
2.249e-07 -0.000664063
