-2.5e-08 0.000468754
-2.49e-08 -0.000617184
-2.48e-08 -0.000999996
-2.47e-08 -0.000242184
-2.46e-08 0.000757816
-2.45e-08 0.000906254
-2.44e-08 2.34413e-05
-2.43e-08 -0.000999996
-2.42e-08 -0.00121875
-2.41e-08 -0.0010625
-2.4e-08 -0.00114062
-2.39e-08 -0.00135156
-2.38e-08 -0.000999996
-2.37e-08 0.000273441
-2.36e-08 0.00109375
-2.35e-08 0.000429691
-2.34e-08 -0.000898434
-2.33e-08 -0.000999996
-2.32e-08 0.000992191
-2.31e-08 0.00282813
-2.3e-08 0.00234375
-2.29e-08 0.000148441
-2.28e-08 -0.000999996
-2.27e-08 0.000664066
-2.26e-08 0.00270313
-2.25e-08 0.00232032
-2.24e-08 3.8147e-09
-2.23e-08 -0.000999996
-2.22e-08 0.00144532
-2.21e-08 0.00441407
-2.2e-08 0.00439844
-2.19e-08 0.00141407
-2.18e-08 -0.000999996
-2.17e-08 2.34413e-05
-2.16e-08 0.00236719
-2.15e-08 0.00267188
-2.14e-08 7.03163e-05
-2.13e-08 -0.003
-2.12e-08 -0.003625
-2.11e-08 -0.00207031
-2.1e-08 -0.000249996
-2.09e-08 6.25038e-05
-2.08e-08 -0.000999996
-2.07e-08 -0.002
-2.06e-08 -0.00175781
-2.05e-08 6.25038e-05
-2.04e-08 0.00216407
-2.03e-08 0.003
-2.02e-08 0.00183594
-2.01e-08 -0.000164059
-2e-08 -0.00142968
-1.99e-08 -0.00139062
-1.98e-08 -0.000999996
-1.97e-08 -0.00123437
-1.96e-08 -0.00132812
-1.95e-08 -0.000304684
-1.94e-08 0.00154688
-1.93e-08 0.003
-1.92e-08 0.00290625
-1.91e-08 0.00169532
-1.9e-08 0.000492191
-1.89e-08 0.000304691
-1.88e-08 0.001
-1.87e-08 0.00167188
-1.86e-08 0.00149219
-1.85e-08 0.000304691
-1.84e-08 -0.000898434
-1.83e-08 -0.000999996
-1.82e-08 0.000343754
-1.81e-08 0.00226563
-1.8e-08 0.003375
-1.79e-08 0.00278125
-1.78e-08 0.001
-1.77e-08 -0.000695309
-1.76e-08 -0.00125
-1.75e-08 -0.000539059
-1.74e-08 0.000546879
-1.73e-08 0.001
-1.72e-08 0.000414066
-1.71e-08 -0.000632809
-1.7e-08 -0.00113281
-1.69e-08 -0.000460934
-1.68e-08 0.001
-1.67e-08 0.00215625
-1.66e-08 0.00182813
-1.65e-08 -0.000117184
-1.64e-08 -0.00225
-1.63e-08 -0.003
-1.62e-08 -0.00175781
-1.61e-08 0.000203129
-1.6e-08 0.00138282
-1.59e-08 0.00129688
-1.58e-08 0.001
-1.57e-08 0.00153125
-1.56e-08 0.00259375
-1.55e-08 0.00313282
-1.54e-08 0.00244532
-1.53e-08 0.001
-1.52e-08 -9.37462e-05
-1.51e-08 0.000265629
-1.5e-08 0.00195313
-1.49e-08 0.003375
-1.48e-08 0.003
-1.47e-08 0.000500004
-1.46e-08 -0.00225
-1.45e-08 -0.00308593
-1.44e-08 -0.00146875
-1.43e-08 0.001
-1.42e-08 0.00225782
-1.41e-08 0.00175
-1.4e-08 0.000226566
-1.39e-08 -0.000906246
-1.38e-08 -0.000999996
-1.37e-08 -0.000242184
-1.36e-08 0.000671879
-1.35e-08 0.00115625
-1.34e-08 0.00110938
-1.33e-08 0.001
-1.32e-08 0.00117188
-1.31e-08 0.00120313
-1.3e-08 0.000562504
-1.29e-08 -0.000453121
-1.28e-08 -0.000999996
-1.27e-08 -0.000453121
-1.26e-08 0.000562504
-1.25e-08 0.00120313
-1.24e-08 0.00116407
-1.23e-08 0.001
-1.22e-08 0.00119532
-1.21e-08 0.00122657
-1.2e-08 0.000523441
-1.19e-08 -0.000531246
-1.18e-08 -0.000999996
-1.17e-08 -0.000273434
-1.16e-08 0.000703129
-1.15e-08 0.000945316
-1.14e-08 0.000648441
-1.13e-08 0.001
-1.12e-08 0.00250782
-1.11e-08 0.00333594
-1.1e-08 0.00197657
-1.09e-08 -0.000359371
-1.08e-08 -0.000999996
-1.07e-08 0.00121094
-1.06e-08 0.00310157
-1.05e-08 0.00176563
-1.04e-08 -0.001625
-1.03e-08 -0.003
-1.02e-08 0.000148441
-1.01e-08 0.004125
-1e-08 0.00442969
-9.9e-09 0.000687504
-9.8e-09 -0.003
-9.7e-09 -0.00272656
-9.6e-09 -0.000164059
-9.5e-09 0.0013125
-9.4e-09 0.000351566
-9.3e-09 -0.000999996
-9.2e-09 -0.000179684
-9.1e-09 0.00202344
-9e-09 0.0034375
-8.9e-09 0.00279688
-8.8e-09 0.001
-8.7e-09 -0.000382809
-8.6e-09 -0.00100781
-8.5e-09 -0.000984371
-8.4e-09 -0.000351559
-8.3e-09 0.001
-8.2e-09 0.00264063
-8.1e-09 0.00332813
-8e-09 0.00221094
-7.9e-09 0.000187504
-7.8e-09 -0.000999996
-7.7e-09 -0.000351559
-7.6e-09 0.000750004
-7.5e-09 0.000773441
-7.4e-09 -0.000273434
-7.3e-09 -0.000999996
-7.2e-09 -0.000507809
-7.1e-09 -0.000421871
-7e-09 -0.00224218
-6.9e-09 -0.00471093
-6.8e-09 -0.005
-6.7e-09 -0.00148437
-6.6e-09 0.00324219
-6.5e-09 0.00577344
-6.4e-09 0.00496875
-6.3e-09 0.003
-6.2e-09 0.00192969
-6.1e-09 0.000406254
-6e-09 -0.00310937
-5.9e-09 -0.00721093
-5.8e-09 -0.009
-5.7e-09 -0.00653906
-5.6e-09 -0.00253125
-5.5e-09 -0.000414059
-5.4e-09 -0.00132812
-5.3e-09 -0.003
-5.2e-09 -0.00283593
-5.1e-09 -0.00160156
-5e-09 -0.000812496
-4.9e-09 -0.000992184
-4.8e-09 -0.000999996
-4.7e-09 0.000421879
-4.6e-09 0.00234375
-4.5e-09 0.00319532
-4.4e-09 0.00240625
-4.3e-09 0.001
-4.2e-09 0.000242191
-4.1e-09 0.000531254
-4e-09 0.00146094
-3.9e-09 0.00236719
-3.8e-09 0.003
-3.7e-09 0.00328907
-3.6e-09 0.00317188
-3.5e-09 0.00276563
-3.4e-09 0.00257813
-3.3e-09 0.003
-3.2e-09 0.0036875
-3.1e-09 0.00357813
-3e-09 0.0020625
-2.9e-09 3.12538e-05
-2.8e-09 -0.000999996
-2.7e-09 -0.000101559
-2.6e-09 0.00196875
-2.5e-09 0.00371875
-2.4e-09 0.00396094
-2.3e-09 0.003
-2.2e-09 0.00182813
-2.1e-09 0.00110938
-2e-09 0.000992191
-1.9e-09 0.00110938
-1.8e-09 0.001
-1.7e-09 0.000617191
-1.6e-09 0.000671879
-1.5e-09 0.00154688
-1.4e-09 0.00265625
-1.3e-09 0.003
-1.2e-09 0.00214844
-1.1e-09 0.00117188
-1e-09 0.00119532
-9e-10 0.00221094
-8e-10 0.003
-7e-10 0.0023125
-6e-10 0.000210941
-5e-10 -0.00207812
-4e-10 -0.0026875
-3e-10 -0.000999996
-2e-10 0.00210938
-1e-10 0.00458594
0 0.00477344
1e-10 0.00294532
2e-10 0.001
3e-10 0.000468754
4e-10 0.000843754
5e-10 0.000820316
6e-10 -5.46837e-05
7e-10 -0.000999996
8e-10 -0.00107812
9e-10 -0.000914059
1e-09 -0.00138281
1.1e-09 -0.00240625
1.2e-09 -0.003
1.3e-09 -0.00239062
1.4e-09 -0.00138281
1.5e-09 -0.000882809
1.6e-09 -0.00102343
1.7e-09 -0.000999996
1.8e-09 -0.000124996
1.9e-09 0.000820316
2e-09 0.000835941
2.1e-09 -9.37462e-05
2.2e-09 -0.000999996
2.3e-09 -0.00110156
2.4e-09 -0.000976559
2.5e-09 -0.00126562
2.6e-09 -0.00160937
2.7e-09 -0.000999996
2.8e-09 0.000937504
2.9e-09 0.00270313
3e-09 0.00272657
3.1e-09 0.000960941
3.2e-09 -0.000999996
3.3e-09 -0.001625
3.4e-09 -0.00127343
3.5e-09 -0.000968746
3.6e-09 -0.00109375
3.7e-09 -0.000999996
3.8e-09 -9.37462e-05
3.9e-09 0.000796879
4e-09 0.000875004
4.1e-09 0.000531254
4.2e-09 0.001
4.3e-09 0.00258594
4.4e-09 0.00341407
4.5e-09 0.00189063
4.6e-09 -0.00107031
4.7e-09 -0.003
4.8e-09 -0.00214062
4.9e-09 7.81288e-05
5e-09 0.00132813
5.1e-09 0.000546879
5.2e-09 -0.000999996
5.3e-09 -0.0015625
5.4e-09 -0.00125781
5.5e-09 -0.000937496
5.6e-09 -0.00101562
5.7e-09 -0.000999996
5.8e-09 -0.000273434
5.9e-09 0.000656254
6e-09 0.00111719
6.1e-09 0.00102344
6.2e-09 0.001
6.3e-09 0.00138282
6.4e-09 0.00135157
6.5e-09 0.000343754
6.6e-09 -0.000859371
6.7e-09 -0.000999996
6.8e-09 0.000335941
6.9e-09 0.00122657
7e-09 0.000101566
7.1e-09 -0.00214062
7.2e-09 -0.003
7.3e-09 -0.000906246
7.4e-09 0.00202344
7.5e-09 0.00317969
7.6e-09 0.00210938
7.7e-09 0.001
7.8e-09 0.00176563
7.9e-09 0.00290625
8e-09 0.00239844
8.1e-09 0.000367191
8.2e-09 -0.000999996
8.3e-09 3.90663e-05
8.4e-09 0.00217188
8.5e-09 0.00324219
8.6e-09 0.00239844
8.7e-09 0.001
8.8e-09 0.000804691
8.9e-09 0.00208594
9e-09 0.0038125
9.1e-09 0.0043125
9.2e-09 0.003
9.3e-09 0.000625004
9.4e-09 -0.000953121
9.5e-09 -0.000531246
9.6e-09 0.00136719
9.7e-09 0.003
9.8e-09 0.00291407
9.9e-09 0.00163282
1e-08 0.000671879
1.01e-08 0.00124219
1.02e-08 0.003
1.03e-08 0.00445313
1.04e-08 0.00407813
1.05e-08 0.0015
1.06e-08 -0.00153906
1.07e-08 -0.003
1.08e-08 -0.00196875
1.09e-08 0.000117191
1.1e-08 0.00138282
1.11e-08 0.00125782
1.12e-08 0.001
1.13e-08 0.0018125
1.14e-08 0.00285157
1.15e-08 0.00267969
1.16e-08 0.001
1.17e-08 -0.000999996
1.18e-08 -0.00183593
1.19e-08 -0.0014375
1.2e-08 -0.000664059
1.21e-08 -0.000460934
1.22e-08 -0.000999996
1.23e-08 -0.00189062
1.24e-08 -0.00276562
1.25e-08 -0.00308593
1.26e-08 -0.00246093
1.27e-08 -0.000999996
1.28e-08 0.000632816
1.29e-08 0.00128907
1.3e-08 0.000375004
1.31e-08 -0.00146093
1.32e-08 -0.003
1.33e-08 -0.00323437
1.34e-08 -0.00199218
1.35e-08 -2.34337e-05
1.36e-08 0.00119532
1.37e-08 0.001
1.38e-08 -0.000218746
1.39e-08 -0.00103906
1.4e-08 -0.000601559
1.41e-08 0.000546879
1.42e-08 0.001
1.43e-08 -0.000164059
1.44e-08 -0.00217187
1.45e-08 -0.00347656
1.46e-08 -0.0029375
1.47e-08 -0.000999996
1.48e-08 0.000929691
1.49e-08 0.00142188
1.5e-08 0.000250004
1.51e-08 -0.00111718
1.52e-08 -0.000999996
1.53e-08 0.000945316
1.54e-08 0.00276563
1.55e-08 0.00253907
1.56e-08 0.000546879
1.57e-08 -0.000999996
1.58e-08 -0.000203121
1.59e-08 0.00200782
1.6e-08 0.00346875
1.61e-08 0.00285938
1.62e-08 0.001
1.63e-08 -0.000492184
1.64e-08 -0.00107812
1.65e-08 -0.000898434
1.66e-08 -0.000187496
1.67e-08 0.001
1.68e-08 0.00239844
1.69e-08 0.00310157
1.7e-08 0.00258594
1.71e-08 0.0015
1.72e-08 0.001
1.73e-08 0.0014375
1.74e-08 0.00148438
1.75e-08 4.68788e-05
1.76e-08 -0.00205468
1.77e-08 -0.003
1.78e-08 -0.00165625
1.79e-08 0.000359379
1.8e-08 0.00103907
1.81e-08 3.90663e-05
1.82e-08 -0.000999996
1.83e-08 -0.000523434
1.84e-08 0.000625004
1.85e-08 0.000945316
1.86e-08 2.34413e-05
1.87e-08 -0.000999996
1.88e-08 -0.000804684
1.89e-08 0.000351566
1.9e-08 0.00142969
1.91e-08 0.00158594
1.92e-08 0.001
1.93e-08 0.000210941
1.94e-08 -0.000624996
1.95e-08 -0.001375
1.96e-08 -0.00158593
1.97e-08 -0.000999996
1.98e-08 0.000187504
1.99e-08 0.000992191
2e-08 0.000687504
2.01e-08 -0.000343746
2.02e-08 -0.000999996
2.03e-08 -0.000515621
2.04e-08 0.000531254
2.05e-08 0.00121875
2.06e-08 0.00117969
2.07e-08 0.001
2.08e-08 0.00121094
2.09e-08 0.00123438
2.1e-08 0.000492191
2.11e-08 -0.000593746
2.12e-08 -0.000999996
2.13e-08 -0.000164059
2.14e-08 0.000820316
2.15e-08 0.000781254
2.16e-08 -0.000234371
2.17e-08 -0.000999996
2.18e-08 -0.000476559
2.19e-08 0.000570316
2.2e-08 0.001125
2.21e-08 0.000976566
2.22e-08 0.001
2.23e-08 0.00185157
2.24e-08 0.00280469
2.25e-08 0.00285157
2.26e-08 0.00192188
2.27e-08 0.001
2.28e-08 0.00108594
2.29e-08 0.00225
2.3e-08 0.00364063
2.31e-08 0.00401563
2.32e-08 0.003
2.33e-08 0.00101563
2.34e-08 -0.000648434
2.35e-08 -0.000984371
2.36e-08 -7.81212e-05
2.37e-08 0.001
2.38e-08 0.00128125
2.39e-08 0.00110157
2.4e-08 0.0010625
2.41e-08 0.00122657
2.42e-08 0.001
2.43e-08 2.34413e-05
2.44e-08 -0.000874996
2.45e-08 -0.000789059
2.46e-08 0.000187504
2.47e-08 0.001
2.48e-08 0.000718754
2.49e-08 -0.000390621
2.5e-08 -0.00145312
2.51e-08 -0.00164062
2.52e-08 -0.000999996
2.53e-08 -3.90587e-05
2.54e-08 0.000750004
2.55e-08 0.00114844
2.56e-08 0.00114844
2.57e-08 0.001
2.58e-08 0.000937504
2.59e-08 0.000968754
2.6e-08 0.000984379
2.61e-08 0.000960941
2.62e-08 0.001
2.63e-08 0.001125
2.64e-08 0.00109375
2.65e-08 0.000812504
2.66e-08 0.000617191
2.67e-08 0.001
2.68e-08 0.00196094
2.69e-08 0.00284375
2.7e-08 0.002875
2.71e-08 0.002
2.72e-08 0.001
2.73e-08 0.000601566
2.74e-08 0.000796879
2.75e-08 0.00110938
2.76e-08 0.00117188
2.77e-08 0.001
2.78e-08 0.000648441
2.79e-08 -0.000296871
2.8e-08 -0.00182031
2.81e-08 -0.00301562
2.82e-08 -0.003
2.83e-08 -0.0015
2.84e-08 0.000367191
2.85e-08 0.00125
2.86e-08 0.000539066
2.87e-08 -0.000999996
2.88e-08 -0.00198437
2.89e-08 -0.0016875
2.9e-08 -0.000164059
2.91e-08 0.00167188
2.92e-08 0.003
2.93e-08 0.00323438
2.94e-08 0.00202344
2.95e-08 -0.000148434
2.96e-08 -0.00157031
2.97e-08 -0.000999996
2.98e-08 0.00124219
2.99e-08 0.0029375
3e-08 0.00239063
3.01e-08 0.000296879
3.02e-08 -0.000999996
3.03e-08 7.03163e-05
3.04e-08 0.00223438
3.05e-08 0.00314063
3.06e-08 0.00164844
3.07e-08 -0.000999996
3.08e-08 -0.0025625
3.09e-08 -0.00201562
3.1e-08 0.000171879
3.11e-08 0.00226563
3.12e-08 0.003
3.13e-08 0.00203907
3.14e-08 1.56288e-05
3.15e-08 -0.00180468
3.16e-08 -0.00215625
3.17e-08 -0.000999996
3.18e-08 0.000687504
3.19e-08 0.00130469
3.2e-08 0.000304691
3.21e-08 -0.0010625
3.22e-08 -0.000999996
3.23e-08 0.00103125
3.24e-08 0.00283594
3.25e-08 0.00238282
3.26e-08 0.000226566
3.27e-08 -0.000999996
3.28e-08 0.000453129
3.29e-08 0.00253907
3.3e-08 0.00260157
3.31e-08 0.000562504
3.32e-08 -0.000999996
3.33e-08 0.000101566
3.34e-08 0.00228907
3.35e-08 0.00296094
3.36e-08 0.00127344
3.37e-08 -0.000999996
3.38e-08 -0.00173437
3.39e-08 -0.00132031
3.4e-08 -0.000960934
3.41e-08 -0.00109375
3.42e-08 -0.000999996
3.43e-08 1.56288e-05
3.44e-08 0.000914066
3.45e-08 0.000687504
3.46e-08 -0.000382809
3.47e-08 -0.000999996
3.48e-08 -0.000281246
3.49e-08 0.000757816
3.5e-08 0.000820316
3.51e-08 -0.000179684
3.52e-08 -0.000999996
3.53e-08 -0.000554684
3.54e-08 0.000531254
3.55e-08 0.00115625
3.56e-08 0.00103907
3.57e-08 0.001
3.58e-08 0.00157032
3.59e-08 0.00154688
3.6e-08 -1.56212e-05
3.61e-08 -0.00215625
3.62e-08 -0.003
3.63e-08 -0.00152343
3.64e-08 0.000445316
3.65e-08 0.000921879
3.66e-08 -0.000195309
3.67e-08 -0.000999996
3.68e-08 0.000140629
3.69e-08 0.00219532
3.7e-08 0.00329688
3.71e-08 0.00254688
3.72e-08 0.001
3.73e-08 0.000179691
3.74e-08 0.000539066
3.75e-08 0.00142188
3.76e-08 0.00171875
3.77e-08 0.001
3.78e-08 -0.000312496
3.79e-08 -0.00107812
3.8e-08 -0.000578121
3.81e-08 0.000578129
3.82e-08 0.001
3.83e-08 -0.000218746
3.84e-08 -0.00221093
3.85e-08 -0.00338281
3.86e-08 -0.00277343
3.87e-08 -0.000999996
3.88e-08 0.000867191
3.89e-08 0.00242188
3.9e-08 0.00352344
3.91e-08 0.00378125
3.92e-08 0.003
3.93e-08 0.00128125
3.94e-08 -0.000460934
3.95e-08 -0.00126562
3.96e-08 -0.000617184
3.97e-08 0.001
3.98e-08 0.0025625
3.99e-08 0.00317969
4e-08 0.00257032
4.01e-08 0.00148438
4.02e-08 0.001
4.03e-08 0.00158594
4.04e-08 0.00263282
4.05e-08 0.00308594
4.06e-08 0.00239063
4.07e-08 0.001
4.08e-08 -0.000226559
4.09e-08 -0.000921871
4.1e-08 -0.00103906
4.11e-08 -0.000421871
4.12e-08 0.001
4.13e-08 0.00279688
4.14e-08 0.00342969
4.15e-08 0.00207032
4.16e-08 -7.03087e-05
4.17e-08 -0.000999996
4.18e-08 0.000101566
4.19e-08 0.001125
4.2e-08 0.000164066
4.21e-08 -0.00207031
4.22e-08 -0.003
4.23e-08 -0.000898434
4.24e-08 0.00208594
4.25e-08 0.00304688
4.26e-08 0.00126563
4.27e-08 -0.000999996
4.28e-08 -0.0011875
4.29e-08 0.000195316
4.3e-08 0.00141407
4.31e-08 0.00144532
4.32e-08 0.001
4.33e-08 0.00110157
4.34e-08 0.00114844
4.35e-08 0.000554691
4.36e-08 6.25038e-05
4.37e-08 0.001
4.38e-08 0.00353907
4.39e-08 0.00519532
4.4e-08 0.00392969
4.41e-08 0.000835941
4.42e-08 -0.000999996
4.43e-08 0.000328129
4.44e-08 0.00248438
4.45e-08 0.00260938
4.46e-08 0.000554691
4.47e-08 -0.000999996
4.48e-08 0.000195316
4.49e-08 0.00236719
4.5e-08 0.00284375
4.51e-08 0.00100782
4.52e-08 -0.000999996
4.53e-08 -0.000718746
4.54e-08 0.00160938
4.55e-08 0.00407813
4.56e-08 0.00458594
4.57e-08 0.003
4.58e-08 0.000570316
4.59e-08 -0.000968746
4.6e-08 -0.000585934
4.61e-08 0.00124219
4.62e-08 0.003
4.63e-08 0.00323438
4.64e-08 0.00196094
4.65e-08 0.000132816
4.66e-08 -0.000953121
4.67e-08 -0.000999996
4.68e-08 -0.000351559
4.69e-08 0.000570316
4.7e-08 0.00135938
4.71e-08 0.00153907
4.72e-08 0.001
4.73e-08 2.34413e-05
4.74e-08 -0.000820309
4.75e-08 -0.00102343
4.76e-08 -0.000335934
4.77e-08 0.001
4.78e-08 0.00240625
4.79e-08 0.00309375
4.8e-08 0.00264844
4.81e-08 0.00164063
4.82e-08 0.001
4.83e-08 0.00107032
4.84e-08 0.00116407
4.85e-08 0.000570316
4.86e-08 -0.000460934
4.87e-08 -0.000999996
4.88e-08 -0.000414059
4.89e-08 0.000640629
4.9e-08 0.00104688
4.91e-08 0.000296879
4.92e-08 -0.000999996
4.93e-08 -0.00171093
4.94e-08 -0.00146093
4.95e-08 -0.000476559
4.96e-08 0.000515629
4.97e-08 0.001
4.98e-08 0.000718754
4.99e-08 -0.000343746
5e-08 -0.00166406
5.01e-08 -0.00210937
5.02e-08 -0.000999996
5.03e-08 0.00127344
5.04e-08 0.00290625
5.05e-08 0.00250782
5.06e-08 0.000593754
5.07e-08 -0.000999996
5.08e-08 -0.00108593
5.09e-08 -0.000851559
5.1e-08 -0.00160937
5.11e-08 -0.00292187
5.12e-08 -0.003
5.13e-08 -0.000679684
5.14e-08 0.00216407
5.15e-08 0.00308594
5.16e-08 0.00142188
5.17e-08 -0.000999996
5.18e-08 -0.002
5.19e-08 -0.0015625
5.2e-08 -0.000570309
5.21e-08 0.000226566
5.22e-08 0.001
5.23e-08 0.00203907
5.24e-08 0.002875
5.25e-08 0.00285157
5.26e-08 0.00197657
5.27e-08 0.001
5.28e-08 0.000578129
5.29e-08 0.000773441
5.3e-08 0.00116407
5.31e-08 0.00127344
5.32e-08 0.001
5.33e-08 0.000406254
5.34e-08 -0.000507809
5.35e-08 -0.00150781
5.36e-08 -0.00182812
5.37e-08 -0.000999996
5.38e-08 0.000625004
5.39e-08 0.00134375
5.4e-08 0.000140629
5.41e-08 -0.00197656
5.42e-08 -0.003
5.43e-08 -0.00171093
5.44e-08 0.000320316
5.45e-08 0.00109375
5.46e-08 0.000148441
5.47e-08 -0.000999996
5.48e-08 -0.000703121
5.49e-08 0.000453129
5.5e-08 0.00120313
5.51e-08 0.00109375
5.52e-08 0.001
5.53e-08 0.00178907
5.54e-08 0.00276563
5.55e-08 0.00288282
5.56e-08 0.00198438
5.57e-08 0.001
5.58e-08 0.000742191
5.59e-08 0.000906254
5.6e-08 0.000921879
5.61e-08 0.000773441
5.62e-08 0.001
5.63e-08 0.00191407
5.64e-08 0.00282813
5.65e-08 0.00286719
5.66e-08 0.00198438
5.67e-08 0.001
5.68e-08 0.000710941
5.69e-08 0.000882816
5.7e-08 0.000968754
5.71e-08 0.000875004
5.72e-08 0.001
5.73e-08 0.00148438
5.74e-08 0.00142188
5.75e-08 0.000242191
5.76e-08 -0.00107812
5.77e-08 -0.000999996
5.78e-08 0.001
5.79e-08 0.00280469
5.8e-08 0.00246875
5.81e-08 0.000429691
5.82e-08 -0.000999996
5.83e-08 -0.000210934
5.84e-08 0.000945316
5.85e-08 0.000304691
5.86e-08 -0.00183593
5.87e-08 -0.003
5.88e-08 -0.00122656
5.89e-08 0.0018125
5.9e-08 0.00345313
5.91e-08 0.00264063
5.92e-08 0.001
5.93e-08 0.000507816
5.94e-08 0.000843754
5.95e-08 0.000867191
5.96e-08 4.68788e-05
5.97e-08 -0.000999996
5.98e-08 -0.00138281
5.99e-08 -0.0011875
6e-08 -0.000898434
6.01e-08 -0.000882809
6.02e-08 -0.000999996
6.03e-08 -0.000749996
6.04e-08 0.000250004
6.05e-08 0.00182813
6.06e-08 0.00301563
6.07e-08 0.003
6.08e-08 0.001625
6.09e-08 -0.000273434
6.1e-08 -0.0014375
6.11e-08 -0.000914059
6.12e-08 0.001
6.13e-08 0.003
6.14e-08 0.00353125
6.15e-08 0.00202344
6.16e-08 -0.000140621
6.17e-08 -0.000999996
6.18e-08 0.000296879
6.19e-08 0.00230469
6.2e-08 0.00315625
6.21e-08 0.00228907
6.22e-08 0.001
6.23e-08 0.000742191
6.24e-08 0.001
6.25e-08 0.000648441
6.26e-08 -0.000382809
6.27e-08 -0.000999996
6.28e-08 -0.000304684
6.29e-08 0.000687504
6.3e-08 0.000945316
6.31e-08 0.000648441
6.32e-08 0.001
6.33e-08 0.0025
6.34e-08 0.00335157
6.35e-08 0.00196875
6.36e-08 -0.000921871
6.37e-08 -0.003
6.38e-08 -0.00239843
6.39e-08 -0.000148434
6.4e-08 0.00167969
6.41e-08 0.00179688
6.42e-08 0.001
6.43e-08 0.000687504
6.44e-08 0.000859379
6.45e-08 0.001
6.46e-08 0.000921879
6.47e-08 0.001
6.48e-08 0.00142969
6.49e-08 0.001375
6.5e-08 0.000328129
6.51e-08 -0.000906246
6.52e-08 -0.000999996
6.53e-08 0.000593754
6.54e-08 0.00246875
6.55e-08 0.00300782
6.56e-08 0.00205469
6.57e-08 0.001
6.58e-08 0.00101563
6.59e-08 0.00117969
6.6e-08 0.000398441
6.61e-08 -0.000851559
6.62e-08 -0.000999996
6.63e-08 0.000828129
6.64e-08 0.00270313
6.65e-08 0.0025625
6.66e-08 0.000593754
6.67e-08 -0.000999996
6.68e-08 -0.000507809
6.69e-08 0.000679691
6.7e-08 0.000757816
6.71e-08 -0.000374996
6.72e-08 -0.000999996
6.73e-08 0.000335941
6.74e-08 0.002375
6.75e-08 0.00301563
6.76e-08 0.00144532
6.77e-08 -0.000999996
6.78e-08 -0.00233593
6.79e-08 -0.00186718
6.8e-08 -2.34337e-05
6.81e-08 0.00189063
6.82e-08 0.003
6.83e-08 0.00292969
6.84e-08 0.0018125
6.85e-08 0.000179691
6.86e-08 -0.000921871
6.87e-08 -0.000999996
6.88e-08 -0.000187496
6.89e-08 0.000710941
6.9e-08 0.00108594
6.91e-08 0.000992191
6.92e-08 0.001
6.93e-08 0.00138282
6.94e-08 0.00135157
6.95e-08 0.000335941
6.96e-08 -0.000914059
6.97e-08 -0.000999996
6.98e-08 0.000695316
6.99e-08 0.00253907
7e-08 0.002875
7.01e-08 0.00178125
7.02e-08 0.001
7.03e-08 0.00180469
7.04e-08 0.00289844
7.05e-08 0.0025
7.06e-08 0.000617191
7.07e-08 -0.000999996
7.08e-08 -0.000726559
7.09e-08 0.000468754
7.1e-08 0.00110938
7.11e-08 0.000890629
7.12e-08 0.001
7.13e-08 0.00224219
7.14e-08 0.00314063
7.15e-08 0.00225782
7.16e-08 0.000179691
7.17e-08 -0.000999996
7.18e-08 0.000179691
7.19e-08 0.00226563
7.2e-08 0.003125
7.21e-08 0.00221094
7.22e-08 0.001
7.23e-08 0.000906254
7.24e-08 0.00111719
7.25e-08 0.000460941
7.26e-08 -0.000742184
7.27e-08 -0.000999996
7.28e-08 0.000640629
7.29e-08 0.0025625
7.3e-08 0.00280469
7.31e-08 0.00107813
7.32e-08 -0.000999996
7.33e-08 -0.00172656
7.34e-08 -0.00135156
7.35e-08 -0.000828121
7.36e-08 -0.000820309
7.37e-08 -0.000999996
7.38e-08 -0.000671871
7.39e-08 0.000367191
7.4e-08 0.00158594
7.41e-08 0.00194532
7.42e-08 0.001
7.43e-08 -0.000726559
7.44e-08 -0.00141406
7.45e-08 -4.68712e-05
7.46e-08 0.00217969
7.47e-08 0.003
7.48e-08 0.00110938
7.49e-08 -0.00185937
7.5e-08 -0.00351562
7.51e-08 -0.00278906
7.52e-08 -0.000999996
7.53e-08 -7.81212e-05
7.54e-08 -0.000492184
7.55e-08 -0.0014375
7.56e-08 -0.00172656
7.57e-08 -0.000999996
7.58e-08 0.000242191
7.59e-08 0.00100782
7.6e-08 0.000718754
7.61e-08 -0.000265621
7.62e-08 -0.000999996
7.63e-08 -0.000710934
7.64e-08 0.000390629
7.65e-08 0.00144532
7.66e-08 0.00161719
7.67e-08 0.001
7.68e-08 0.000304691
7.69e-08 0.000492191
7.7e-08 0.00171094
7.71e-08 0.0029375
7.72e-08 0.003
7.73e-08 0.0014375
7.74e-08 -0.000437496
7.75e-08 -0.00111718
7.76e-08 -0.000257809
7.77e-08 0.001
7.78e-08 0.00139063
7.79e-08 0.00116407
7.8e-08 0.00100782
7.81e-08 0.001125
7.82e-08 0.001
7.83e-08 0.000148441
7.84e-08 -0.000789059
7.85e-08 -0.000937496
7.86e-08 -0.000117184
7.87e-08 0.001
7.88e-08 0.00158594
7.89e-08 0.00138282
7.9e-08 0.000562504
7.91e-08 -0.000343746
7.92e-08 -0.000999996
7.93e-08 -0.00128906
7.94e-08 -0.00121093
7.95e-08 -0.000734371
7.96e-08 3.90663e-05
7.97e-08 0.001
7.98e-08 0.00200782
7.99e-08 0.00282032
8e-08 0.00303907
8.01e-08 0.002375
8.02e-08 0.001
8.03e-08 -0.000515621
8.04e-08 -0.00121093
8.05e-08 -0.000492184
8.06e-08 0.00124219
8.07e-08 0.003
8.08e-08 0.00378907
8.09e-08 0.00348438
8.1e-08 0.00247657
8.11e-08 0.00152344
8.12e-08 0.001
8.13e-08 0.000859379
8.14e-08 0.000929691
8.15e-08 0.00105469
8.16e-08 0.00108594
8.17e-08 0.001
8.18e-08 0.000882816
8.19e-08 0.000921879
8.2e-08 0.00110157
8.21e-08 0.0011875
8.22e-08 0.001
8.23e-08 0.000632816
8.24e-08 0.000687504
8.25e-08 0.00150782
8.26e-08 0.0025625
8.27e-08 0.003
8.28e-08 0.00233594
8.29e-08 0.00135157
8.3e-08 0.000898441
8.31e-08 0.00103907
8.32e-08 0.001
8.33e-08 0.000171879
8.34e-08 -0.000781246
8.35e-08 -0.000937496
8.36e-08 -0.000101559
8.37e-08 0.001
8.38e-08 0.00147657
8.39e-08 0.00125
8.4e-08 0.000789066
8.41e-08 0.000671879
8.42e-08 0.001
8.43e-08 0.0014375
8.44e-08 0.00135157
8.45e-08 0.000453129
8.46e-08 -0.000632809
8.47e-08 -0.000999996
8.48e-08 -0.000273434
8.49e-08 0.000695316
8.5e-08 0.001
8.51e-08 0.000757816
8.52e-08 0.001
8.53e-08 0.00220313
8.54e-08 0.00310157
8.55e-08 0.00238282
8.56e-08 0.000445316
8.57e-08 -0.000999996
8.58e-08 -0.000656246
8.59e-08 0.000554691
8.6e-08 0.00102344
8.61e-08 0.000179691
8.62e-08 -0.000999996
8.63e-08 -0.00129687
8.64e-08 -0.00110156
8.65e-08 -0.00111718
8.66e-08 -0.00132812
8.67e-08 -0.000999996
8.68e-08 0.000273441
8.69e-08 0.00109375
8.7e-08 0.000445316
8.71e-08 -0.000867184
8.72e-08 -0.000999996
8.73e-08 0.000867191
8.74e-08 0.00273438
8.75e-08 0.00252344
8.76e-08 0.000500004
8.77e-08 -0.000999996
8.78e-08 -7.81212e-05
8.79e-08 0.00210157
8.8e-08 0.00330469
8.81e-08 0.00252344
8.82e-08 0.001
8.83e-08 0.000414066
8.84e-08 0.000718754
8.85e-08 0.00108594
8.86e-08 0.00104688
8.87e-08 0.001
8.88e-08 0.00132032
8.89e-08 0.00130469
8.9e-08 0.000421879
8.91e-08 -0.000710934
8.92e-08 -0.000999996
8.93e-08 -3.12462e-05
8.94e-08 0.000906254
8.95e-08 0.000679691
8.96e-08 -0.000429684
8.97e-08 -0.000999996
8.98e-08 0.000109379
8.99e-08 0.00214063
9e-08 0.00346094
9.01e-08 0.00291407
9.02e-08 0.001
9.03e-08 -0.000867184
9.04e-08 -0.00141406
9.05e-08 -0.000289059
9.06e-08 0.00160157
9.07e-08 0.003
9.08e-08 0.00298438
9.09e-08 0.00180469
9.1e-08 0.000289066
9.11e-08 -0.000671871
9.12e-08 -0.000999996
9.13e-08 -0.00109375
9.14e-08 -0.0010625
9.15e-08 -0.000898434
9.16e-08 -0.000796871
9.17e-08 -0.000999996
9.18e-08 -0.00134375
9.19e-08 -0.00128906
9.2e-08 -0.000562496
9.21e-08 0.000421879
9.22e-08 0.001
9.23e-08 0.000742191
9.24e-08 -0.000382809
9.25e-08 -0.00155468
9.26e-08 -0.0013125
9.27e-08 0.001
9.28e-08 0.00433594
9.29e-08 0.00571094
9.3e-08 0.00332032
9.31e-08 -0.000835934
9.32e-08 -0.003
9.33e-08 -0.00108593
9.34e-08 0.0020625
9.35e-08 0.00286719
9.36e-08 0.000828129
9.37e-08 -0.000999996
9.38e-08 0.000156254
9.39e-08 0.002375
9.4e-08 0.00271875
9.41e-08 0.000726566
9.42e-08 -0.000999996
9.43e-08 -3.12462e-05
9.44e-08 0.00216407
9.45e-08 0.00315625
9.46e-08 0.00220313
9.47e-08 0.001
9.48e-08 0.00130469
9.49e-08 0.00250782
9.5e-08 0.00309375
9.51e-08 0.00232032
9.52e-08 0.001
9.53e-08 0.000351566
9.54e-08 0.000640629
9.55e-08 0.0013125
9.56e-08 0.00153125
9.57e-08 0.001
9.58e-08 3.8147e-09
9.59e-08 -0.000859371
9.6e-08 -0.000937496
9.61e-08 -0.000140621
9.62e-08 0.001
9.63e-08 0.00174219
9.64e-08 0.0015
9.65e-08 0.000359379
9.66e-08 -0.000757809
9.67e-08 -0.000999996
9.68e-08 -0.000164059
9.69e-08 0.000750004
9.7e-08 0.000953129
9.71e-08 0.000679691
9.72e-08 0.001
9.73e-08 0.00234375
9.74e-08 0.00320313
9.75e-08 0.00220313
9.76e-08 7.81288e-05
9.77e-08 -0.000999996
9.78e-08 0.000312504
9.79e-08 0.00235938
9.8e-08 0.00297657
9.81e-08 0.00190625
9.82e-08 0.001
9.83e-08 0.00177344
9.84e-08 0.00289063
9.85e-08 0.00249219
9.86e-08 0.000578129
9.87e-08 -0.000999996
9.88e-08 -0.000593746
9.89e-08 0.000617191
9.9e-08 0.000859379
9.91e-08 -0.000156246
9.92e-08 -0.000999996
9.93e-08 -0.000359371
9.94e-08 0.000679691
9.95e-08 0.000898441
9.96e-08 0.000507816
9.97e-08 0.001
9.98e-08 0.003125
9.99e-08 0.00491407
1e-07 0.0043125
1.001e-07 0.0015625
1.002e-07 -0.000999996
1.003e-07 -0.00134375
1.004e-07 8.59413e-05
1.005e-07 0.00159375
1.006e-07 0.00179688
1.007e-07 0.001
1.008e-07 0.000367191
1.009e-07 0.000601566
1.01e-07 0.00146875
1.011e-07 0.00188282
1.012e-07 0.001
1.013e-07 -0.00102343
1.014e-07 -0.00274218
1.015e-07 -0.00274218
1.016e-07 -0.00102343
1.017e-07 0.001
1.018e-07 0.00182813
1.019e-07 0.00142969
1.02e-07 0.000664066
1.021e-07 0.000492191
1.022e-07 0.001
1.023e-07 0.00158594
1.024e-07 0.0014375
1.025e-07 0.000359379
1.026e-07 -0.000796871
1.027e-07 -0.000999996
1.028e-07 3.8147e-09
1.029e-07 0.000929691
1.03e-07 0.000625004
1.031e-07 -0.000539059
1.032e-07 -0.000999996
1.033e-07 0.000328129
1.034e-07 0.00230469
1.035e-07 0.00320313
1.036e-07 0.00239844
1.037e-07 0.001
1.038e-07 0.000445316
1.039e-07 0.000734379
1.04e-07 0.00110938
1.041e-07 0.00111719
1.042e-07 0.001
1.043e-07 0.00108594
1.044e-07 0.00108594
1.045e-07 0.000781254
1.046e-07 0.000554691
1.047e-07 0.001
1.048e-07 0.00217188
1.049e-07 0.00303907
1.05e-07 0.00257813
1.051e-07 0.000875004
1.052e-07 -0.000999996
1.053e-07 -0.00184375
1.054e-07 -0.0015
1.055e-07 -0.000531246
1.056e-07 0.000359379
1.057e-07 0.001
1.058e-07 0.00145313
1.059e-07 0.00129688
1.06e-07 0.000554691
1.061e-07 0.000148441
1.062e-07 0.001
1.063e-07 0.00289063
1.064e-07 0.00360157
1.065e-07 0.00167188
1.066e-07 -0.00147656
1.067e-07 -0.003
1.068e-07 -0.0011875
1.069e-07 0.00186719
1.07e-07 0.0033125
1.071e-07 0.00233594
1.072e-07 0.001
1.073e-07 0.00142969
1.074e-07 0.00263282
1.075e-07 0.0028125
1.076e-07 0.00173438
1.077e-07 0.001
1.078e-07 0.00190625
1.079e-07 0.00296875
1.08e-07 0.00239063
1.081e-07 0.000406254
1.082e-07 -0.000999996
1.083e-07 -0.000390621
1.084e-07 0.000750004
1.085e-07 0.000687504
1.086e-07 -0.000492184
1.087e-07 -0.000999996
1.088e-07 0.000523441
1.089e-07 0.00250782
1.09e-07 0.00282813
1.091e-07 0.00107032
1.092e-07 -0.000999996
1.093e-07 -0.00134375
1.094e-07 -7.80869e-06
1.095e-07 0.00185157
1.096e-07 0.00291407
1.097e-07 0.003
1.098e-07 0.00250782
1.099e-07 0.00158594
1.1e-07 0.000343754
1.101e-07 -0.000671871
1.102e-07 -0.000999996
1.103e-07 -0.000499996
1.104e-07 0.000453129
1.105e-07 0.00146875
1.106e-07 0.00228125
1.107e-07 0.003
1.108e-07 0.00355469
1.109e-07 0.00346094
1.11e-07 0.00228907
1.111e-07 0.000500004
1.112e-07 -0.000999996
1.113e-07 -0.00150781
1.114e-07 -0.00128906
1.115e-07 -0.000789059
1.116e-07 -0.000117184
1.117e-07 0.001
1.118e-07 0.00246875
1.119e-07 0.00321094
1.12e-07 0.00238282
1.121e-07 0.000515629
1.122e-07 -0.000999996
1.123e-07 -0.000984371
1.124e-07 0.000250004
1.125e-07 0.00155469
1.126e-07 0.0018125
1.127e-07 0.001
1.128e-07 -0.000164059
1.129e-07 -0.000937496
1.13e-07 -0.000914059
1.131e-07 -0.000132809
1.132e-07 0.001
1.133e-07 0.001875
1.134e-07 0.00161719
1.135e-07 0.000117191
1.136e-07 -0.00122656
1.137e-07 -0.000999996
1.138e-07 0.000828129
1.139e-07 0.00157032
1.14e-07 -0.000390621
1.141e-07 -0.00308593
1.142e-07 -0.003
1.143e-07 0.00117969
1.144e-07 0.00482032
1.145e-07 0.00351563
1.146e-07 -0.00161718
1.147e-07 -0.005
1.148e-07 -0.00239062
1.149e-07 0.00291407
1.15e-07 0.00565625
1.151e-07 0.00389844
1.152e-07 0.001
1.153e-07 0.000828129
1.154e-07 0.00239063
1.155e-07 0.00285157
1.156e-07 0.00111719
1.157e-07 -0.000999996
1.158e-07 -0.00120312
1.159e-07 0.000156254
1.16e-07 0.00155469
1.161e-07 0.00175782
1.162e-07 0.001
1.163e-07 9.37538e-05
1.164e-07 -0.000695309
1.165e-07 -0.00129687
1.166e-07 -0.00145312
1.167e-07 -0.000999996
1.168e-07 4.68788e-05
1.169e-07 0.000851566
1.17e-07 0.000921879
1.171e-07 0.000695316
1.172e-07 0.001
1.173e-07 0.00189063
1.174e-07 0.00175782
1.175e-07 -0.000289059
1.176e-07 -0.00270312
1.177e-07 -0.003
1.178e-07 3.8147e-09
1.179e-07 0.00378907
1.18e-07 0.00527344
1.181e-07 0.00358594
1.182e-07 0.001
1.183e-07 5.46913e-05
1.184e-07 0.000554691
1.185e-07 0.00115625
1.186e-07 0.00110157
1.187e-07 0.001
1.188e-07 0.00167969
1.189e-07 0.00267969
1.19e-07 0.00304688
1.191e-07 0.00232032
1.192e-07 0.001
1.193e-07 2.34413e-05
1.194e-07 0.000328129
1.195e-07 0.00189844
1.196e-07 0.00326563
1.197e-07 0.003
1.198e-07 0.000929691
1.199e-07 -0.000835934
1.2e-07 -0.000492184
1.201e-07 0.00153125
1.202e-07 0.003
1.203e-07 0.00210938
1.204e-07 -7.03087e-05
1.205e-07 -0.00141406
1.206e-07 -0.000726559
1.207e-07 0.001
1.208e-07 0.00201563
1.209e-07 0.00164063
1.21e-07 0.000281254
1.211e-07 -0.000859371
1.212e-07 -0.000999996
1.213e-07 -0.000109371
1.214e-07 0.000796879
1.215e-07 0.000882816
1.216e-07 0.000546879
1.217e-07 0.001
1.218e-07 0.00260938
1.219e-07 0.00339844
1.22e-07 0.00189063
1.221e-07 -0.000523434
1.222e-07 -0.000999996
1.223e-07 0.00175782
1.224e-07 0.00463282
1.225e-07 0.00417969
1.226e-07 0.000460941
1.227e-07 -0.003
1.228e-07 -0.00292187
1.229e-07 -0.000390621
1.23e-07 0.00178125
1.231e-07 0.00188282
1.232e-07 0.001
1.233e-07 0.000914066
1.234e-07 0.00109375
1.235e-07 0.000539066
1.236e-07 -0.000570309
1.237e-07 -0.000999996
1.238e-07 -2.34337e-05
1.239e-07 0.000929691
1.24e-07 0.000601566
1.241e-07 -0.000601559
1.242e-07 -0.000999996
1.243e-07 0.000445316
1.244e-07 0.00242969
1.245e-07 0.00299219
1.246e-07 0.00142188
1.247e-07 -0.000999996
1.248e-07 -0.00230468
1.249e-07 -0.00184375
1.25e-07 -7.81212e-05
1.251e-07 0.00178907
1.252e-07 0.003
1.253e-07 0.00310157
1.254e-07 0.00203907
1.255e-07 -0.000546871
1.256e-07 -0.00232812
1.257e-07 -0.000999996
1.258e-07 0.000585941
1.259e-07 0.00272657
1.26e-07 0.00172657
1.261e-07 -0.00109375
1.262e-07 -0.000999996
1.263e-07 0.000101566
1.264e-07 0.000500004
1.265e-07 -0.00907031
1.266e-07 -0.0342031
1.267e-07 -0.075
1.268e-07 -0.125313
1.269e-07 -0.178344
1.27e-07 -0.224602
1.271e-07 -0.253781
1.272e-07 -0.269
1.273e-07 -0.267336
1.274e-07 -0.256547
1.275e-07 -0.235156
1.276e-07 -0.208695
1.277e-07 -0.183
1.278e-07 -0.155352
1.279e-07 -0.130859
1.28e-07 -0.106617
1.281e-07 -0.0844297
1.282e-07 -0.065
1.283e-07 -0.0480312
1.284e-07 -0.0334453
1.285e-07 -0.0213594
1.286e-07 -0.0115391
1.287e-07 -0.000999996
1.288e-07 0.00792188
1.289e-07 0.0169219
1.29e-07 0.0240703
1.291e-07 0.0285781
1.292e-07 0.033
1.293e-07 0.0356016
1.294e-07 0.0370781
1.295e-07 0.0360469
1.296e-07 0.0336563
1.297e-07 0.033
1.298e-07 0.0344688
1.299e-07 0.0375469
1.3e-07 0.0398125
1.301e-07 0.0399063
1.302e-07 0.039
1.303e-07 0.0380859
1.304e-07 0.0373828
1.305e-07 0.0364375
1.306e-07 0.0354141
1.307e-07 0.035
1.308e-07 0.0355938
1.309e-07 0.0365938
1.31e-07 0.0371719
1.311e-07 0.0371016
1.312e-07 0.037
1.313e-07 0.0373047
1.314e-07 0.0383672
1.315e-07 0.0395234
1.316e-07 0.0398281
1.317e-07 0.039
1.318e-07 0.0371563
1.319e-07 0.0355547
1.32e-07 0.034625
1.321e-07 0.0341172
1.322e-07 0.033
1.323e-07 0.0301094
1.324e-07 0.0255703
1.325e-07 0.0205234
1.326e-07 0.0173672
1.327e-07 0.017
1.328e-07 0.0189297
1.329e-07 0.0207969
1.33e-07 0.0205703
1.331e-07 0.0181016
1.332e-07 0.015
1.333e-07 0.01325
1.334e-07 0.0128594
1.335e-07 0.0130781
1.336e-07 0.0131563
1.337e-07 0.013
1.338e-07 0.0130703
1.339e-07 0.0131563
1.34e-07 0.0126797
1.341e-07 0.0112578
1.342e-07 0.009
1.343e-07 0.0066875
1.344e-07 0.00519532
1.345e-07 0.00514844
1.346e-07 0.00614063
1.347e-07 0.007
1.348e-07 0.00696094
1.349e-07 0.00578125
1.35e-07 0.00429688
1.351e-07 0.00386719
1.352e-07 0.005
1.353e-07 0.00721875
1.354e-07 0.0088125
1.355e-07 0.00871875
1.356e-07 0.00755469
1.357e-07 0.007
1.358e-07 0.00817188
1.359e-07 0.0102031
1.36e-07 0.0113281
1.361e-07 0.0106406
1.362e-07 0.009
1.363e-07 0.00769532
1.364e-07 0.00709375
1.365e-07 0.00685938
1.366e-07 0.00679688
1.367e-07 0.007
1.368e-07 0.00741407
1.369e-07 0.00734375
1.37e-07 0.00642969
1.371e-07 0.00532032
1.372e-07 0.005
1.373e-07 0.00589844
1.374e-07 0.00685157
1.375e-07 0.00677344
1.376e-07 0.00576563
1.377e-07 0.005
1.378e-07 0.00549219
1.379e-07 0.00655469
1.38e-07 0.00714844
1.381e-07 0.00702344
1.382e-07 0.007
1.383e-07 0.00784375
1.384e-07 0.0088125
1.385e-07 0.0088125
1.386e-07 0.00784375
1.387e-07 0.007
1.388e-07 0.00703907
1.389e-07 0.007125
1.39e-07 0.00654688
1.391e-07 0.00603125
1.392e-07 0.007
1.393e-07 0.00965625
1.394e-07 0.0113281
1.395e-07 0.00969532
1.396e-07 0.00579688
1.397e-07 0.003
1.398e-07 0.00367188
1.399e-07 0.00603907
1.4e-07 0.00719532
1.401e-07 0.00621875
1.402e-07 0.005
1.403e-07 0.00553907
1.404e-07 0.00675
1.405e-07 0.00664844
1.406e-07 0.00486719
1.407e-07 0.003
1.408e-07 0.002625
1.409e-07 0.00295313
1.41e-07 0.00267188
1.411e-07 0.00164844
1.412e-07 0.001
1.413e-07 0.00167969
1.414e-07 0.00272657
1.415e-07 0.00288282
1.416e-07 0.00196094
1.417e-07 0.001
1.418e-07 0.000976566
1.419e-07 0.001125
1.42e-07 0.000554691
1.421e-07 -0.000507809
1.422e-07 -0.000999996
1.423e-07 -0.000164059
1.424e-07 0.000828129
1.425e-07 0.000750004
1.426e-07 -0.000296871
1.427e-07 -0.000999996
1.428e-07 -0.000328121
1.429e-07 0.000726566
1.43e-07 0.000882816
1.431e-07 -6.24962e-05
1.432e-07 -0.000999996
1.433e-07 -0.000734371
1.434e-07 0.000390629
1.435e-07 0.00139063
1.436e-07 0.00149219
1.437e-07 0.001
1.438e-07 0.000640629
1.439e-07 0.000742191
1.44e-07 0.00130469
1.441e-07 0.00213282
1.442e-07 0.003
1.443e-07 0.00359375
1.444e-07 0.00342188
1.445e-07 0.00240625
1.446e-07 0.00132032
1.447e-07 0.001
1.448e-07 0.00164844
1.449e-07 0.00261719
1.45e-07 0.00315625
1.451e-07 0.00307813
1.452e-07 0.003
1.453e-07 0.00351563
1.454e-07 0.00455469
1.455e-07 0.00526563
1.456e-07 0.00475782
1.457e-07 0.003
1.458e-07 0.000710941
1.459e-07 -0.000851559
1.46e-07 -0.000749996
1.461e-07 0.000906254
1.462e-07 0.003
1.463e-07 0.00417188
1.464e-07 0.00378125
1.465e-07 0.00207813
1.466e-07 0.000187504
1.467e-07 -0.000999996
1.468e-07 -0.00101562
1.469e-07 0.000132816
1.47e-07 0.00189844
1.471e-07 0.00307813
1.472e-07 0.003
1.473e-07 0.00184375
1.474e-07 0.000992191
1.475e-07 0.001375
1.476e-07 0.00249219
1.477e-07 0.003
1.478e-07 0.00213282
1.479e-07 0.00114063
1.48e-07 0.00130469
1.481e-07 0.00242969
1.482e-07 0.003
1.483e-07 0.00178907
1.484e-07 -0.000218746
1.485e-07 -0.00135156
1.486e-07 -0.000679684
1.487e-07 0.001
1.488e-07 0.00216407
1.489e-07 0.00176563
1.49e-07 3.90663e-05
1.491e-07 -0.00134375
1.492e-07 -0.000999996
1.493e-07 0.001125
1.494e-07 0.00286719
1.495e-07 0.00242969
1.496e-07 0.000351566
1.497e-07 -0.000999996
1.498e-07 0.000109379
1.499e-07 0.00222657
1.5e-07 0.00313282
1.501e-07 0.00217188
1.502e-07 0.001
1.503e-07 0.00136719
1.504e-07 0.00255469
1.505e-07 0.00301563
1.506e-07 0.00216407
1.507e-07 0.001
1.508e-07 0.000687504
1.509e-07 0.000890629
1.51e-07 0.000890629
1.511e-07 0.000687504
1.512e-07 0.001
1.513e-07 0.00216407
1.514e-07 0.00301563
1.515e-07 0.00255469
1.516e-07 0.00136719
1.517e-07 0.001
1.518e-07 0.00214063
1.519e-07 0.00310938
1.52e-07 0.00225782
1.521e-07 0.000148441
1.522e-07 -0.000999996
1.523e-07 0.000265629
1.524e-07 0.00236719
1.525e-07 0.00296094
1.526e-07 0.00130469
1.527e-07 -0.000999996
1.528e-07 -0.00195312
1.529e-07 -0.0015
1.53e-07 -0.000648434
1.531e-07 -0.000476559
1.532e-07 -0.000999996
1.533e-07 -0.00146875
1.534e-07 -0.00135156
1.535e-07 -0.000515621
1.536e-07 0.000500004
1.537e-07 0.001
1.538e-07 0.000601566
1.539e-07 -0.000453121
1.54e-07 -0.00142187
1.541e-07 -0.00160156
1.542e-07 -0.000999996
1.543e-07 -7.03087e-05
1.544e-07 0.000742191
1.545e-07 0.00114063
1.546e-07 0.00111719
1.547e-07 0.001
1.548e-07 0.00100782
1.549e-07 0.00103125
1.55e-07 0.000875004
1.551e-07 0.000734379
1.552e-07 0.001
1.553e-07 0.00157032
1.554e-07 0.00146875
1.555e-07 0.000187504
1.556e-07 -0.00116406
1.557e-07 -0.000999996
1.558e-07 0.00111719
1.559e-07 0.00292969
1.56e-07 0.00227344
1.561e-07 -0.000515621
1.562e-07 -0.003
1.563e-07 -0.00303125
1.564e-07 -0.00167968
1.565e-07 -0.000781246
1.566e-07 -0.000968746
1.567e-07 -0.000999996
1.568e-07 0.000437504
1.569e-07 0.00235157
1.57e-07 0.00316407
1.571e-07 0.00234375
1.572e-07 0.001
1.573e-07 0.000437504
1.574e-07 0.000710941
1.575e-07 0.0011875
1.576e-07 0.00126563
1.577e-07 0.001
1.578e-07 0.000734379
1.579e-07 0.000828129
1.58e-07 0.00121094
1.581e-07 0.00140625
1.582e-07 0.001
1.583e-07 3.8147e-09
1.584e-07 -0.000867184
1.585e-07 -0.000882809
1.586e-07 -3.12462e-05
1.587e-07 0.001
1.588e-07 0.00144532
1.589e-07 0.00123438
1.59e-07 0.000796879
1.591e-07 0.000671879
1.592e-07 0.001
1.593e-07 0.00140625
1.594e-07 0.00132813
1.595e-07 0.000492191
1.596e-07 -0.000554684
1.597e-07 -0.000999996
1.598e-07 -0.000421871
1.599e-07 0.000578129
1.6e-07 0.00121094
1.601e-07 0.00119532
1.602e-07 0.001
1.603e-07 0.001125
1.604e-07 0.00117188
1.605e-07 0.000609379
1.606e-07 -0.000367184
1.607e-07 -0.000999996
1.608e-07 -0.000640621
1.609e-07 0.000390629
1.61e-07 0.00146875
1.611e-07 0.00225
1.612e-07 0.003
1.613e-07 0.00372657
1.614e-07 0.00358594
1.615e-07 0.0020625
1.616e-07 6.25038e-05
1.617e-07 -0.000999996
1.618e-07 -0.000406246
1.619e-07 0.000703129
1.62e-07 0.000867191
1.621e-07 -0.000109371
1.622e-07 -0.000999996
1.623e-07 -0.000609371
1.624e-07 0.000484379
1.625e-07 0.00123438
1.626e-07 0.0011875
1.627e-07 0.001
1.628e-07 0.00132032
1.629e-07 0.00132032
1.63e-07 0.000351566
1.631e-07 -0.000882809
1.632e-07 -0.000999996
1.633e-07 0.000648441
1.634e-07 0.00251563
1.635e-07 0.00292969
1.636e-07 0.001875
1.637e-07 0.001
1.638e-07 0.00157032
1.639e-07 0.00267188
1.64e-07 0.00289063
1.641e-07 0.0019375
1.642e-07 0.001
1.643e-07 0.00128125
1.644e-07 0.00245313
1.645e-07 0.00325782
1.646e-07 0.0026875
1.647e-07 0.001
1.648e-07 -0.000718746
1.649e-07 -0.00133593
1.65e-07 -0.000351559
1.651e-07 0.00150782
1.652e-07 0.003
1.653e-07 0.00313282
1.654e-07 0.00190625
1.655e-07 0.000125004
1.656e-07 -0.000992184
1.657e-07 -0.000999996
1.658e-07 -0.000156246
1.659e-07 0.000726566
1.66e-07 0.00107032
1.661e-07 0.000960941
1.662e-07 0.001
1.663e-07 0.00142188
1.664e-07 0.00138282
1.665e-07 0.000296879
1.666e-07 -0.000968746
1.667e-07 -0.000999996
1.668e-07 0.000773441
1.669e-07 0.00264844
1.67e-07 0.00271094
1.671e-07 0.000875004
1.672e-07 -0.000999996
1.673e-07 -0.00110156
1.674e-07 0.000210941
1.675e-07 0.00151563
1.676e-07 0.00169532
1.677e-07 0.001
1.678e-07 0.000226566
1.679e-07 -0.000601559
1.68e-07 -0.00146875
1.681e-07 -0.00180468
1.682e-07 -0.000999996
1.683e-07 0.000945316
1.684e-07 0.00264063
1.685e-07 0.00291407
1.686e-07 0.00192969
1.687e-07 0.001
1.688e-07 0.00101563
1.689e-07 0.00116407
1.69e-07 0.000492191
1.691e-07 -0.000648434
1.692e-07 -0.000999996
1.693e-07 0.000320316
1.694e-07 0.00228907
1.695e-07 0.00326563
1.696e-07 0.00252344
1.697e-07 0.001
1.698e-07 0.000109379
1.699e-07 0.000429691
1.7e-07 0.00163282
1.701e-07 0.00271094
1.702e-07 0.003
1.703e-07 0.00238282
1.704e-07 0.00141407
1.705e-07 0.000742191
1.706e-07 0.000718754
1.707e-07 0.001
1.708e-07 0.0010625
1.709e-07 0.00101563
1.71e-07 0.00105469
1.711e-07 0.00114063
1.712e-07 0.001
1.713e-07 0.000546879
1.714e-07 0.000617191
1.715e-07 0.00164063
1.716e-07 0.00285157
1.717e-07 0.003
1.718e-07 0.00152344
1.719e-07 -0.000335934
1.72e-07 -0.00125
1.721e-07 -0.00107031
1.722e-07 -0.000999996
1.723e-07 -0.0019375
1.724e-07 -0.00292968
1.725e-07 -0.002625
1.726e-07 -0.000914059
1.727e-07 0.001
1.728e-07 0.00182032
1.729e-07 0.0014375
1.73e-07 0.000617191
1.731e-07 0.000382816
1.732e-07 0.001
1.733e-07 0.00185938
1.734e-07 0.00164844
1.735e-07 -1.56212e-05
1.736e-07 -0.00155468
1.737e-07 -0.000999996
1.738e-07 0.00198438
1.739e-07 0.00466407
1.74e-07 0.00435938
1.741e-07 0.00145313
1.742e-07 -0.000999996
1.743e-07 -0.000453121
1.744e-07 0.00190625
1.745e-07 0.00346875
1.746e-07 0.00278125
1.747e-07 0.001
1.748e-07 0.000109379
1.749e-07 0.000523441
1.75e-07 0.00136719
1.751e-07 0.00159375
1.752e-07 0.001
1.753e-07 6.25038e-05
1.754e-07 -0.000789059
1.755e-07 -0.00108593
1.756e-07 -0.000437496
1.757e-07 0.001
1.758e-07 0.002375
1.759e-07 0.00200782
1.76e-07 -0.000476559
1.761e-07 -0.00296093
1.762e-07 -0.003
1.763e-07 -4.68712e-05
1.764e-07 0.0026875
1.765e-07 0.00224219
1.766e-07 -0.000820309
1.767e-07 -0.003
1.768e-07 -0.00155468
1.769e-07 0.00171094
1.77e-07 0.00341407
1.771e-07 0.00192188
1.772e-07 -0.000999996
1.773e-07 -0.00249218
1.774e-07 -0.00188281
1.775e-07 -0.000140621
1.776e-07 0.00103907
1.777e-07 0.001
1.778e-07 0.000109379
1.779e-07 -0.000812496
1.78e-07 -0.000960934
1.781e-07 -0.000164059
1.782e-07 0.001
1.783e-07 0.00164844
1.784e-07 0.001375
1.785e-07 0.000585941
1.786e-07 0.000265629
1.787e-07 0.001
1.788e-07 0.00240625
1.789e-07 0.00319532
1.79e-07 0.00234375
1.791e-07 0.000406254
1.792e-07 -0.000999996
1.793e-07 -0.000734371
1.794e-07 0.000445316
1.795e-07 0.00121094
1.796e-07 0.001125
1.797e-07 0.001
1.798e-07 0.0015
1.799e-07 0.0015
1.8e-07 3.90663e-05
1.801e-07 -0.00205468
1.802e-07 -0.003
1.803e-07 -0.00171093
1.804e-07 0.000312504
1.805e-07 0.00113282
1.806e-07 0.000226566
1.807e-07 -0.000999996
1.808e-07 -0.000914059
1.809e-07 0.000296879
1.81e-07 0.00146094
1.811e-07 0.001625
1.812e-07 0.001
1.813e-07 0.000250004
1.814e-07 -0.000585934
1.815e-07 -0.00146875
1.816e-07 -0.00178125
1.817e-07 -0.000999996
1.818e-07 0.000601566
1.819e-07 0.00133594
1.82e-07 0.000132816
1.821e-07 -0.002
1.822e-07 -0.003
1.823e-07 -0.00164062
1.824e-07 0.000375004
1.825e-07 0.000992191
1.826e-07 -4.68712e-05
1.827e-07 -0.000999996
1.828e-07 -0.000296871
1.829e-07 0.000796879
1.83e-07 0.000648441
1.831e-07 -0.000562496
1.832e-07 -0.000999996
1.833e-07 0.000554691
1.834e-07 0.00252344
1.835e-07 0.00282032
1.836e-07 0.00105469
1.837e-07 -0.000999996
1.838e-07 -0.00138281
1.839e-07 3.8147e-09
1.84e-07 0.00185157
1.841e-07 0.00235157
1.842e-07 0.001
1.843e-07 -0.00135937
1.844e-07 -0.00294531
1.845e-07 -0.00253125
1.846e-07 -0.000656246
1.847e-07 0.001
1.848e-07 0.00128907
1.849e-07 0.001
1.85e-07 0.00133594
1.851e-07 0.002375
1.852e-07 0.003
1.853e-07 0.00205469
1.854e-07 -1.56212e-05
1.855e-07 -0.00170312
1.856e-07 -0.00139062
1.857e-07 0.001
1.858e-07 0.00402344
1.859e-07 0.00540625
1.86e-07 0.00388282
1.861e-07 0.000851566
1.862e-07 -0.000999996
1.863e-07 -3.12462e-05
1.864e-07 0.00217188
1.865e-07 0.00314844
1.866e-07 0.00220313
1.867e-07 0.001
1.868e-07 0.00115625
1.869e-07 0.00132032
1.87e-07 8.59413e-05
1.871e-07 -0.00150781
1.872e-07 -0.000999996
1.873e-07 0.00246875
1.874e-07 0.005125
1.875e-07 0.00353907
1.876e-07 -0.00129687
1.877e-07 -0.005
1.878e-07 -0.00407031
1.879e-07 -0.000593746
1.88e-07 0.0016875
1.881e-07 0.000929691
1.882e-07 -0.000999996
1.883e-07 -0.00125
1.884e-07 0.000125004
1.885e-07 0.00157813
1.886e-07 0.00176563
1.887e-07 0.001
1.888e-07 0.000367191
1.889e-07 0.000554691
1.89e-07 0.00157032
1.891e-07 0.00263282
1.892e-07 0.003
1.893e-07 0.00227344
1.894e-07 0.0013125
1.895e-07 0.000937504
1.896e-07 0.00111719
1.897e-07 0.001
1.898e-07 1.56288e-05
1.899e-07 -0.000890621
1.9e-07 -0.000749996
1.901e-07 0.000281254
1.902e-07 0.001
1.903e-07 0.000507816
1.904e-07 -0.000593746
1.905e-07 -0.00110937
1.906e-07 -0.000390621
1.907e-07 0.001
1.908e-07 0.00194532
1.909e-07 0.001625
1.91e-07 0.000203129
1.911e-07 -0.0010625
1.912e-07 -0.000999996
1.913e-07 0.000601566
1.914e-07 0.00245313
1.915e-07 0.00307813
1.916e-07 0.00219532
1.917e-07 0.001
1.918e-07 0.000703129
1.919e-07 0.000914066
1.92e-07 0.000835941
1.921e-07 0.000570316
1.922e-07 0.001
1.923e-07 0.00247657
1.924e-07 0.00329688
1.925e-07 0.00204688
1.926e-07 -0.000218746
1.927e-07 -0.000999996
1.928e-07 0.000945316
1.929e-07 0.00285938
1.93e-07 0.00216407
1.931e-07 -0.000234371
1.932e-07 -0.000999996
1.933e-07 0.00160938
1.934e-07 0.00352344
1.935e-07 0.000976566
1.936e-07 -0.00434375
1.937e-07 -0.007
1.938e-07 -0.00323437
1.939e-07 0.00285157
1.94e-07 0.00553125
1.941e-07 0.00296094
1.942e-07 -0.000999996
1.943e-07 -0.00175781
1.944e-07 -7.80869e-06
1.945e-07 0.00133594
1.946e-07 0.000562504
1.947e-07 -0.000999996
1.948e-07 -0.00110937
1.949e-07 0.000148441
1.95e-07 0.001625
1.951e-07 0.00248438
1.952e-07 0.003
1.953e-07 0.00328907
1.954e-07 0.0021875
1.955e-07 -0.000593746
1.956e-07 -0.00307031
1.957e-07 -0.003
1.958e-07 1.56288e-05
1.959e-07 0.00271875
1.96e-07 0.00221094
1.961e-07 -0.000859371
1.962e-07 -0.003
1.963e-07 -0.00146875
1.964e-07 0.00177344
1.965e-07 0.00333594
1.966e-07 0.00177344
1.967e-07 -0.000999996
1.968e-07 -0.00215625
1.969e-07 -0.00163281
1.97e-07 -0.000578121
1.971e-07 0.000179691
1.972e-07 0.001
1.973e-07 0.00228907
1.974e-07 0.0030625
1.975e-07 0.00255469
1.976e-07 0.00138282
1.977e-07 0.001
1.978e-07 0.00199219
1.979e-07 0.00299219
1.98e-07 0.00246875
1.981e-07 0.000593754
1.982e-07 -0.000999996
1.983e-07 -0.000851559
1.984e-07 0.000375004
1.985e-07 0.00129688
1.986e-07 0.00127344
1.987e-07 0.001
1.988e-07 0.00127344
1.989e-07 0.00129688
1.99e-07 0.000375004
1.991e-07 -0.000851559
1.992e-07 -0.000999996
1.993e-07 0.000617191
1.994e-07 0.00249219
1.995e-07 0.00295313
1.996e-07 0.00191407
1.997e-07 0.001
1.998e-07 0.00153907
1.999e-07 0.00266407
2e-07 0.00289063
2.001e-07 0.0019375
2.002e-07 0.001
2.003e-07 0.00110157
2.004e-07 0.00123438
2.005e-07 0.000335941
2.006e-07 -0.000968746
2.007e-07 -0.000999996
2.008e-07 0.000984379
2.009e-07 0.0028125
2.01e-07 0.00241407
2.011e-07 0.000289066
2.012e-07 -0.000999996
2.013e-07 0.000359379
2.014e-07 0.00246094
2.015e-07 0.00275
2.016e-07 0.000867191
2.017e-07 -0.000999996
2.018e-07 -0.000765621
2.019e-07 0.000523441
2.02e-07 0.000945316
2.021e-07 -2.34337e-05
2.022e-07 -0.000999996
2.023e-07 -0.000515621
2.024e-07 0.000617191
2.025e-07 0.000968754
2.026e-07 9.37538e-05
2.027e-07 -0.000999996
2.028e-07 -0.00117968
2.029e-07 -0.00102343
2.03e-07 -0.00121875
2.031e-07 -0.00152343
2.032e-07 -0.000999996
2.033e-07 0.000585941
2.034e-07 0.00135938
2.035e-07 7.81632e-06
2.036e-07 -0.00228125
2.037e-07 -0.003
2.038e-07 -0.000804684
2.039e-07 0.002125
2.04e-07 0.00304688
2.041e-07 0.00128907
2.042e-07 -0.000999996
2.043e-07 -0.00142187
2.044e-07 1.56288e-05
2.045e-07 0.00171875
2.046e-07 0.00205469
2.047e-07 0.001
2.048e-07 -0.000414059
2.049e-07 -0.00110937
2.05e-07 -0.000632809
2.051e-07 0.000421879
2.052e-07 0.001
2.053e-07 0.000460941
2.054e-07 -0.000570309
2.055e-07 -0.0011875
2.056e-07 -0.001125
2.057e-07 -0.000999996
2.058e-07 -0.00130468
2.059e-07 -0.00135156
2.06e-07 -0.000328121
2.061e-07 0.00148438
2.062e-07 0.003
2.063e-07 0.00311719
2.064e-07 0.00190625
2.065e-07 0.000125004
2.066e-07 -0.00100781
2.067e-07 -0.000999996
2.068e-07 -0.000140621
2.069e-07 0.000742191
2.07e-07 0.00103907
2.071e-07 0.000906254
2.072e-07 0.001
2.073e-07 0.00153907
2.074e-07 0.00150782
2.075e-07 8.59413e-05
2.076e-07 -0.00195312
2.077e-07 -0.003
2.078e-07 -0.00192187
2.079e-07 0.000117191
2.08e-07 0.00145313
2.081e-07 0.00142969
2.082e-07 0.001
2.083e-07 0.001125
2.084e-07 0.00120313
2.085e-07 0.000476566
2.086e-07 -0.000656246
2.087e-07 -0.000999996
2.088e-07 0.000281254
2.089e-07 0.00225
2.09e-07 0.00334375
2.091e-07 0.00270313
2.092e-07 0.001
2.093e-07 -0.000546871
2.094e-07 -0.00114843
2.095e-07 -0.000703121
2.096e-07 0.000226566
2.097e-07 0.001
2.098e-07 0.00129688
2.099e-07 0.00115625
2.1e-07 0.000851566
2.101e-07 0.000765629
2.102e-07 0.001
2.103e-07 0.00129688
2.104e-07 0.00120313
2.105e-07 0.000687504
2.106e-07 0.000390629
2.107e-07 0.001
2.108e-07 0.00239844
2.109e-07 0.00320313
2.11e-07 0.00230469
2.111e-07 0.000328129
2.112e-07 -0.000999996
2.113e-07 -0.000539059
2.114e-07 0.000625004
2.115e-07 0.000945316
2.116e-07 2.34413e-05
2.117e-07 -0.000999996
2.118e-07 -0.000804684
2.119e-07 0.000351566
2.12e-07 0.00144532
2.121e-07 0.00160157
2.122e-07 0.001
2.123e-07 0.000460941
2.124e-07 0.000601566
2.125e-07 0.00152344
2.126e-07 0.00255469
2.127e-07 0.003
2.128e-07 0.00246094
2.129e-07 0.00145313
2.13e-07 0.000695316
2.131e-07 0.000632816
2.132e-07 0.001
2.133e-07 0.00120313
2.134e-07 0.00110938
2.135e-07 0.000914066
2.136e-07 0.000867191
2.137e-07 0.001
2.138e-07 0.00114063
2.139e-07 0.00114063
2.14e-07 0.000781254
2.141e-07 2.34413e-05
2.142e-07 -0.000999996
2.143e-07 -0.00175781
2.144e-07 -0.00157812
2.145e-07 -0.000210934
2.146e-07 0.00163282
2.147e-07 0.003
2.148e-07 0.00310938
2.149e-07 0.00191407
2.15e-07 8.59413e-05
2.151e-07 -0.00108593
2.152e-07 -0.000999996
2.153e-07 7.81288e-05
2.154e-07 0.000945316
2.155e-07 0.000718754
2.156e-07 -0.000304684
2.157e-07 -0.000999996
2.158e-07 -0.000515621
2.159e-07 0.000531254
2.16e-07 0.00121094
2.161e-07 0.00114844
2.162e-07 0.001
2.163e-07 0.00153907
2.164e-07 0.00253125
2.165e-07 0.00328125
2.166e-07 0.00333594
2.167e-07 0.003
2.168e-07 0.00275782
2.169e-07 0.00286719
2.17e-07 0.00310938
2.171e-07 0.00319532
2.172e-07 0.003
2.173e-07 0.00242188
2.174e-07 0.00149219
2.175e-07 0.000515629
2.176e-07 0.000226566
2.177e-07 0.001
2.178e-07 0.00247657
2.179e-07 0.00323438
2.18e-07 0.00232032
2.181e-07 0.000375004
2.182e-07 -0.000999996
2.183e-07 -0.000695309
2.184e-07 0.000468754
2.185e-07 0.00119532
2.186e-07 0.00107813
2.187e-07 0.001
2.188e-07 0.00184375
2.189e-07 0.0028125
2.19e-07 0.00278125
2.191e-07 0.00178125
2.192e-07 0.001
2.193e-07 0.00124219
2.194e-07 0.00132032
2.195e-07 0.000242191
2.196e-07 -0.00113281
2.197e-07 -0.000999996
2.198e-07 0.00125
2.199e-07 0.00304688
2.2e-07 0.00203907
2.201e-07 -0.00100781
2.202e-07 -0.003
2.203e-07 -0.00151562
2.204e-07 0.00167188
2.205e-07 0.00355469
2.206e-07 0.00278125
2.207e-07 0.001
2.208e-07 0.000398441
2.209e-07 0.000750004
2.21e-07 0.000960941
2.211e-07 0.000773441
2.212e-07 0.001
2.213e-07 0.00221875
2.214e-07 0.00310938
2.215e-07 0.00236719
2.216e-07 0.000421879
2.217e-07 -0.000999996
2.218e-07 -0.000648434
2.219e-07 0.000500004
2.22e-07 0.001125
2.221e-07 0.000945316
2.222e-07 0.001
2.223e-07 0.00208594
2.224e-07 0.00303125
2.225e-07 0.00245313
2.226e-07 0.000562504
2.227e-07 -0.000999996
2.228e-07 -0.000835934
2.229e-07 0.000375004
2.23e-07 0.00132813
2.231e-07 0.00135157
2.232e-07 0.001
2.233e-07 0.000968754
2.234e-07 0.0010625
2.235e-07 0.000765629
2.236e-07 -7.81212e-05
2.237e-07 -0.000999996
2.238e-07 -0.00117187
2.239e-07 3.8147e-09
2.24e-07 0.00210938
2.241e-07 0.00352344
2.242e-07 0.003
2.243e-07 0.000500004
2.244e-07 -0.00222656
2.245e-07 -0.0031875
2.246e-07 -0.00166406
2.247e-07 0.001
2.248e-07 0.00269532
2.249e-07 0.00211719
