-2e-07 2.68221e-10
-1.9975e-07 2.68221e-10
-1.995e-07 2.68221e-10
-1.9925e-07 2.68221e-10
-1.99e-07 -0.004
-1.9875e-07 -0.004
-1.985e-07 2.68221e-10
-1.9825e-07 2.68221e-10
-1.98e-07 0.004
-1.9775e-07 2.68221e-10
-1.975e-07 2.68221e-10
-1.9725e-07 2.68221e-10
-1.97e-07 0.004
-1.9675e-07 2.68221e-10
-1.965e-07 2.68221e-10
-1.9625e-07 0.004
-1.96e-07 0.004
-1.9575e-07 2.68221e-10
-1.955e-07 -0.004
-1.9525e-07 2.68221e-10
-1.95e-07 0.004
-1.9475e-07 -0.004
-1.945e-07 2.68221e-10
-1.9425e-07 2.68221e-10
-1.94e-07 2.68221e-10
-1.9375e-07 -0.004
-1.935e-07 2.68221e-10
-1.9325e-07 2.68221e-10
-1.93e-07 -0.004
-1.9275e-07 2.68221e-10
-1.925e-07 2.68221e-10
-1.9225e-07 2.68221e-10
-1.92e-07 2.68221e-10
-1.9175e-07 2.68221e-10
-1.915e-07 2.68221e-10
-1.9125e-07 2.68221e-10
-1.91e-07 2.68221e-10
-1.9075e-07 0.004
-1.905e-07 2.68221e-10
-1.9025e-07 2.68221e-10
-1.9e-07 2.68221e-10
-1.8975e-07 2.68221e-10
-1.895e-07 2.68221e-10
-1.8925e-07 0.004
-1.89e-07 2.68221e-10
-1.8875e-07 2.68221e-10
-1.885e-07 2.68221e-10
-1.8825e-07 2.68221e-10
-1.88e-07 2.68221e-10
-1.8775e-07 0.004
-1.875e-07 2.68221e-10
-1.8725e-07 2.68221e-10
-1.87e-07 0.004
-1.8675e-07 -0.008
-1.865e-07 2.68221e-10
-1.8625e-07 2.68221e-10
-1.86e-07 2.68221e-10
-1.8575e-07 2.68221e-10
-1.855e-07 2.68221e-10
-1.8525e-07 0.004
-1.85e-07 2.68221e-10
-1.8475e-07 -0.004
-1.845e-07 2.68221e-10
-1.8425e-07 2.68221e-10
-1.84e-07 0.004
-1.8375e-07 0.004
-1.835e-07 0.004
-1.8325e-07 2.68221e-10
-1.83e-07 0.004
-1.8275e-07 0.004
-1.825e-07 0.004
-1.8225e-07 0.008
-1.82e-07 -0.004
-1.8175e-07 -0.004
-1.815e-07 0.004
-1.8125e-07 2.68221e-10
-1.81e-07 -0.008
-1.8075e-07 0.004
-1.805e-07 2.68221e-10
-1.8025e-07 2.68221e-10
-1.8e-07 0.004
-1.7975e-07 2.68221e-10
-1.795e-07 2.68221e-10
-1.7925e-07 -0.004
-1.79e-07 2.68221e-10
-1.7875e-07 0.004
-1.785e-07 -0.004
-1.7825e-07 0.004
-1.78e-07 2.68221e-10
-1.7775e-07 2.68221e-10
-1.775e-07 0.004
-1.7725e-07 -0.004
-1.77e-07 2.68221e-10
-1.7675e-07 2.68221e-10
-1.765e-07 0.004
-1.7625e-07 -0.004
-1.76e-07 2.68221e-10
-1.7575e-07 0.004
-1.755e-07 2.68221e-10
-1.7525e-07 2.68221e-10
-1.75e-07 -0.004
-1.7475e-07 2.68221e-10
-1.745e-07 -0.004
-1.7425e-07 -0.004
-1.74e-07 2.68221e-10
-1.7375e-07 -0.004
-1.735e-07 0.004
-1.7325e-07 0.004
-1.73e-07 2.68221e-10
-1.7275e-07 2.68221e-10
-1.725e-07 0.004
-1.7225e-07 2.68221e-10
-1.72e-07 2.68221e-10
-1.7175e-07 2.68221e-10
-1.715e-07 -0.004
-1.7125e-07 2.68221e-10
-1.71e-07 2.68221e-10
-1.7075e-07 2.68221e-10
-1.705e-07 0.004
-1.7025e-07 2.68221e-10
-1.7e-07 2.68221e-10
-1.6975e-07 2.68221e-10
-1.695e-07 0.004
-1.6925e-07 2.68221e-10
-1.69e-07 0.004
-1.6875e-07 2.68221e-10
-1.685e-07 2.68221e-10
-1.6825e-07 -0.004
-1.68e-07 -0.004
-1.6775e-07 2.68221e-10
-1.675e-07 2.68221e-10
-1.6725e-07 0.004
-1.67e-07 2.68221e-10
-1.6675e-07 2.68221e-10
-1.665e-07 -0.004
-1.6625e-07 -0.004
-1.66e-07 2.68221e-10
-1.6575e-07 2.68221e-10
-1.655e-07 2.68221e-10
-1.6525e-07 2.68221e-10
-1.65e-07 2.68221e-10
-1.6475e-07 -0.004
-1.645e-07 2.68221e-10
-1.6425e-07 2.68221e-10
-1.64e-07 -0.004
-1.6375e-07 2.68221e-10
-1.635e-07 2.68221e-10
-1.6325e-07 2.68221e-10
-1.63e-07 -0.004
-1.6275e-07 -0.004
-1.625e-07 2.68221e-10
-1.6225e-07 0.004
-1.62e-07 2.68221e-10
-1.6175e-07 2.68221e-10
-1.615e-07 0.004
-1.6125e-07 -0.004
-1.61e-07 0.008
-1.6075e-07 2.68221e-10
-1.605e-07 2.68221e-10
-1.6025e-07 2.68221e-10
-1.6e-07 -0.004
-1.5975e-07 2.68221e-10
-1.595e-07 0.004
-1.5925e-07 2.68221e-10
-1.59e-07 2.68221e-10
-1.5875e-07 2.68221e-10
-1.585e-07 2.68221e-10
-1.5825e-07 -0.004
-1.58e-07 2.68221e-10
-1.5775e-07 2.68221e-10
-1.575e-07 0.004
-1.5725e-07 -0.004
-1.57e-07 2.68221e-10
-1.5675e-07 2.68221e-10
-1.565e-07 2.68221e-10
-1.5625e-07 -0.004
-1.56e-07 2.68221e-10
-1.5575e-07 -0.004
-1.555e-07 2.68221e-10
-1.5525e-07 0.004
-1.55e-07 0.004
-1.5475e-07 2.68221e-10
-1.545e-07 0.004
-1.5425e-07 0.004
-1.54e-07 -0.004
-1.5375e-07 0.004
-1.535e-07 -0.004
-1.5325e-07 2.68221e-10
-1.53e-07 0.004
-1.5275e-07 0.004
-1.525e-07 2.68221e-10
-1.5225e-07 2.68221e-10
-1.52e-07 0.008
-1.5175e-07 -0.008
-1.515e-07 0.004
-1.5125e-07 -0.004
-1.51e-07 2.68221e-10
-1.5075e-07 2.68221e-10
-1.505e-07 0.004
-1.5025e-07 -0.004
-1.5e-07 0.004
-1.4975e-07 2.68221e-10
-1.495e-07 -0.004
-1.4925e-07 0.004
-1.49e-07 2.68221e-10
-1.4875e-07 2.68221e-10
-1.485e-07 2.68221e-10
-1.4825e-07 0.004
-1.48e-07 2.68221e-10
-1.4775e-07 2.68221e-10
-1.475e-07 0.004
-1.4725e-07 0.004
-1.47e-07 2.68221e-10
-1.4675e-07 0.004
-1.465e-07 2.68221e-10
-1.4625e-07 2.68221e-10
-1.46e-07 0.004
-1.4575e-07 0.004
-1.455e-07 0.004
-1.4525e-07 2.68221e-10
-1.45e-07 2.68221e-10
-1.4475e-07 -0.004
-1.445e-07 0.004
-1.4425e-07 -0.004
-1.44e-07 0.008
-1.4375e-07 -0.004
-1.435e-07 0.008
-1.4325e-07 0.004
-1.43e-07 0.004
-1.4275e-07 2.68221e-10
-1.425e-07 2.68221e-10
-1.4225e-07 -0.004
-1.42e-07 2.68221e-10
-1.4175e-07 -0.004
-1.415e-07 0.004
-1.4125e-07 2.68221e-10
-1.41e-07 0.004
-1.4075e-07 2.68221e-10
-1.405e-07 0.004
-1.4025e-07 0.008
-1.4e-07 2.68221e-10
-1.3975e-07 -0.008
-1.395e-07 0.004
-1.3925e-07 2.68221e-10
-1.39e-07 0.004
-1.3875e-07 -0.004
-1.385e-07 -0.004
-1.3825e-07 -0.004
-1.38e-07 2.68221e-10
-1.3775e-07 0.004
-1.375e-07 0.004
-1.3725e-07 0.004
-1.37e-07 2.68221e-10
-1.3675e-07 2.68221e-10
-1.365e-07 0.004
-1.3625e-07 -0.004
-1.36e-07 0.004
-1.3575e-07 2.68221e-10
-1.355e-07 2.68221e-10
-1.3525e-07 2.68221e-10
-1.35e-07 2.68221e-10
-1.3475e-07 2.68221e-10
-1.345e-07 -0.004
-1.3425e-07 0.008
-1.34e-07 2.68221e-10
-1.3375e-07 -0.004
-1.335e-07 2.68221e-10
-1.3325e-07 2.68221e-10
-1.33e-07 0.004
-1.3275e-07 2.68221e-10
-1.325e-07 2.68221e-10
-1.3225e-07 -0.004
-1.32e-07 0.004
-1.3175e-07 2.68221e-10
-1.315e-07 2.68221e-10
-1.3125e-07 2.68221e-10
-1.31e-07 2.68221e-10
-1.3075e-07 0.004
-1.305e-07 2.68221e-10
-1.3025e-07 -0.004
-1.3e-07 2.68221e-10
-1.2975e-07 2.68221e-10
-1.295e-07 0.004
-1.2925e-07 2.68221e-10
-1.29e-07 2.68221e-10
-1.2875e-07 0.004
-1.285e-07 0.004
-1.2825e-07 0.004
-1.28e-07 2.68221e-10
-1.2775e-07 -0.004
-1.275e-07 0.008
-1.2725e-07 2.68221e-10
-1.27e-07 0.004
-1.2675e-07 2.68221e-10
-1.265e-07 2.68221e-10
-1.2625e-07 2.68221e-10
-1.26e-07 0.004
-1.2575e-07 2.68221e-10
-1.255e-07 2.68221e-10
-1.2525e-07 -0.004
-1.25e-07 2.68221e-10
-1.2475e-07 0.004
-1.245e-07 0.008
-1.2425e-07 -0.004
-1.24e-07 2.68221e-10
-1.2375e-07 2.68221e-10
-1.235e-07 -0.004
-1.2325e-07 2.68221e-10
-1.23e-07 2.68221e-10
-1.2275e-07 2.68221e-10
-1.225e-07 -0.004
-1.2225e-07 2.68221e-10
-1.22e-07 2.68221e-10
-1.2175e-07 2.68221e-10
-1.215e-07 2.68221e-10
-1.2125e-07 2.68221e-10
-1.21e-07 0.004
-1.2075e-07 2.68221e-10
-1.205e-07 0.004
-1.2025e-07 2.68221e-10
-1.2e-07 2.68221e-10
-1.1975e-07 2.68221e-10
-1.195e-07 2.68221e-10
-1.1925e-07 2.68221e-10
-1.19e-07 2.68221e-10
-1.1875e-07 0.004
-1.185e-07 0.004
-1.1825e-07 0.004
-1.18e-07 2.68221e-10
-1.1775e-07 2.68221e-10
-1.175e-07 2.68221e-10
-1.1725e-07 2.68221e-10
-1.17e-07 2.68221e-10
-1.1675e-07 2.68221e-10
-1.165e-07 0.004
-1.1625e-07 2.68221e-10
-1.16e-07 0.004
-1.1575e-07 -0.004
-1.155e-07 2.68221e-10
-1.1525e-07 0.004
-1.15e-07 2.68221e-10
-1.1475e-07 2.68221e-10
-1.145e-07 2.68221e-10
-1.1425e-07 -0.004
-1.14e-07 -0.004
-1.1375e-07 -0.004
-1.135e-07 2.68221e-10
-1.1325e-07 2.68221e-10
-1.13e-07 0.004
-1.1275e-07 2.68221e-10
-1.125e-07 2.68221e-10
-1.1225e-07 -0.004
-1.12e-07 0.004
-1.1175e-07 -0.004
-1.115e-07 2.68221e-10
-1.1125e-07 2.68221e-10
-1.11e-07 2.68221e-10
-1.1075e-07 0.004
-1.105e-07 2.68221e-10
-1.1025e-07 -0.004
-1.1e-07 2.68221e-10
-1.0975e-07 2.68221e-10
-1.095e-07 0.004
-1.0925e-07 -0.004
-1.09e-07 0.004
-1.0875e-07 -0.004
-1.085e-07 0.008
-1.0825e-07 2.68221e-10
-1.08e-07 2.68221e-10
-1.0775e-07 -0.004
-1.075e-07 2.68221e-10
-1.0725e-07 2.68221e-10
-1.07e-07 2.68221e-10
-1.0675e-07 2.68221e-10
-1.065e-07 2.68221e-10
-1.0625e-07 0.004
-1.06e-07 2.68221e-10
-1.0575e-07 0.004
-1.055e-07 2.68221e-10
-1.0525e-07 2.68221e-10
-1.05e-07 0.004
-1.0475e-07 -0.004
-1.045e-07 0.004
-1.0425e-07 2.68221e-10
-1.04e-07 2.68221e-10
-1.0375e-07 2.68221e-10
-1.035e-07 2.68221e-10
-1.0325e-07 2.68221e-10
-1.03e-07 2.68221e-10
-1.0275e-07 -0.004
-1.025e-07 0.004
-1.0225e-07 0.004
-1.02e-07 2.68221e-10
-1.0175e-07 0.004
-1.015e-07 2.68221e-10
-1.0125e-07 2.68221e-10
-1.01e-07 2.68221e-10
-1.0075e-07 2.68221e-10
-1.005e-07 -0.004
-1.0025e-07 0.004
-1e-07 2.68221e-10
-9.975e-08 -0.008
-9.95e-08 2.68221e-10
-9.925e-08 2.68221e-10
-9.9e-08 2.68221e-10
-9.875e-08 2.68221e-10
-9.85e-08 0.004
-9.825e-08 -0.004
-9.8e-08 0.004
-9.775e-08 2.68221e-10
-9.75e-08 0.004
-9.725e-08 2.68221e-10
-9.7e-08 2.68221e-10
-9.675e-08 2.68221e-10
-9.65e-08 2.68221e-10
-9.625e-08 2.68221e-10
-9.6e-08 0.004
-9.575e-08 2.68221e-10
-9.55e-08 -0.004
-9.525e-08 2.68221e-10
-9.5e-08 -0.004
-9.475e-08 2.68221e-10
-9.45e-08 2.68221e-10
-9.425e-08 0.004
-9.4e-08 0.004
-9.375e-08 -0.004
-9.35e-08 -0.004
-9.325e-08 -0.004
-9.3e-08 2.68221e-10
-9.275e-08 0.004
-9.25e-08 0.004
-9.225e-08 -0.004
-9.2e-08 2.68221e-10
-9.175e-08 2.68221e-10
-9.15e-08 -0.004
-9.125e-08 -0.004
-9.1e-08 2.68221e-10
-9.075e-08 -0.004
-9.05e-08 0.004
-9.025e-08 2.68221e-10
-9e-08 2.68221e-10
-8.975e-08 0.004
-8.95e-08 2.68221e-10
-8.925e-08 0.004
-8.9e-08 0.004
-8.875e-08 -0.004
-8.85e-08 2.68221e-10
-8.825e-08 0.004
-8.8e-08 2.68221e-10
-8.775e-08 2.68221e-10
-8.75e-08 -0.004
-8.725e-08 0.008
-8.7e-08 0.004
-8.675e-08 0.004
-8.65e-08 2.68221e-10
-8.625e-08 2.68221e-10
-8.6e-08 2.68221e-10
-8.575e-08 0.004
-8.55e-08 0.004
-8.525e-08 -0.004
-8.5e-08 -0.004
-8.475e-08 2.68221e-10
-8.45e-08 2.68221e-10
-8.425e-08 2.68221e-10
-8.4e-08 2.68221e-10
-8.375e-08 2.68221e-10
-8.35e-08 0.004
-8.325e-08 2.68221e-10
-8.3e-08 2.68221e-10
-8.275e-08 2.68221e-10
-8.25e-08 0.004
-8.225e-08 -0.004
-8.2e-08 2.68221e-10
-8.175e-08 2.68221e-10
-8.15e-08 0.004
-8.125e-08 2.68221e-10
-8.1e-08 2.68221e-10
-8.075e-08 2.68221e-10
-8.05e-08 -0.004
-8.025e-08 -0.004
-8e-08 2.68221e-10
-7.975e-08 2.68221e-10
-7.95e-08 0.004
-7.925e-08 -0.004
-7.9e-08 0.004
-7.875e-08 -0.004
-7.85e-08 0.004
-7.825e-08 2.68221e-10
-7.8e-08 -0.004
-7.775e-08 2.68221e-10
-7.75e-08 -0.004
-7.725e-08 2.68221e-10
-7.7e-08 2.68221e-10
-7.675e-08 -0.004
-7.65e-08 0.004
-7.625e-08 -0.004
-7.6e-08 0.004
-7.575e-08 -0.004
-7.55e-08 0.004
-7.525e-08 0.004
-7.5e-08 0.004
-7.475e-08 2.68221e-10
-7.45e-08 0.004
-7.425e-08 2.68221e-10
-7.4e-08 0.004
-7.375e-08 2.68221e-10
-7.35e-08 0.004
-7.325e-08 -0.004
-7.3e-08 0.008
-7.275e-08 2.68221e-10
-7.25e-08 0.004
-7.225e-08 2.68221e-10
-7.2e-08 -0.004
-7.175e-08 2.68221e-10
-7.15e-08 2.68221e-10
-7.125e-08 2.68221e-10
-7.1e-08 -0.004
-7.075e-08 2.68221e-10
-7.05e-08 2.68221e-10
-7.025e-08 -0.004
-7e-08 -0.004
-6.975e-08 2.68221e-10
-6.95e-08 2.68221e-10
-6.925e-08 -0.004
-6.9e-08 2.68221e-10
-6.875e-08 2.68221e-10
-6.85e-08 -0.004
-6.825e-08 2.68221e-10
-6.8e-08 2.68221e-10
-6.775e-08 0.004
-6.75e-08 2.68221e-10
-6.725e-08 -0.004
-6.7e-08 0.004
-6.675e-08 -0.004
-6.65e-08 0.004
-6.625e-08 2.68221e-10
-6.6e-08 2.68221e-10
-6.575e-08 -0.004
-6.55e-08 2.68221e-10
-6.525e-08 -0.008
-6.5e-08 2.68221e-10
-6.475e-08 2.68221e-10
-6.45e-08 2.68221e-10
-6.425e-08 -0.004
-6.4e-08 -0.004
-6.375e-08 -0.004
-6.35e-08 0.004
-6.325e-08 0.004
-6.3e-08 0.004
-6.275e-08 -0.004
-6.25e-08 2.68221e-10
-6.225e-08 2.68221e-10
-6.2e-08 2.68221e-10
-6.175e-08 0.004
-6.15e-08 2.68221e-10
-6.125e-08 -0.004
-6.1e-08 2.68221e-10
-6.075e-08 -0.004
-6.05e-08 0.004
-6.025e-08 0.004
-6e-08 -0.004
-5.975e-08 2.68221e-10
-5.95e-08 2.68221e-10
-5.925e-08 2.68221e-10
-5.9e-08 -0.004
-5.875e-08 0.004
-5.85e-08 2.68221e-10
-5.825e-08 2.68221e-10
-5.8e-08 0.004
-5.775e-08 -0.004
-5.75e-08 0.004
-5.725e-08 -0.004
-5.7e-08 0.004
-5.675e-08 0.004
-5.65e-08 0.008
-5.625e-08 2.68221e-10
-5.6e-08 2.68221e-10
-5.575e-08 2.68221e-10
-5.55e-08 0.004
-5.525e-08 -0.004
-5.5e-08 0.004
-5.475e-08 2.68221e-10
-5.45e-08 2.68221e-10
-5.425e-08 2.68221e-10
-5.4e-08 0.008
-5.375e-08 2.68221e-10
-5.35e-08 0.004
-5.325e-08 2.68221e-10
-5.3e-08 2.68221e-10
-5.275e-08 2.68221e-10
-5.25e-08 2.68221e-10
-5.225e-08 2.68221e-10
-5.2e-08 2.68221e-10
-5.175e-08 2.68221e-10
-5.15e-08 2.68221e-10
-5.125e-08 -0.004
-5.1e-08 2.68221e-10
-5.075e-08 2.68221e-10
-5.05e-08 2.68221e-10
-5.025e-08 0.004
-5e-08 2.68221e-10
-4.975e-08 2.68221e-10
-4.95e-08 0.008
-4.925e-08 2.68221e-10
-4.9e-08 0.008
-4.875e-08 2.68221e-10
-4.85e-08 0.008
-4.825e-08 -0.004
-4.8e-08 2.68221e-10
-4.775e-08 0.004
-4.75e-08 -0.008
-4.725e-08 0.004
-4.7e-08 2.68221e-10
-4.675e-08 2.68221e-10
-4.65e-08 2.68221e-10
-4.625e-08 -0.004
-4.6e-08 -0.004
-4.575e-08 2.68221e-10
-4.55e-08 2.68221e-10
-4.525e-08 0.004
-4.5e-08 0.008
-4.475e-08 2.68221e-10
-4.45e-08 0.004
-4.425e-08 0.004
-4.4e-08 2.68221e-10
-4.375e-08 2.68221e-10
-4.35e-08 -0.004
-4.325e-08 -0.004
-4.3e-08 0.008
-4.275e-08 2.68221e-10
-4.25e-08 0.004
-4.225e-08 -0.004
-4.2e-08 2.68221e-10
-4.175e-08 2.68221e-10
-4.15e-08 2.68221e-10
-4.125e-08 2.68221e-10
-4.1e-08 0.004
-4.075e-08 2.68221e-10
-4.05e-08 0.004
-4.025e-08 2.68221e-10
-4e-08 0.008
-3.975e-08 -0.004
-3.95e-08 2.68221e-10
-3.925e-08 2.68221e-10
-3.9e-08 -0.004
-3.875e-08 2.68221e-10
-3.85e-08 2.68221e-10
-3.825e-08 2.68221e-10
-3.8e-08 0.004
-3.775e-08 -0.004
-3.75e-08 -0.004
-3.725e-08 -0.004
-3.7e-08 2.68221e-10
-3.675e-08 -0.004
-3.65e-08 -0.004
-3.625e-08 -0.004
-3.6e-08 2.68221e-10
-3.575e-08 2.68221e-10
-3.55e-08 2.68221e-10
-3.525e-08 2.68221e-10
-3.5e-08 2.68221e-10
-3.475e-08 0.004
-3.45e-08 0.012
-3.425e-08 0.008
-3.4e-08 0.012
-3.375e-08 0.016
-3.35e-08 0.012
-3.325e-08 0.012
-3.3e-08 0.008
-3.275e-08 0.004
-3.25e-08 -0.004
-3.225e-08 -0.004
-3.2e-08 -0.012
-3.175e-08 -0.012
-3.15e-08 0.012
-3.125e-08 0.024
-3.1e-08 0.044
-3.075e-08 0.032
-3.05e-08 -0.008
-3.025e-08 -0.068
-3e-08 -0.14
-2.975e-08 -0.188
-2.95e-08 -0.184
-2.925e-08 -0.148
-2.9e-08 -0.068
-2.875e-08 0.02
-2.85e-08 0.124
-2.825e-08 0.208
-2.8e-08 0.26
-2.775e-08 0.272
-2.75e-08 0.252
-2.725e-08 0.208
-2.7e-08 0.148
-2.675e-08 0.06
-2.65e-08 -0.028
-2.625e-08 -0.124
-2.6e-08 -0.192
-2.575e-08 -0.24
-2.55e-08 -0.256
-2.525e-08 -0.252
-2.5e-08 -0.212
-2.475e-08 -0.156
-2.45e-08 -0.084
-2.425e-08 -0.016
-2.4e-08 0.052
-2.375e-08 0.1
-2.35e-08 0.136
-2.325e-08 0.14
-2.3e-08 0.14
-2.275e-08 0.116
-2.25e-08 0.092
-2.225e-08 0.06
-2.2e-08 0.032
-2.175e-08 0.004
-2.15e-08 -0.016
-2.125e-08 -0.048
-2.1e-08 -0.064
-2.075e-08 -0.076
-2.05e-08 -0.092
-2.025e-08 -0.088
-2e-08 -0.088
-1.975e-08 -0.072
-1.95e-08 -0.048
-1.925e-08 -0.016
-1.9e-08 0.032
-1.875e-08 0.064
-1.85e-08 0.096
-1.825e-08 0.116
-1.8e-08 0.132
-1.775e-08 0.132
-1.75e-08 0.128
-1.725e-08 0.104
-1.7e-08 0.084
-1.675e-08 0.052
-1.65e-08 0.008
-1.625e-08 -0.016
-1.6e-08 -0.052
-1.575e-08 -0.068
-1.55e-08 -0.1
-1.525e-08 -0.116
-1.5e-08 -0.1
-1.475e-08 -0.104
-1.45e-08 -0.08
-1.425e-08 -0.064
-1.4e-08 -0.036
-1.375e-08 -0.016
-1.35e-08 0.008
-1.325e-08 0.032
-1.3e-08 0.04
-1.275e-08 0.052
-1.25e-08 0.048
-1.225e-08 0.052
-1.2e-08 0.036
-1.175e-08 0.02
-1.15e-08 0.004
-1.125e-08 -0.008
-1.1e-08 -0.024
-1.075e-08 -0.048
-1.05e-08 -0.056
-1.025e-08 -0.068
-1e-08 -0.08
-9.75e-09 -0.084
-9.5e-09 -0.084
-9.25e-09 -0.076
-9e-09 -0.068
-8.75e-09 -0.056
-8.5e-09 -0.036
-8.25e-09 -0.016
-8e-09 0.004
-7.75e-09 0.024
-7.5e-09 0.052
-7.25e-09 0.06
-7e-09 0.084
-6.75e-09 0.1
-6.5e-09 0.112
-6.25e-09 0.116
-6e-09 0.12
-5.75e-09 0.116
-5.5e-09 0.116
-5.25e-09 0.104
-5e-09 0.104
-4.75e-09 0.084
-4.5e-09 0.076
-4.25e-09 0.052
-4e-09 0.04
-3.75e-09 0.032
-3.5e-09 0.016
-3.25e-09 2.68221e-10
-3e-09 -0.012
-2.75e-09 -0.028
-2.5e-09 -0.04
-2.25e-09 -0.06
-2e-09 -0.064
-1.75e-09 -0.08
-1.5e-09 -0.088
-1.25e-09 -0.104
-1e-09 -0.104
-7.5e-10 -0.12
-5e-10 -0.128
-2.5e-10 -0.136
0 -0.136
2.5e-10 -0.132
5e-10 -0.132
7.5e-10 -0.12
1e-09 -0.104
1.25e-09 -0.092
1.5e-09 -0.076
1.75e-09 -0.056
2e-09 -0.032
2.25e-09 -0.02
2.5e-09 0.016
2.75e-09 0.032
3e-09 0.056
3.25e-09 0.072
3.5e-09 0.096
3.75e-09 0.116
4e-09 0.132
4.25e-09 0.14
4.5e-09 0.148
4.75e-09 0.148
5e-09 0.152
5.25e-09 0.148
5.5e-09 0.144
5.75e-09 0.132
6e-09 0.128
6.25e-09 0.116
6.5e-09 0.104
6.75e-09 0.084
7e-09 0.068
7.25e-09 0.044
7.5e-09 0.036
7.75e-09 0.012
8e-09 -0.008
8.25e-09 -0.028
8.5e-09 -0.044
8.75e-09 -0.068
9e-09 -0.076
9.25e-09 -0.1
9.5e-09 -0.108
9.75e-09 -0.12
1e-08 -0.128
1.025e-08 -0.136
1.05e-08 -0.144
1.075e-08 -0.14
1.1e-08 -0.14
1.125e-08 -0.144
1.15e-08 -0.136
1.175e-08 -0.124
1.2e-08 -0.108
1.225e-08 -0.1
1.25e-08 -0.076
1.275e-08 -0.06
1.3e-08 -0.04
1.325e-08 -0.024
1.35e-08 -0.008
1.375e-08 0.024
1.4e-08 0.036
1.425e-08 0.052
1.45e-08 0.068
1.475e-08 0.072
1.5e-08 0.08
1.525e-08 0.088
1.55e-08 0.1
1.575e-08 0.112
1.6e-08 0.12
1.625e-08 0.136
1.65e-08 0.136
1.675e-08 0.14
1.7e-08 0.144
1.725e-08 0.128
1.75e-08 0.108
1.775e-08 0.096
1.8e-08 0.072
1.825e-08 0.048
1.85e-08 0.036
1.875e-08 0.02
1.9e-08 0.012
1.925e-08 2.68221e-10
1.95e-08 -0.012
1.975e-08 -0.036
2e-08 -0.048
2.025e-08 -0.068
2.05e-08 -0.088
2.075e-08 -0.096
2.1e-08 -0.104
2.125e-08 -0.104
2.15e-08 -0.104
2.175e-08 -0.092
2.2e-08 -0.088
2.225e-08 -0.08
2.25e-08 -0.072
2.275e-08 -0.064
2.3e-08 -0.056
2.325e-08 -0.052
2.35e-08 -0.048
2.375e-08 -0.048
2.4e-08 -0.04
2.425e-08 -0.044
2.45e-08 -0.032
2.475e-08 -0.032
2.5e-08 -0.02
2.525e-08 -0.012
2.55e-08 0.004
2.575e-08 0.012
2.6e-08 0.028
2.625e-08 0.04
2.65e-08 0.056
2.675e-08 0.072
2.7e-08 0.092
2.725e-08 0.104
2.75e-08 0.124
2.775e-08 0.124
2.8e-08 0.124
2.825e-08 0.112
2.85e-08 0.088
2.875e-08 0.056
2.9e-08 0.028
2.925e-08 -0.004
2.95e-08 -0.028
2.975e-08 -0.048
3e-08 -0.06
3.025e-08 -0.056
3.05e-08 -0.048
3.075e-08 -0.028
3.1e-08 -0.004
3.125e-08 0.004
3.15e-08 0.028
3.175e-08 0.036
3.2e-08 0.04
3.225e-08 0.028
3.25e-08 0.02
3.275e-08 0.008
3.3e-08 -0.008
3.325e-08 -0.024
3.35e-08 -0.036
3.375e-08 -0.048
3.4e-08 -0.056
3.425e-08 -0.06
3.45e-08 -0.06
3.475e-08 -0.06
3.5e-08 -0.056
3.525e-08 -0.056
3.55e-08 -0.048
3.575e-08 -0.052
3.6e-08 -0.04
3.625e-08 -0.036
3.65e-08 -0.02
3.675e-08 -0.004
3.7e-08 0.012
3.725e-08 0.028
3.75e-08 0.04
3.775e-08 0.044
3.8e-08 0.056
3.825e-08 0.052
3.85e-08 0.048
3.875e-08 0.036
3.9e-08 0.032
3.925e-08 0.016
3.95e-08 0.004
3.975e-08 -0.004
4e-08 -0.004
4.025e-08 -0.012
4.05e-08 -0.012
4.075e-08 -0.008
4.1e-08 -0.012
4.125e-08 2.68221e-10
4.15e-08 -0.008
4.175e-08 -0.008
4.2e-08 -0.004
4.225e-08 2.68221e-10
4.25e-08 0.016
4.275e-08 0.036
4.3e-08 0.04
4.325e-08 0.044
4.35e-08 0.044
4.375e-08 0.036
4.4e-08 0.024
4.425e-08 0.004
4.45e-08 -0.012
4.475e-08 -0.02
4.5e-08 -0.02
4.525e-08 -0.02
4.55e-08 -0.012
4.575e-08 -0.012
4.6e-08 0.008
4.625e-08 0.008
4.65e-08 0.012
4.675e-08 0.02
4.7e-08 0.016
4.725e-08 0.02
4.75e-08 0.012
4.775e-08 0.012
4.8e-08 0.004
4.825e-08 -0.004
4.85e-08 -0.016
4.875e-08 -0.028
4.9e-08 -0.04
4.925e-08 -0.048
4.95e-08 -0.056
4.975e-08 -0.064
5e-08 -0.06
5.025e-08 -0.056
5.05e-08 -0.052
5.075e-08 -0.036
5.1e-08 -0.028
5.125e-08 -0.02
5.15e-08 2.68221e-10
5.175e-08 0.008
5.2e-08 0.02
5.225e-08 0.028
5.25e-08 0.028
5.275e-08 0.028
5.3e-08 0.032
5.325e-08 0.028
5.35e-08 0.028
5.375e-08 0.028
5.4e-08 0.02
5.425e-08 0.024
5.45e-08 0.024
5.475e-08 0.02
5.5e-08 0.024
5.525e-08 0.02
5.55e-08 0.032
5.575e-08 0.036
5.6e-08 0.036
5.625e-08 0.04
5.65e-08 0.04
5.675e-08 0.044
5.7e-08 0.036
5.725e-08 0.032
5.75e-08 0.024
5.775e-08 0.016
5.8e-08 0.008
5.825e-08 -0.004
5.85e-08 -0.016
5.875e-08 -0.028
5.9e-08 -0.036
5.925e-08 -0.052
5.95e-08 -0.052
5.975e-08 -0.06
6e-08 -0.052
6.025e-08 -0.048
6.05e-08 -0.036
6.075e-08 -0.028
6.1e-08 -0.012
6.125e-08 -0.012
6.15e-08 -0.008
6.175e-08 -0.004
6.2e-08 -0.008
6.225e-08 -0.008
6.25e-08 -0.016
6.275e-08 -0.02
6.3e-08 -0.02
6.325e-08 -0.032
6.35e-08 -0.02
6.375e-08 -0.024
6.4e-08 -0.02
6.425e-08 -0.012
6.45e-08 2.68221e-10
6.475e-08 0.004
6.5e-08 0.016
6.525e-08 0.02
6.55e-08 0.04
6.575e-08 0.048
6.6e-08 0.064
6.625e-08 0.056
6.65e-08 0.068
6.675e-08 0.056
6.7e-08 0.06
6.725e-08 0.052
6.75e-08 0.04
6.775e-08 0.036
6.8e-08 0.028
6.825e-08 0.02
6.85e-08 0.012
6.875e-08 0.008
6.9e-08 2.68221e-10
6.925e-08 -0.004
6.95e-08 -0.016
6.975e-08 -0.02
7e-08 -0.02
7.025e-08 -0.032
7.05e-08 -0.028
7.075e-08 -0.028
7.1e-08 -0.028
7.125e-08 -0.028
7.15e-08 -0.036
7.175e-08 -0.036
7.2e-08 -0.032
7.225e-08 -0.04
7.25e-08 -0.032
7.275e-08 -0.032
7.3e-08 -0.032
7.325e-08 -0.036
7.35e-08 -0.024
7.375e-08 -0.028
7.4e-08 -0.016
7.425e-08 -0.012
7.45e-08 0.004
7.475e-08 0.008
7.5e-08 0.016
7.525e-08 0.024
7.55e-08 0.024
7.575e-08 0.028
7.6e-08 0.028
7.625e-08 0.032
7.65e-08 0.04
7.675e-08 0.036
7.7e-08 0.04
7.725e-08 0.032
7.75e-08 0.036
7.775e-08 0.024
7.8e-08 0.024
7.825e-08 0.028
7.85e-08 0.016
7.875e-08 0.008
7.9e-08 0.008
7.925e-08 0.004
7.95e-08 0.004
7.975e-08 0.004
8e-08 0.004
8.025e-08 -0.008
8.05e-08 -0.012
8.075e-08 -0.016
8.1e-08 -0.02
8.125e-08 -0.02
8.15e-08 -0.02
8.175e-08 -0.024
8.2e-08 -0.02
8.225e-08 -0.02
8.25e-08 -0.028
8.275e-08 -0.02
8.3e-08 -0.028
8.325e-08 -0.024
8.35e-08 -0.02
8.375e-08 -0.02
8.4e-08 -0.012
8.425e-08 -0.004
8.45e-08 -0.004
8.475e-08 2.68221e-10
8.5e-08 0.004
8.525e-08 2.68221e-10
8.55e-08 0.008
8.575e-08 0.012
8.6e-08 0.012
8.625e-08 0.012
8.65e-08 0.012
8.675e-08 0.016
8.7e-08 0.012
8.725e-08 0.008
8.75e-08 0.012
8.775e-08 0.012
8.8e-08 0.012
8.825e-08 0.004
8.85e-08 0.008
8.875e-08 0.004
8.9e-08 0.008
8.925e-08 0.008
8.95e-08 0.012
8.975e-08 0.004
9e-08 0.008
9.025e-08 0.004
9.05e-08 0.012
9.075e-08 0.004
9.1e-08 0.008
9.125e-08 2.68221e-10
9.15e-08 2.68221e-10
9.175e-08 -0.004
9.2e-08 -0.004
9.225e-08 -0.008
9.25e-08 -0.004
9.275e-08 -0.012
9.3e-08 -0.008
9.325e-08 -0.016
9.35e-08 -0.016
9.375e-08 -0.02
9.4e-08 -0.016
9.425e-08 -0.02
9.45e-08 -0.012
9.475e-08 -0.012
9.5e-08 -0.008
9.525e-08 -0.008
9.55e-08 2.68221e-10
9.575e-08 2.68221e-10
9.6e-08 2.68221e-10
9.625e-08 -0.004
9.65e-08 0.004
9.675e-08 2.68221e-10
9.7e-08 0.004
9.725e-08 2.68221e-10
9.75e-08 0.004
9.775e-08 0.004
9.8e-08 2.68221e-10
9.825e-08 0.008
9.85e-08 2.68221e-10
9.875e-08 0.004
9.9e-08 0.004
9.925e-08 2.68221e-10
9.95e-08 0.008
9.975e-08 2.68221e-10
1e-07 0.012
1.0025e-07 0.008
1.005e-07 0.008
1.0075e-07 0.008
1.01e-07 0.008
1.0125e-07 0.012
1.015e-07 0.008
1.0175e-07 0.008
1.02e-07 0.012
1.0225e-07 0.012
1.025e-07 0.008
1.0275e-07 0.008
1.03e-07 0.008
1.0325e-07 0.004
1.035e-07 0.004
1.0375e-07 -0.004
1.04e-07 -0.008
1.0425e-07 -0.008
1.045e-07 -0.016
1.0475e-07 -0.016
1.05e-07 -0.016
1.0525e-07 -0.008
1.055e-07 -0.004
1.0575e-07 -0.004
1.06e-07 0.008
1.0625e-07 2.68221e-10
1.065e-07 2.68221e-10
1.0675e-07 2.68221e-10
1.07e-07 -0.008
1.0725e-07 -0.008
1.075e-07 -0.02
1.0775e-07 -0.012
1.08e-07 -0.016
1.0825e-07 -0.012
1.085e-07 -0.012
1.0875e-07 -0.004
1.09e-07 -0.012
1.0925e-07 -0.004
1.095e-07 2.68221e-10
1.0975e-07 0.004
1.1e-07 0.008
1.1025e-07 0.008
1.105e-07 0.012
1.1075e-07 0.012
1.11e-07 0.012
1.1125e-07 0.008
1.115e-07 0.012
1.1175e-07 0.008
1.12e-07 2.68221e-10
1.1225e-07 -0.004
1.125e-07 0.012
1.1275e-07 0.028
1.13e-07 0.052
1.1325e-07 0.068
1.135e-07 0.08
1.1375e-07 0.072
1.14e-07 0.052
1.1425e-07 0.012
1.145e-07 -0.016
1.1475e-07 -0.052
1.15e-07 -0.068
1.1525e-07 -0.1
1.155e-07 -0.1
1.1575e-07 -0.096
1.16e-07 -0.08
1.1625e-07 -0.06
1.165e-07 -0.036
1.1675e-07 -0.008
1.17e-07 0.016
1.1725e-07 0.036
1.175e-07 0.044
1.1775e-07 0.044
1.18e-07 0.048
1.1825e-07 0.036
1.185e-07 0.028
1.1875e-07 0.028
1.19e-07 0.016
1.1925e-07 0.004
1.195e-07 -0.004
1.1975e-07 2.68221e-10
1.2e-07 2.68221e-10
1.2025e-07 0.004
1.205e-07 2.68221e-10
1.2075e-07 0.008
1.21e-07 0.004
1.2125e-07 0.004
1.215e-07 0.004
1.2175e-07 2.68221e-10
1.22e-07 -0.008
1.2225e-07 0.004
1.225e-07 0.004
1.2275e-07 0.016
1.23e-07 0.016
1.2325e-07 0.028
1.235e-07 0.024
1.2375e-07 0.028
1.24e-07 0.02
1.2425e-07 0.016
1.245e-07 0.012
1.2475e-07 2.68221e-10
1.25e-07 -0.012
1.2525e-07 -0.02
1.255e-07 -0.032
1.2575e-07 -0.036
1.26e-07 -0.044
1.2625e-07 -0.048
1.265e-07 -0.048
1.2675e-07 -0.052
1.27e-07 -0.036
1.2725e-07 -0.04
1.275e-07 -0.032
1.2775e-07 -0.02
1.28e-07 -0.016
1.2825e-07 2.68221e-10
1.285e-07 0.004
1.2875e-07 0.016
1.29e-07 0.016
1.2925e-07 0.02
1.295e-07 0.02
1.2975e-07 0.02
1.3e-07 0.02
1.3025e-07 0.016
1.305e-07 0.008
1.3075e-07 0.004
1.31e-07 2.68221e-10
1.3125e-07 2.68221e-10
1.315e-07 0.004
1.3175e-07 -0.004
1.32e-07 2.68221e-10
1.3225e-07 0.008
1.325e-07 0.012
1.3275e-07 0.02
1.33e-07 0.028
1.3325e-07 0.036
1.335e-07 0.052
1.3375e-07 0.06
1.34e-07 0.068
1.3425e-07 0.068
1.345e-07 0.068
1.3475e-07 0.068
1.35e-07 0.06
1.3525e-07 0.052
1.355e-07 0.04
1.3575e-07 0.024
1.36e-07 0.012
1.3625e-07 -0.004
1.365e-07 -0.028
1.3675e-07 -0.044
1.37e-07 -0.056
1.3725e-07 -0.068
1.375e-07 -0.08
1.3775e-07 -0.092
1.38e-07 -0.084
1.3825e-07 -0.096
1.385e-07 -0.088
1.3875e-07 -0.084
1.39e-07 -0.072
1.3925e-07 -0.072
1.395e-07 -0.06
1.3975e-07 -0.048
1.4e-07 -0.044
1.4025e-07 -0.036
1.405e-07 -0.024
1.4075e-07 -0.016
1.41e-07 -0.004
1.4125e-07 0.008
1.415e-07 0.012
1.4175e-07 0.016
1.42e-07 0.028
1.4225e-07 0.032
1.425e-07 0.044
1.4275e-07 0.056
1.43e-07 0.064
1.4325e-07 0.068
1.435e-07 0.08
1.4375e-07 0.08
1.44e-07 0.088
1.4425e-07 0.084
1.445e-07 0.088
1.4475e-07 0.088
1.45e-07 0.08
1.4525e-07 0.076
1.455e-07 0.068
1.4575e-07 0.056
1.46e-07 0.044
1.4625e-07 0.036
1.465e-07 0.02
1.4675e-07 0.012
1.47e-07 2.68221e-10
1.4725e-07 -0.02
1.475e-07 -0.032
1.4775e-07 -0.044
1.48e-07 -0.048
1.4825e-07 -0.068
1.485e-07 -0.064
1.4875e-07 -0.08
1.49e-07 -0.08
1.4925e-07 -0.08
1.495e-07 -0.088
1.4975e-07 -0.076
1.5e-07 -0.08
1.5025e-07 -0.076
1.505e-07 -0.06
1.5075e-07 -0.064
1.51e-07 -0.052
1.5125e-07 -0.048
1.515e-07 -0.036
1.5175e-07 -0.028
1.52e-07 -0.02
1.5225e-07 -0.008
1.525e-07 2.68221e-10
1.5275e-07 0.012
1.53e-07 0.02
1.5325e-07 0.028
1.535e-07 0.04
1.5375e-07 0.048
1.54e-07 0.048
1.5425e-07 0.052
1.545e-07 0.06
1.5475e-07 0.056
1.55e-07 0.068
1.5525e-07 0.064
1.555e-07 0.064
1.5575e-07 0.064
1.56e-07 0.056
1.5625e-07 0.056
1.565e-07 0.048
1.5675e-07 0.052
1.57e-07 0.036
1.5725e-07 0.032
1.575e-07 0.024
1.5775e-07 0.016
1.58e-07 0.008
1.5825e-07 0.004
1.585e-07 2.68221e-10
1.5875e-07 -0.02
1.59e-07 -0.024
1.5925e-07 -0.032
1.595e-07 -0.04
1.5975e-07 -0.048
1.6e-07 -0.052
1.6025e-07 -0.052
1.605e-07 -0.052
1.6075e-07 -0.048
1.61e-07 -0.048
1.6125e-07 -0.044
1.615e-07 -0.036
1.6175e-07 -0.036
1.62e-07 -0.028
1.6225e-07 -0.032
1.625e-07 -0.028
1.6275e-07 -0.024
1.63e-07 -0.016
1.6325e-07 -0.008
1.635e-07 2.68221e-10
1.6375e-07 0.008
1.64e-07 0.02
1.6425e-07 0.02
1.645e-07 0.032
1.6475e-07 0.024
1.65e-07 0.02
1.6525e-07 0.02
1.655e-07 0.016
1.6575e-07 0.012
1.66e-07 0.008
1.6625e-07 0.004
1.665e-07 0.008
1.6675e-07 0.004
1.67e-07 0.016
1.6725e-07 0.02
1.675e-07 0.02
1.6775e-07 0.028
1.68e-07 0.028
1.6825e-07 0.024
1.685e-07 0.036
1.6875e-07 0.02
1.69e-07 0.02
1.6925e-07 0.004
1.695e-07 2.68221e-10
1.6975e-07 -0.012
1.7e-07 -0.024
1.7025e-07 -0.028
1.705e-07 -0.036
1.7075e-07 -0.032
1.71e-07 -0.028
1.7125e-07 -0.032
1.715e-07 -0.02
1.7175e-07 -0.004
1.72e-07 0.004
1.7225e-07 0.012
1.725e-07 0.02
1.7275e-07 0.028
1.73e-07 0.032
1.7325e-07 0.024
1.735e-07 0.024
1.7375e-07 0.016
1.74e-07 0.008
1.7425e-07 2.68221e-10
1.745e-07 -0.008
1.7475e-07 -0.012
1.75e-07 -0.012
1.7525e-07 -0.012
1.755e-07 -0.016
1.7575e-07 -0.012
1.76e-07 -0.016
1.7625e-07 -0.012
1.765e-07 -0.004
1.7675e-07 -0.012
1.77e-07 -0.004
1.7725e-07 -0.008
1.775e-07 -0.008
1.7775e-07 -0.008
1.78e-07 -0.008
1.7825e-07 -0.012
1.785e-07 -0.008
1.7875e-07 -0.004
1.79e-07 0.004
1.7925e-07 0.004
1.795e-07 2.68221e-10
1.7975e-07 0.004
1.8e-07 0.012
1.8025e-07 0.004
1.805e-07 2.68221e-10
1.8075e-07 2.68221e-10
1.81e-07 -0.004
1.8125e-07 -0.008
1.815e-07 -0.004
1.8175e-07 -0.004
1.82e-07 0.004
1.8225e-07 2.68221e-10
1.825e-07 0.008
1.8275e-07 0.008
1.83e-07 0.008
1.8325e-07 0.012
1.835e-07 0.008
1.8375e-07 0.012
1.84e-07 0.016
1.8425e-07 0.008
1.845e-07 0.02
1.8475e-07 0.016
1.85e-07 0.016
1.8525e-07 0.012
1.855e-07 0.012
1.8575e-07 0.012
1.86e-07 2.68221e-10
1.8625e-07 2.68221e-10
1.865e-07 -0.008
1.8675e-07 -0.008
1.87e-07 -0.004
1.8725e-07 -0.008
1.875e-07 -0.004
1.8775e-07 -0.008
1.88e-07 -0.004
1.8825e-07 -0.008
1.885e-07 -0.008
1.8875e-07 -0.02
1.89e-07 -0.016
1.8925e-07 -0.024
1.895e-07 -0.028
1.8975e-07 -0.024
1.9e-07 -0.024
1.9025e-07 -0.024
1.905e-07 -0.016
1.9075e-07 -0.016
1.91e-07 -0.008
1.9125e-07 -0.012
1.915e-07 0.004
1.9175e-07 2.68221e-10
1.92e-07 0.008
1.9225e-07 0.004
1.925e-07 0.012
1.9275e-07 0.016
1.93e-07 0.008
1.9325e-07 0.012
1.935e-07 0.012
1.9375e-07 0.012
1.94e-07 0.016
1.9425e-07 0.008
1.945e-07 0.02
1.9475e-07 0.02
1.95e-07 0.016
1.9525e-07 0.02
1.955e-07 0.02
1.9575e-07 0.02
1.96e-07 0.016
1.9625e-07 0.016
1.965e-07 0.008
1.9675e-07 0.016
1.97e-07 0.008
1.9725e-07 2.68221e-10
1.975e-07 0.004
1.9775e-07 -0.008
1.98e-07 -0.012
1.9825e-07 -0.008
1.985e-07 -0.012
1.9875e-07 -0.016
1.99e-07 -0.016
1.9925e-07 -0.02
1.995e-07 -0.016
1.9975e-07 -0.012
2e-07 -0.02
2.0025e-07 -0.016
2.005e-07 -0.012
2.0075e-07 -0.012
2.01e-07 -0.012
2.0125e-07 -0.004
2.015e-07 -0.004
2.0175e-07 -0.012
2.02e-07 -0.012
2.0225e-07 -0.008
2.025e-07 2.68221e-10
2.0275e-07 2.68221e-10
2.03e-07 2.68221e-10
2.0325e-07 0.004
2.035e-07 0.004
2.0375e-07 0.008
2.04e-07 0.004
2.0425e-07 0.004
2.045e-07 2.68221e-10
2.0475e-07 2.68221e-10
2.05e-07 0.004
2.0525e-07 2.68221e-10
2.055e-07 0.012
2.0575e-07 0.008
2.06e-07 0.016
2.0625e-07 0.016
2.065e-07 0.012
2.0675e-07 0.012
2.07e-07 0.016
2.0725e-07 0.012
2.075e-07 0.012
2.0775e-07 0.008
2.08e-07 0.008
2.0825e-07 2.68221e-10
2.085e-07 -0.004
2.0875e-07 -0.008
2.09e-07 -0.004
2.0925e-07 -0.008
2.095e-07 -0.008
2.0975e-07 -0.008
2.1e-07 -0.012
2.1025e-07 -0.012
2.105e-07 -0.012
2.1075e-07 -0.008
2.11e-07 -0.004
2.1125e-07 -0.008
2.115e-07 -0.008
2.1175e-07 -0.004
2.12e-07 -0.008
2.1225e-07 -0.008
2.125e-07 2.68221e-10
2.1275e-07 -0.004
2.13e-07 0.004
2.1325e-07 0.004
2.135e-07 0.004
2.1375e-07 0.004
2.14e-07 2.68221e-10
2.1425e-07 0.008
2.145e-07 0.008
2.1475e-07 0.008
2.15e-07 0.008
2.1525e-07 0.008
2.155e-07 0.004
2.1575e-07 0.012
2.16e-07 0.004
2.1625e-07 0.008
2.165e-07 0.008
2.1675e-07 2.68221e-10
2.17e-07 2.68221e-10
2.1725e-07 -0.004
2.175e-07 2.68221e-10
2.1775e-07 -0.008
2.18e-07 -0.004
2.1825e-07 -0.008
2.185e-07 -0.004
2.1875e-07 -0.004
2.19e-07 -0.008
2.1925e-07 -0.012
2.195e-07 -0.004
2.1975e-07 -0.008
2.2e-07 -0.012
2.2025e-07 -0.004
2.205e-07 -0.004
2.2075e-07 -0.004
2.21e-07 -0.004
2.2125e-07 -0.008
2.215e-07 -0.004
2.2175e-07 -0.004
2.22e-07 2.68221e-10
2.2225e-07 2.68221e-10
2.225e-07 2.68221e-10
2.2275e-07 0.004
2.23e-07 0.008
2.2325e-07 0.008
2.235e-07 0.004
2.2375e-07 0.004
2.24e-07 0.012
2.2425e-07 0.012
2.245e-07 0.016
2.2475e-07 0.004
2.25e-07 0.012
2.2525e-07 0.008
2.255e-07 0.012
2.2575e-07 0.008
2.26e-07 0.008
2.2625e-07 0.008
2.265e-07 0.012
2.2675e-07 0.008
2.27e-07 0.008
2.2725e-07 2.68221e-10
2.275e-07 2.68221e-10
2.2775e-07 -0.008
2.28e-07 2.68221e-10
2.2825e-07 -0.008
2.285e-07 -0.008
2.2875e-07 -0.012
2.29e-07 -0.012
2.2925e-07 -0.008
2.295e-07 -0.012
2.2975e-07 -0.008
2.3e-07 -0.016
2.3025e-07 -0.008
2.305e-07 -0.012
2.3075e-07 -0.004
2.31e-07 -0.008
2.3125e-07 -0.008
2.315e-07 2.68221e-10
2.3175e-07 -0.004
2.32e-07 2.68221e-10
2.3225e-07 2.68221e-10
2.325e-07 2.68221e-10
2.3275e-07 2.68221e-10
2.33e-07 2.68221e-10
2.3325e-07 0.004
2.335e-07 0.004
2.3375e-07 0.004
2.34e-07 2.68221e-10
2.3425e-07 0.008
2.345e-07 0.004
2.3475e-07 0.004
2.35e-07 0.004
2.3525e-07 0.008
2.355e-07 0.008
2.3575e-07 0.008
2.36e-07 0.012
2.3625e-07 0.004
2.365e-07 0.004
2.3675e-07 0.008
2.37e-07 0.008
2.3725e-07 0.004
2.375e-07 0.004
2.3775e-07 0.004
2.38e-07 0.004
2.3825e-07 0.004
2.385e-07 2.68221e-10
2.3875e-07 -0.004
2.39e-07 -0.004
2.3925e-07 -0.008
2.395e-07 2.68221e-10
2.3975e-07 -0.008
2.4e-07 -0.004
2.4025e-07 -0.008
2.405e-07 -0.008
2.4075e-07 -0.004
2.41e-07 -0.004
2.4125e-07 -0.004
2.415e-07 -0.004
2.4175e-07 -0.004
2.42e-07 0.004
2.4225e-07 2.68221e-10
2.425e-07 2.68221e-10
2.4275e-07 -0.004
2.43e-07 0.004
2.4325e-07 0.004
2.435e-07 0.008
2.4375e-07 2.68221e-10
2.44e-07 2.68221e-10
2.4425e-07 0.008
2.445e-07 0.004
2.4475e-07 2.68221e-10
2.45e-07 2.68221e-10
2.4525e-07 2.68221e-10
2.455e-07 2.68221e-10
2.4575e-07 -0.004
2.46e-07 2.68221e-10
2.4625e-07 2.68221e-10
2.465e-07 -0.008
2.4675e-07 2.68221e-10
2.47e-07 2.68221e-10
2.4725e-07 2.68221e-10
2.475e-07 0.004
2.4775e-07 2.68221e-10
2.48e-07 0.008
2.4825e-07 2.68221e-10
2.485e-07 0.004
2.4875e-07 2.68221e-10
2.49e-07 -0.004
2.4925e-07 -0.004
2.495e-07 -0.004
2.4975e-07 0.004
2.5e-07 2.68221e-10
2.5025e-07 2.68221e-10
2.505e-07 0.004
2.5075e-07 2.68221e-10
2.51e-07 0.008
2.5125e-07 2.68221e-10
2.515e-07 0.008
2.5175e-07 2.68221e-10
2.52e-07 0.004
2.5225e-07 0.004
2.525e-07 2.68221e-10
2.5275e-07 2.68221e-10
2.53e-07 2.68221e-10
2.5325e-07 0.004
2.535e-07 0.004
2.5375e-07 2.68221e-10
2.54e-07 0.004
2.5425e-07 2.68221e-10
2.545e-07 2.68221e-10
2.5475e-07 2.68221e-10
2.55e-07 0.008
2.5525e-07 -0.004
2.555e-07 2.68221e-10
2.5575e-07 2.68221e-10
2.56e-07 -0.016
2.5625e-07 -0.02
2.565e-07 -0.024
2.5675e-07 -0.032
2.57e-07 -0.024
2.5725e-07 -0.016
2.575e-07 -0.004
2.5775e-07 0.012
2.58e-07 0.016
2.5825e-07 0.024
2.585e-07 0.032
2.5875e-07 0.028
2.59e-07 0.036
2.5925e-07 0.024
2.595e-07 0.024
2.5975e-07 0.016
2.6e-07 0.012
2.6025e-07 0.004
2.605e-07 2.68221e-10
2.6075e-07 -0.008
2.61e-07 -0.008
2.6125e-07 -0.008
2.615e-07 -0.004
2.6175e-07 -0.008
2.62e-07 2.68221e-10
2.6225e-07 -0.008
2.625e-07 -0.008
2.6275e-07 -0.012
2.63e-07 -0.012
2.6325e-07 -0.012
2.635e-07 -0.012
2.6375e-07 -0.016
2.64e-07 -0.012
2.6425e-07 -0.012
2.645e-07 2.68221e-10
2.6475e-07 2.68221e-10
2.65e-07 2.68221e-10
2.6525e-07 0.004
2.655e-07 0.004
2.6575e-07 0.004
2.66e-07 2.68221e-10
2.6625e-07 -0.004
2.665e-07 -0.004
2.6675e-07 -0.004
2.67e-07 -0.008
2.6725e-07 -0.012
2.675e-07 -0.008
2.6775e-07 -0.012
2.68e-07 -0.004
2.6825e-07 2.68221e-10
2.685e-07 -0.004
2.6875e-07 0.004
2.69e-07 0.008
2.6925e-07 0.012
2.695e-07 0.02
2.6975e-07 0.02
2.7e-07 0.02
2.7025e-07 0.02
2.705e-07 0.028
2.7075e-07 0.02
2.71e-07 0.024
2.7125e-07 0.016
2.715e-07 0.016
2.7175e-07 0.008
2.72e-07 0.012
2.7225e-07 -0.004
2.725e-07 0.004
2.7275e-07 2.68221e-10
2.73e-07 -0.004
2.7325e-07 -0.004
2.735e-07 -0.004
2.7375e-07 2.68221e-10
2.74e-07 2.68221e-10
2.7425e-07 2.68221e-10
2.745e-07 2.68221e-10
2.7475e-07 -0.004
2.75e-07 0.004
2.7525e-07 -0.004
2.755e-07 0.004
2.7575e-07 0.004
2.76e-07 -0.004
2.7625e-07 -0.004
2.765e-07 -0.004
2.7675e-07 -0.016
2.77e-07 -0.02
2.7725e-07 -0.024
2.775e-07 -0.032
2.7775e-07 -0.032
2.78e-07 -0.032
2.7825e-07 -0.04
2.785e-07 -0.032
2.7875e-07 -0.032
2.79e-07 -0.028
2.7925e-07 -0.028
2.795e-07 -0.02
2.7975e-07 -0.012
2.8e-07 -0.004
2.8025e-07 2.68221e-10
2.805e-07 0.008
2.8075e-07 0.016
2.81e-07 0.02
2.8125e-07 0.032
2.815e-07 0.032
2.8175e-07 0.036
2.82e-07 0.044
2.8225e-07 0.044
2.825e-07 0.04
2.8275e-07 0.044
2.83e-07 0.04
2.8325e-07 0.036
2.835e-07 0.032
2.8375e-07 0.024
2.84e-07 0.028
2.8425e-07 0.016
2.845e-07 0.02
2.8475e-07 0.012
2.85e-07 0.004
2.8525e-07 0.004
2.855e-07 -0.004
2.8575e-07 -0.004
2.86e-07 -0.012
2.8625e-07 -0.012
2.865e-07 -0.016
2.8675e-07 -0.02
2.87e-07 -0.028
2.8725e-07 -0.028
2.875e-07 -0.032
2.8775e-07 -0.032
2.88e-07 -0.036
2.8825e-07 -0.036
2.885e-07 -0.04
2.8875e-07 -0.036
2.89e-07 -0.036
2.8925e-07 -0.032
2.895e-07 -0.032
2.8975e-07 -0.028
2.9e-07 -0.028
2.9025e-07 -0.02
2.905e-07 -0.016
2.9075e-07 -0.004
2.91e-07 2.68221e-10
2.9125e-07 0.008
2.915e-07 0.016
2.9175e-07 0.012
2.92e-07 0.028
2.9225e-07 0.024
2.925e-07 0.032
2.9275e-07 0.032
2.93e-07 0.036
2.9325e-07 0.032
2.935e-07 0.036
2.9375e-07 0.032
2.94e-07 0.036
2.9425e-07 0.032
2.945e-07 0.028
2.9475e-07 0.024
2.95e-07 0.024
2.9525e-07 0.012
2.955e-07 0.012
2.9575e-07 0.012
2.96e-07 0.008
2.9625e-07 0.004
2.965e-07 2.68221e-10
2.9675e-07 -0.008
2.97e-07 -0.008
2.9725e-07 -0.012
2.975e-07 -0.008
2.9775e-07 -0.02
2.98e-07 -0.02
2.9825e-07 -0.016
2.985e-07 -0.016
2.9875e-07 -0.02
2.99e-07 -0.024
2.9925e-07 -0.024
2.995e-07 -0.02
2.9975e-07 -0.024
3e-07 -0.016
3.0025e-07 -0.012
3.005e-07 -0.016
3.0075e-07 -0.008
3.01e-07 -0.012
3.0125e-07 -0.008
3.015e-07 2.68221e-10
3.0175e-07 2.68221e-10
3.02e-07 2.68221e-10
3.0225e-07 2.68221e-10
3.025e-07 0.012
3.0275e-07 0.012
3.03e-07 0.02
3.0325e-07 0.012
3.035e-07 0.02
3.0375e-07 0.02
3.04e-07 0.016
3.0425e-07 0.02
3.045e-07 0.016
3.0475e-07 0.016
3.05e-07 0.016
3.0525e-07 0.016
3.055e-07 0.008
3.0575e-07 0.016
3.06e-07 0.008
3.0625e-07 0.012
3.065e-07 0.004
3.0675e-07 0.004
3.07e-07 -0.004
3.0725e-07 -0.004
3.075e-07 -0.004
3.0775e-07 -0.008
3.08e-07 -0.008
3.0825e-07 -0.008
3.085e-07 -0.012
3.0875e-07 -0.004
3.09e-07 -0.008
3.0925e-07 -0.004
3.095e-07 -0.004
3.0975e-07 -0.004
3.1e-07 -0.004
3.1025e-07 -0.004
3.105e-07 -0.012
3.1075e-07 -0.012
3.11e-07 -0.012
3.1125e-07 -0.012
3.115e-07 -0.008
3.1175e-07 -0.008
3.12e-07 -0.008
3.1225e-07 -0.008
3.125e-07 0.004
3.1275e-07 0.004
3.13e-07 0.008
3.1325e-07 0.008
3.135e-07 0.012
3.1375e-07 0.012
3.14e-07 0.02
3.1425e-07 0.012
3.145e-07 0.02
3.1475e-07 0.016
3.15e-07 0.012
3.1525e-07 0.004
3.155e-07 0.004
3.1575e-07 0.008
3.16e-07 2.68221e-10
3.1625e-07 0.004
3.165e-07 0.004
3.1675e-07 2.68221e-10
3.17e-07 2.68221e-10
3.1725e-07 -0.004
3.175e-07 2.68221e-10
3.1775e-07 2.68221e-10
3.18e-07 -0.004
3.1825e-07 -0.004
3.185e-07 -0.004
3.1875e-07 -0.008
3.19e-07 -0.008
3.1925e-07 -0.008
3.195e-07 -0.004
3.1975e-07 -0.004
3.2e-07 -0.004
3.2025e-07 -0.004
3.205e-07 2.68221e-10
3.2075e-07 -0.004
3.21e-07 0.004
3.2125e-07 2.68221e-10
3.215e-07 0.004
3.2175e-07 -0.004
3.22e-07 -0.004
3.2225e-07 -0.012
3.225e-07 -0.008
3.2275e-07 -0.008
3.23e-07 -0.008
3.2325e-07 -0.008
3.235e-07 -0.004
3.2375e-07 -0.008
3.24e-07 0.004
3.2425e-07 0.004
3.245e-07 0.004
3.2475e-07 0.008
3.25e-07 0.012
3.2525e-07 0.012
3.255e-07 0.008
3.2575e-07 0.008
3.26e-07 0.012
3.2625e-07 0.008
3.265e-07 0.012
3.2675e-07 0.008
3.27e-07 0.004
3.2725e-07 0.008
3.275e-07 0.004
3.2775e-07 -0.004
3.28e-07 2.68221e-10
3.2825e-07 -0.004
3.285e-07 -0.004
3.2875e-07 2.68221e-10
3.29e-07 2.68221e-10
3.2925e-07 -0.004
3.295e-07 -0.004
3.2975e-07 -0.004
3.3e-07 2.68221e-10
3.3025e-07 -0.004
3.305e-07 -0.004
3.3075e-07 2.68221e-10
3.31e-07 -0.004
3.3125e-07 -0.008
3.315e-07 2.68221e-10
3.3175e-07 -0.004
3.32e-07 -0.004
3.3225e-07 2.68221e-10
3.325e-07 2.68221e-10
3.3275e-07 0.008
3.33e-07 0.004
3.3325e-07 0.004
3.335e-07 0.004
3.3375e-07 2.68221e-10
3.34e-07 2.68221e-10
3.3425e-07 2.68221e-10
3.345e-07 0.004
3.3475e-07 2.68221e-10
3.35e-07 -0.008
3.3525e-07 0.004
3.355e-07 2.68221e-10
3.3575e-07 2.68221e-10
3.36e-07 2.68221e-10
3.3625e-07 -0.008
3.365e-07 2.68221e-10
3.3675e-07 -0.008
3.37e-07 2.68221e-10
3.3725e-07 -0.004
3.375e-07 -0.004
3.3775e-07 -0.004
3.38e-07 -0.004
3.3825e-07 -0.004
3.385e-07 -0.004
3.3875e-07 -0.004
3.39e-07 0.004
3.3925e-07 -0.008
3.395e-07 -0.008
3.3975e-07 -0.004
3.4e-07 2.68221e-10
3.4025e-07 0.004
3.405e-07 -0.004
3.4075e-07 0.004
3.41e-07 0.004
3.4125e-07 0.004
3.415e-07 0.012
3.4175e-07 2.68221e-10
3.42e-07 0.012
3.4225e-07 0.004
3.425e-07 0.008
3.4275e-07 0.008
3.43e-07 0.008
3.4325e-07 0.008
3.435e-07 0.008
3.4375e-07 0.004
3.44e-07 0.004
3.4425e-07 2.68221e-10
3.445e-07 0.004
3.4475e-07 0.004
3.45e-07 0.004
3.4525e-07 -0.004
3.455e-07 2.68221e-10
3.4575e-07 2.68221e-10
3.46e-07 -0.004
3.4625e-07 -0.004
3.465e-07 -0.004
3.4675e-07 -0.004
3.47e-07 -0.008
3.4725e-07 -0.004
3.475e-07 -0.004
3.4775e-07 -0.004
3.48e-07 -0.004
3.4825e-07 -0.012
3.485e-07 -0.004
3.4875e-07 -0.004
3.49e-07 -0.008
3.4925e-07 -0.008
3.495e-07 -0.008
3.4975e-07 -0.008
3.5e-07 -0.004
3.5025e-07 -0.004
3.505e-07 2.68221e-10
3.5075e-07 -0.004
3.51e-07 0.004
3.5125e-07 0.004
3.515e-07 2.68221e-10
3.5175e-07 0.004
3.52e-07 0.004
3.5225e-07 0.004
3.525e-07 0.008
3.5275e-07 0.008
3.53e-07 0.004
3.5325e-07 0.012
3.535e-07 0.012
3.5375e-07 0.012
3.54e-07 0.004
3.5425e-07 0.016
3.545e-07 0.012
3.5475e-07 0.012
3.55e-07 0.012
3.5525e-07 0.004
3.555e-07 0.008
3.5575e-07 0.004
3.56e-07 0.004
3.5625e-07 2.68221e-10
3.565e-07 -0.004
3.5675e-07 -0.004
3.57e-07 -0.004
3.5725e-07 -0.012
3.575e-07 -0.012
3.5775e-07 -0.008
3.58e-07 -0.012
3.5825e-07 -0.012
3.585e-07 -0.008
3.5875e-07 -0.016
3.59e-07 -0.02
3.5925e-07 -0.008
3.595e-07 -0.012
3.5975e-07 -0.012
3.6e-07 -0.004
3.6025e-07 -0.004
3.605e-07 -0.004
3.6075e-07 -0.004
3.61e-07 2.68221e-10
3.6125e-07 -0.004
3.615e-07 2.68221e-10
3.6175e-07 0.004
3.62e-07 -0.004
3.6225e-07 0.008
3.625e-07 0.008
3.6275e-07 0.008
3.63e-07 0.004
3.6325e-07 0.008
3.635e-07 0.008
3.6375e-07 0.008
3.64e-07 0.012
3.6425e-07 0.008
3.645e-07 0.016
3.6475e-07 0.008
3.65e-07 0.012
3.6525e-07 0.008
3.655e-07 0.012
3.6575e-07 0.008
3.66e-07 0.008
3.6625e-07 2.68221e-10
3.665e-07 0.012
3.6675e-07 2.68221e-10
3.67e-07 0.008
3.6725e-07 -0.004
3.675e-07 0.004
3.6775e-07 2.68221e-10
3.68e-07 -0.004
3.6825e-07 -0.008
3.685e-07 -0.004
3.6875e-07 -0.008
3.69e-07 -0.008
3.6925e-07 -0.008
3.695e-07 -0.012
3.6975e-07 -0.008
3.7e-07 -0.012
3.7025e-07 -0.008
3.705e-07 -0.004
3.7075e-07 -0.004
3.71e-07 -0.004
3.7125e-07 -0.004
3.715e-07 2.68221e-10
3.7175e-07 -0.008
3.72e-07 2.68221e-10
3.7225e-07 -0.004
3.725e-07 -0.004
3.7275e-07 2.68221e-10
3.73e-07 2.68221e-10
3.7325e-07 2.68221e-10
3.735e-07 2.68221e-10
3.7375e-07 0.008
3.74e-07 0.004
3.7425e-07 0.008
3.745e-07 2.68221e-10
3.7475e-07 0.004
3.75e-07 0.004
3.7525e-07 0.004
3.755e-07 0.008
3.7575e-07 0.004
3.76e-07 0.004
3.7625e-07 0.004
3.765e-07 0.004
3.7675e-07 2.68221e-10
3.77e-07 0.004
3.7725e-07 0.004
3.775e-07 2.68221e-10
3.7775e-07 0.004
3.78e-07 0.004
3.7825e-07 2.68221e-10
3.785e-07 0.012
3.7875e-07 2.68221e-10
3.79e-07 2.68221e-10
3.7925e-07 2.68221e-10
3.795e-07 2.68221e-10
3.7975e-07 -0.004
3.8e-07 -0.004
3.8025e-07 2.68221e-10
3.805e-07 -0.004
3.8075e-07 2.68221e-10
3.81e-07 -0.004
3.8125e-07 2.68221e-10
3.815e-07 -0.004
3.8175e-07 2.68221e-10
3.82e-07 -0.004
3.8225e-07 -0.008
3.825e-07 2.68221e-10
3.8275e-07 -0.004
3.83e-07 2.68221e-10
3.8325e-07 -0.008
3.835e-07 2.68221e-10
3.8375e-07 2.68221e-10
3.84e-07 2.68221e-10
3.8425e-07 2.68221e-10
3.845e-07 -0.004
3.8475e-07 0.004
3.85e-07 2.68221e-10
3.8525e-07 2.68221e-10
3.855e-07 2.68221e-10
3.8575e-07 2.68221e-10
3.86e-07 -0.004
3.8625e-07 2.68221e-10
3.865e-07 2.68221e-10
3.8675e-07 2.68221e-10
3.87e-07 -0.004
3.8725e-07 -0.004
3.875e-07 2.68221e-10
3.8775e-07 2.68221e-10
3.88e-07 0.004
3.8825e-07 2.68221e-10
3.885e-07 0.004
3.8875e-07 -0.004
3.89e-07 0.004
3.8925e-07 2.68221e-10
3.895e-07 0.008
3.8975e-07 2.68221e-10
3.9e-07 0.008
3.9025e-07 2.68221e-10
3.905e-07 0.004
3.9075e-07 2.68221e-10
3.91e-07 2.68221e-10
3.9125e-07 2.68221e-10
3.915e-07 0.004
3.9175e-07 -0.004
3.92e-07 2.68221e-10
3.9225e-07 2.68221e-10
3.925e-07 0.004
3.9275e-07 0.004
3.93e-07 0.004
3.9325e-07 2.68221e-10
3.935e-07 2.68221e-10
3.9375e-07 -0.004
3.94e-07 0.004
3.9425e-07 -0.004
3.945e-07 2.68221e-10
3.9475e-07 -0.004
3.95e-07 2.68221e-10
3.9525e-07 2.68221e-10
3.955e-07 2.68221e-10
3.9575e-07 2.68221e-10
3.96e-07 -0.004
3.9625e-07 2.68221e-10
3.965e-07 2.68221e-10
3.9675e-07 -0.004
3.97e-07 0.004
3.9725e-07 -0.004
3.975e-07 0.004
3.9775e-07 2.68221e-10
3.98e-07 0.004
3.9825e-07 -0.004
3.985e-07 0.008
3.9875e-07 2.68221e-10
3.99e-07 2.68221e-10
3.9925e-07 0.008
3.995e-07 0.012
3.9975e-07 0.012
4e-07 0.012
4.0025e-07 0.008
4.005e-07 0.012
4.0075e-07 0.004
4.01e-07 -0.004
4.0125e-07 -0.004
4.015e-07 -0.004
4.0175e-07 -0.008
4.02e-07 -0.008
4.0225e-07 -0.004
4.025e-07 -0.012
4.0275e-07 -0.008
4.03e-07 -0.008
4.0325e-07 2.68221e-10
4.035e-07 -0.008
4.0375e-07 -0.004
4.04e-07 2.68221e-10
4.0425e-07 -0.004
4.045e-07 -0.004
4.0475e-07 -0.004
4.05e-07 2.68221e-10
4.0525e-07 2.68221e-10
4.055e-07 0.004
4.0575e-07 -0.004
4.06e-07 0.008
4.0625e-07 0.012
4.065e-07 0.016
4.0675e-07 0.008
4.07e-07 0.004
4.0725e-07 2.68221e-10
4.075e-07 0.012
4.0775e-07 0.008
4.08e-07 -0.004
4.0825e-07 0.004
4.085e-07 0.004
4.0875e-07 2.68221e-10
4.09e-07 2.68221e-10
4.0925e-07 2.68221e-10
4.095e-07 2.68221e-10
4.0975e-07 -0.004
4.1e-07 0.004
4.1025e-07 2.68221e-10
4.105e-07 0.004
4.1075e-07 0.004
4.11e-07 2.68221e-10
4.1125e-07 0.004
4.115e-07 0.004
4.1175e-07 0.008
4.12e-07 0.004
4.1225e-07 2.68221e-10
4.125e-07 2.68221e-10
4.1275e-07 -0.004
4.13e-07 -0.004
4.1325e-07 -0.004
4.135e-07 -0.004
4.1375e-07 -0.008
4.14e-07 -0.008
4.1425e-07 -0.008
4.145e-07 -0.004
4.1475e-07 -0.008
4.15e-07 -0.004
4.1525e-07 -0.004
4.155e-07 2.68221e-10
4.1575e-07 -0.004
4.16e-07 -0.004
4.1625e-07 -0.004
4.165e-07 2.68221e-10
4.1675e-07 2.68221e-10
4.17e-07 2.68221e-10
4.1725e-07 2.68221e-10
4.175e-07 2.68221e-10
4.1775e-07 -0.004
4.18e-07 2.68221e-10
4.1825e-07 2.68221e-10
4.185e-07 -0.004
4.1875e-07 -0.004
4.19e-07 2.68221e-10
4.1925e-07 2.68221e-10
4.195e-07 2.68221e-10
4.1975e-07 2.68221e-10
4.2e-07 2.68221e-10
4.2025e-07 0.004
4.205e-07 0.004
4.2075e-07 0.004
4.21e-07 0.008
4.2125e-07 0.012
4.215e-07 0.012
4.2175e-07 0.02
4.22e-07 0.02
4.2225e-07 0.016
4.225e-07 0.016
4.2275e-07 0.02
4.23e-07 0.012
4.2325e-07 0.016
4.235e-07 0.008
4.2375e-07 0.004
4.24e-07 0.004
4.2425e-07 0.004
4.245e-07 -0.004
4.2475e-07 -0.012
