-2e-07 0.000377344
-1.9975e-07 0.000302344
-1.995e-07 0.000453906
-1.9925e-07 0.000425781
-1.99e-07 0.000458594
-1.9875e-07 0.000333594
-1.985e-07 0.000426563
-1.9825e-07 0.00038125
-1.98e-07 0.000410938
-1.9775e-07 0.000395313
-1.975e-07 0.000409375
-1.9725e-07 0.00035
-1.97e-07 0.000388281
-1.9675e-07 0.000365625
-1.965e-07 0.000429688
-1.9625e-07 0.000350781
-1.96e-07 0.000426563
-1.9575e-07 0.000354688
-1.955e-07 0.000377344
-1.9525e-07 0.000310938
-1.95e-07 0.000385156
-1.9475e-07 0.000314063
-1.945e-07 0.0003125
-1.9425e-07 0.000290625
-1.94e-07 0.000344531
-1.9375e-07 0.00025
-1.935e-07 0.000275
-1.9325e-07 0.000254688
-1.93e-07 0.000253906
-1.9275e-07 0.000179688
-1.925e-07 0.000221875
-1.9225e-07 0.000152344
-1.92e-07 0.000308594
-1.9175e-07 0.000203906
-1.915e-07 0.000211719
-1.9125e-07 0.000129688
-1.91e-07 0.000209375
-1.9075e-07 0.000121094
-1.905e-07 0.000226563
-1.9025e-07 0.000100781
-1.9e-07 0.000161719
-1.8975e-07 7.57813e-05
-1.895e-07 0.000191406
-1.8925e-07 8.125e-05
-1.89e-07 9.29688e-05
-1.8875e-07 0.000119531
-1.885e-07 0.00015
-1.8825e-07 0.000100781
-1.88e-07 8.35938e-05
-1.8775e-07 0.000101563
-1.875e-07 0.000103906
-1.8725e-07 6.71875e-05
-1.87e-07 0.000136719
-1.8675e-07 3.59375e-05
-1.865e-07 9.84375e-05
-1.8625e-07 2.89063e-05
-1.86e-07 0.00010625
-1.8575e-07 5e-05
-1.855e-07 0.000122656
-1.8525e-07 7.81263e-07
-1.85e-07 9.29688e-05
-1.8475e-07 5.70313e-05
-1.845e-07 0.000119531
-1.8425e-07 2.73438e-05
-1.84e-07 0.000116406
-1.8375e-07 0.000105469
-1.835e-07 0.000147656
-1.8325e-07 8.28125e-05
-1.83e-07 0.000129688
-1.8275e-07 7.03125e-05
-1.825e-07 0.000180469
-1.8225e-07 0.000115625
-1.82e-07 0.000164844
-1.8175e-07 9.76563e-05
-1.815e-07 0.000235156
-1.8125e-07 0.000114844
-1.81e-07 0.000186719
-1.8075e-07 0.000116406
-1.805e-07 0.000205469
-1.8025e-07 0.000124219
-1.8e-07 0.000173438
-1.7975e-07 0.000154688
-1.795e-07 0.000188281
-1.7925e-07 0.000146875
-1.79e-07 0.000253125
-1.7875e-07 0.000217188
-1.785e-07 0.000235156
-1.7825e-07 0.000199219
-1.78e-07 0.000207031
-1.7775e-07 0.000211719
-1.775e-07 0.000242188
-1.7725e-07 0.000192188
-1.77e-07 0.000239844
-1.7675e-07 0.000175
-1.765e-07 0.000252344
-1.7625e-07 0.000167969
-1.76e-07 0.000285938
-1.7575e-07 0.000210938
-1.755e-07 0.00029375
-1.7525e-07 0.0002375
-1.75e-07 0.000307031
-1.7475e-07 0.000245313
-1.745e-07 0.000338281
-1.7425e-07 0.000242969
-1.74e-07 0.00029375
-1.7375e-07 0.000253125
-1.735e-07 0.000328906
-1.7325e-07 0.000238281
-1.73e-07 0.000339063
-1.7275e-07 0.000292969
-1.725e-07 0.000320313
-1.7225e-07 0.000234375
-1.72e-07 0.000330469
-1.7175e-07 0.000289844
-1.715e-07 0.00035
-1.7125e-07 0.000329688
-1.71e-07 0.000340625
-1.7075e-07 0.000258594
-1.705e-07 0.00036875
-1.7025e-07 0.000338281
-1.7e-07 0.000321094
-1.6975e-07 0.000303125
-1.695e-07 0.000342188
-1.6925e-07 0.000267969
-1.69e-07 0.000308594
-1.6875e-07 0.000284375
-1.685e-07 0.000296875
-1.6825e-07 0.000219531
-1.68e-07 0.000314844
-1.6775e-07 0.000246094
-1.675e-07 0.000276563
-1.6725e-07 0.000217188
-1.67e-07 0.000335156
-1.6675e-07 0.000223438
-1.665e-07 0.000282813
-1.6625e-07 0.0002125
-1.66e-07 0.000260938
-1.6575e-07 0.000233594
-1.655e-07 0.00023125
-1.6525e-07 0.000203125
-1.65e-07 0.000242188
-1.6475e-07 0.000175
-1.645e-07 0.000239063
-1.6425e-07 0.000189063
-1.64e-07 0.000196094
-1.6375e-07 0.000196094
-1.635e-07 0.000209375
-1.6325e-07 0.000129688
-1.63e-07 0.000208594
-1.6275e-07 0.000140625
-1.625e-07 0.000242969
-1.6225e-07 0.00014375
-1.62e-07 0.000186719
-1.6175e-07 0.000157031
-1.615e-07 0.000175781
-1.6125e-07 0.000155469
-1.61e-07 0.000133594
-1.6075e-07 0.000108594
-1.605e-07 0.000198438
-1.6025e-07 0.000134375
-1.6e-07 0.00018125
-1.5975e-07 0.00013125
-1.595e-07 0.000182813
-1.5925e-07 0.000119531
-1.59e-07 0.000166406
-1.5875e-07 9.21875e-05
-1.585e-07 0.000150781
-1.5825e-07 0.000101563
-1.58e-07 0.000207813
-1.5775e-07 0.000128125
-1.575e-07 0.000157031
-1.5725e-07 0.000139844
-1.57e-07 0.000140625
-1.5675e-07 0.000128906
-1.565e-07 0.000192969
-1.5625e-07 0.0001125
-1.56e-07 0.000225781
-1.5575e-07 0.000132031
-1.555e-07 0.000214844
-1.5525e-07 0.000171875
-1.55e-07 0.000157031
-1.5475e-07 0.000182813
-1.545e-07 0.000210938
-1.5425e-07 0.000159375
-1.54e-07 0.000151563
-1.5375e-07 0.000139063
-1.535e-07 0.000252344
-1.5325e-07 0.000165625
-1.53e-07 0.000199219
-1.5275e-07 0.000164844
-1.525e-07 0.000196094
-1.5225e-07 0.000121094
-1.52e-07 0.000246875
-1.5175e-07 0.000147656
-1.515e-07 0.000240625
-1.5125e-07 0.000207813
-1.51e-07 0.000248438
-1.5075e-07 0.000139844
-1.505e-07 0.000251563
-1.5025e-07 0.000227344
-1.5e-07 0.000246094
-1.4975e-07 0.00018125
-1.495e-07 0.000271094
-1.4925e-07 0.000202344
-1.49e-07 0.000261719
-1.4875e-07 0.00021875
-1.485e-07 0.000305469
-1.4825e-07 0.0002
-1.48e-07 0.000257813
-1.4775e-07 0.000210938
-1.475e-07 0.000265625
-1.4725e-07 0.000217188
-1.47e-07 0.00029375
-1.4675e-07 0.000203125
-1.465e-07 0.000242188
-1.4625e-07 0.000191406
-1.46e-07 0.000305469
-1.4575e-07 0.000190625
-1.455e-07 0.000271094
-1.4525e-07 0.00025
-1.45e-07 0.000300781
-1.4475e-07 0.000203125
-1.445e-07 0.000269531
-1.4425e-07 0.000204688
-1.44e-07 0.000303906
-1.4375e-07 0.000200781
-1.435e-07 0.000297656
-1.4325e-07 0.000208594
-1.43e-07 0.000266406
-1.4275e-07 0.000251563
-1.425e-07 0.000330469
-1.4225e-07 0.000196094
-1.42e-07 0.000228125
-1.4175e-07 0.000189063
-1.415e-07 0.00026875
-1.4125e-07 0.000208594
-1.41e-07 0.00025
-1.4075e-07 0.0002375
-1.405e-07 0.000228906
-1.4025e-07 0.000209375
-1.4e-07 0.000176563
-1.3975e-07 0.000128906
-1.395e-07 0.000240625
-1.3925e-07 0.000116406
-1.39e-07 0.000222656
-1.3875e-07 0.000146875
-1.385e-07 0.00019375
-1.3825e-07 0.000146094
-1.38e-07 0.000191406
-1.3775e-07 0.000153125
-1.375e-07 0.000186719
-1.3725e-07 9.29688e-05
-1.37e-07 0.000149219
-1.3675e-07 0.000122656
-1.365e-07 0.000196094
-1.3625e-07 5.39063e-05
-1.36e-07 7.10938e-05
-1.3575e-07 0.000100781
-1.355e-07 0.000142969
-1.3525e-07 8.20313e-05
-1.35e-07 0.000103125
-1.3475e-07 4.0625e-05
-1.345e-07 9.375e-05
-1.3425e-07 5.3125e-05
-1.34e-07 9.76563e-05
-1.3375e-07 2.8125e-05
-1.335e-07 9.92188e-05
-1.3325e-07 4.29688e-05
-1.33e-07 0.000110156
-1.3275e-07 2.34375e-05
-1.325e-07 8.20313e-05
-1.3225e-07 -2.34374e-06
-1.32e-07 0.000107813
-1.3175e-07 3.98438e-05
-1.315e-07 9.53125e-05
-1.3125e-07 1.32813e-05
-1.31e-07 0.000115625
-1.3075e-07 1.5625e-05
-1.305e-07 8.04688e-05
-1.3025e-07 2.57813e-05
-1.3e-07 9.29688e-05
-1.2975e-07 3.98438e-05
-1.295e-07 2.8125e-05
-1.2925e-07 7.42188e-05
-1.29e-07 0.000110156
-1.2875e-07 3.82813e-05
-1.285e-07 0.000117188
-1.2825e-07 3.98438e-05
-1.28e-07 0.000160938
-1.2775e-07 4.14063e-05
-1.275e-07 0.000126563
-1.2725e-07 9.53125e-05
-1.27e-07 0.000152344
-1.2675e-07 0.000111719
-1.265e-07 0.000109375
-1.2625e-07 9.14063e-05
-1.26e-07 0.000200781
-1.2575e-07 0.000144531
-1.255e-07 0.000163281
-1.2525e-07 0.000102344
-1.25e-07 0.000223438
-1.2475e-07 0.000149219
-1.245e-07 0.0002375
-1.2425e-07 0.000174219
-1.24e-07 0.000273438
-1.2375e-07 0.00023125
-1.235e-07 0.000269531
-1.2325e-07 0.000226563
-1.23e-07 0.000260156
-1.2275e-07 0.000203125
-1.225e-07 0.000274219
-1.2225e-07 0.000185938
-1.22e-07 0.000230469
-1.2175e-07 0.0002125
-1.215e-07 0.000261719
-1.2125e-07 0.000184375
-1.21e-07 0.000258594
-1.2075e-07 0.000169531
-1.205e-07 0.000257813
-1.2025e-07 0.000198438
-1.2e-07 0.000227344
-1.1975e-07 0.000192969
-1.195e-07 0.000278906
-1.1925e-07 0.000176563
-1.19e-07 0.000247656
-1.1875e-07 0.000148438
-1.185e-07 0.000197656
-1.1825e-07 0.000128125
-1.18e-07 0.000291406
-1.1775e-07 0.000182031
-1.175e-07 0.000279688
-1.1725e-07 0.000246094
-1.17e-07 0.000272656
-1.1675e-07 0.000266406
-1.165e-07 0.000278125
-1.1625e-07 0.000155469
-1.16e-07 0.0002375
-1.1575e-07 0.000166406
-1.155e-07 0.000297656
-1.1525e-07 0.000204688
-1.15e-07 0.000257813
-1.1475e-07 0.000195313
-1.145e-07 0.000273438
-1.1425e-07 0.000183594
-1.14e-07 0.00033125
-1.1375e-07 0.000271094
-1.135e-07 0.000289063
-1.1325e-07 0.000228906
-1.13e-07 0.000377344
-1.1275e-07 0.000329688
-1.125e-07 0.000296875
-1.1225e-07 0.000253906
-1.12e-07 0.000385156
-1.1175e-07 0.000315625
-1.115e-07 0.000332813
-1.1125e-07 0.000303125
-1.11e-07 0.000254688
-1.1075e-07 0.000184375
-1.105e-07 0.000242188
-1.1025e-07 0.000186719
-1.1e-07 0.000229688
-1.0975e-07 0.000167969
-1.095e-07 0.000185156
-1.0925e-07 0.000154688
-1.09e-07 0.000214063
-1.0875e-07 0.000154688
-1.085e-07 0.000282813
-1.0825e-07 0.000192969
-1.08e-07 0.000217188
-1.0775e-07 0.000114063
-1.075e-07 0.000234375
-1.0725e-07 8.04688e-05
-1.07e-07 9.84375e-05
-1.0675e-07 -3.75e-05
-1.065e-07 8.35938e-05
-1.0625e-07 7.73438e-05
-1.06e-07 0.000120313
-1.0575e-07 7.34375e-05
-1.055e-07 8.20313e-05
-1.0525e-07 2.73438e-05
-1.05e-07 2.34375e-05
-1.0475e-07 -5e-05
-1.045e-07 -4.68749e-06
-1.0425e-07 -3.28125e-05
-1.04e-07 9.6875e-05
-1.0375e-07 5.625e-05
-1.035e-07 0.000152344
-1.0325e-07 -3.35937e-05
-1.03e-07 -1.875e-05
-1.0275e-07 -7.03124e-06
-1.025e-07 1.875e-05
-1.0225e-07 -6.64062e-05
-1.02e-07 1.56251e-06
-1.0175e-07 -0.000116406
-1.015e-07 -5.9375e-05
-1.0125e-07 -0.000109375
-1.01e-07 -0.000110156
-1.0075e-07 -0.000128906
-1.005e-07 -9.37499e-06
-1.0025e-07 -8.98437e-05
-1e-07 -3.67187e-05
-9.975e-08 -4.6875e-05
-9.95e-08 1.875e-05
-9.925e-08 -0.000107812
-9.9e-08 -0.000124219
-9.875e-08 -0.000158594
-9.85e-08 -0.000139844
-9.825e-08 -0.000221094
-9.8e-08 -0.000142969
-9.775e-08 -0.000240625
-9.75e-08 -0.000158594
-9.725e-08 -0.000232812
-9.7e-08 -0.000128125
-9.675e-08 -0.000209375
-9.65e-08 -0.000175781
-9.625e-08 -0.000202344
-9.6e-08 -0.0001625
-9.575e-08 -0.000178125
-9.55e-08 -7.73437e-05
-9.525e-08 -0.000151562
-9.5e-08 -9.6875e-05
-9.475e-08 -0.000158594
-9.45e-08 -0.000113281
-9.425e-08 -0.000216406
-9.4e-08 -0.000139062
-9.375e-08 -0.000246875
-9.35e-08 -0.000214062
-9.325e-08 -0.000279687
-9.3e-08 -0.00023125
-9.275e-08 -0.000310937
-9.25e-08 -0.0002125
-9.225e-08 -0.000202344
-9.2e-08 -0.000141406
-9.175e-08 -0.000194531
-9.15e-08 -0.000146875
-9.125e-08 -0.000110156
-9.1e-08 1.875e-05
-9.075e-08 2.34376e-06
-9.05e-08 8.35938e-05
-9.025e-08 5.39063e-05
-9e-08 4.60938e-05
-8.975e-08 7.65625e-05
-8.95e-08 0.000138281
-8.925e-08 0.000113281
-8.9e-08 0.000126563
-8.875e-08 0.000110938
-8.85e-08 0.000171875
-8.825e-08 0.000117188
-8.8e-08 0.00016875
-8.775e-08 0.000103906
-8.75e-08 0.000189063
-8.725e-08 0.000160156
-8.7e-08 0.000228125
-8.675e-08 0.000217188
-8.65e-08 0.000298438
-8.625e-08 0.000175
-8.6e-08 0.000295313
-8.575e-08 0.000251563
-8.55e-08 0.000376563
-8.525e-08 0.000221094
-8.5e-08 0.000290625
-8.475e-08 0.000186719
-8.45e-08 0.000321094
-8.425e-08 0.000184375
-8.4e-08 0.000280469
-8.375e-08 0.000217188
-8.35e-08 0.000217188
-8.325e-08 0.000173438
-8.3e-08 0.0002375
-8.275e-08 0.000171094
-8.25e-08 0.000210156
-8.225e-08 0.000127344
-8.2e-08 0.000222656
-8.175e-08 0.000167969
-8.15e-08 0.000245313
-8.125e-08 0.000200781
-8.1e-08 0.000309375
-8.075e-08 0.00016875
-8.05e-08 0.000235938
-8.025e-08 0.000125
-8e-08 0.000170313
-7.975e-08 8.75e-05
-7.95e-08 0.00015
-7.925e-08 0.000103125
-7.9e-08 0.000201563
-7.875e-08 0.000178906
-7.85e-08 0.000191406
-7.825e-08 0.000110156
-7.8e-08 4.375e-05
-7.775e-08 3.12501e-06
-7.75e-08 8.35938e-05
-7.725e-08 9.45313e-05
-7.7e-08 0.000136719
-7.675e-08 0.0001125
-7.65e-08 0.000207031
-7.625e-08 0.000122656
-7.6e-08 0.0001
-7.575e-08 1.01563e-05
-7.55e-08 8.59376e-06
-7.525e-08 -6.71875e-05
-7.5e-08 2.8125e-05
-7.475e-08 -1.40625e-05
-7.45e-08 7.1875e-05
-7.425e-08 -4.29687e-05
-7.4e-08 -4.68749e-06
-7.375e-08 -0.000114062
-7.35e-08 -2.96875e-05
-7.325e-08 -0.000115625
-7.3e-08 -4.60937e-05
-7.275e-08 -2.42187e-05
-7.25e-08 3.82813e-05
-7.225e-08 -1.5625e-05
-7.2e-08 -1.17187e-05
-7.175e-08 -2.34375e-05
-7.15e-08 -1.32812e-05
-7.125e-08 -0.000125781
-7.1e-08 -5.15625e-05
-7.075e-08 -8.20312e-05
-7.05e-08 -3.90624e-06
-7.025e-08 -9.29687e-05
-7e-08 -7.1875e-05
-6.975e-08 -7.42187e-05
-6.95e-08 7.81251e-06
-6.925e-08 -5.70312e-05
-6.9e-08 -3.4375e-05
-6.875e-08 -8.75e-05
-6.85e-08 -5.46874e-06
-6.825e-08 -7.57812e-05
-6.8e-08 -8.51562e-05
-6.775e-08 -9.60937e-05
-6.75e-08 -5.85937e-05
-6.725e-08 -6.40625e-05
-6.7e-08 3.59375e-05
-6.675e-08 -1.71875e-05
-6.65e-08 -5.70312e-05
-6.625e-08 -6.64062e-05
-6.6e-08 -3.90624e-06
-6.575e-08 3.125e-05
-6.55e-08 8.98438e-05
-6.525e-08 3.59375e-05
-6.5e-08 0.000139844
-6.475e-08 0.000147656
-6.45e-08 0.000108594
-6.425e-08 0.000113281
-6.4e-08 0.000280469
-6.375e-08 0.000202344
-6.35e-08 0.000260938
-6.325e-08 0.000175781
-6.3e-08 0.00020625
-6.275e-08 0.000182813
-6.25e-08 0.000225781
-6.225e-08 0.00018125
-6.2e-08 0.000279688
-6.175e-08 0.000228906
-6.15e-08 0.000299219
-6.125e-08 0.000257031
-6.1e-08 0.000395313
-6.075e-08 0.000297656
-6.05e-08 0.000403906
-6.025e-08 0.000392188
-6e-08 0.000499219
-5.975e-08 0.000375
-5.95e-08 0.000403125
-5.925e-08 0.000353125
-5.9e-08 0.000460156
-5.875e-08 0.000425
-5.85e-08 0.000438281
-5.825e-08 0.000475781
-5.8e-08 0.000489063
-5.775e-08 0.00049375
-5.75e-08 0.000516406
-5.725e-08 0.000439844
-5.7e-08 0.000499219
-5.675e-08 0.000444531
-5.65e-08 0.0005125
-5.625e-08 0.000433594
-5.6e-08 0.000523438
-5.575e-08 0.000519531
-5.55e-08 0.000604687
-5.525e-08 0.000413281
-5.5e-08 0.000489063
-5.475e-08 0.000461719
-5.45e-08 0.000549219
-5.425e-08 0.000496875
-5.4e-08 0.000535937
-5.375e-08 0.000490625
-5.35e-08 0.000544531
-5.325e-08 0.000442969
-5.3e-08 0.000492969
-5.275e-08 0.000433594
-5.25e-08 0.000476563
-5.225e-08 0.000441406
-5.2e-08 0.000471875
-5.175e-08 0.000396875
-5.15e-08 0.000365625
-5.125e-08 0.000374219
-5.1e-08 0.000471094
-5.075e-08 0.000322656
-5.05e-08 0.000425781
-5.025e-08 0.000350781
-5e-08 0.000454688
-4.975e-08 0.000385156
-4.95e-08 0.00038125
-4.925e-08 0.000239063
-4.9e-08 0.000321094
-4.875e-08 0.000290625
-4.85e-08 0.000329688
-4.825e-08 0.000221094
-4.8e-08 0.000301563
-4.775e-08 0.000263281
-4.75e-08 0.000269531
-4.725e-08 0.00018125
-4.7e-08 0.000250781
-4.675e-08 0.000149219
-4.65e-08 0.000295313
-4.625e-08 0.000227344
-4.6e-08 0.000236719
-4.575e-08 0.00015
-4.55e-08 0.00024375
-4.525e-08 0.000113281
-4.5e-08 0.000141406
-4.475e-08 6.48438e-05
-4.45e-08 0.000151563
-4.425e-08 0.000121875
-4.4e-08 0.000192188
-4.375e-08 0.00015
-4.35e-08 0.000201563
-4.325e-08 0.000171875
-4.3e-08 0.000189844
-4.275e-08 0.000192188
-4.25e-08 0.000167969
-4.225e-08 0.000154688
-4.2e-08 0.000207031
-4.175e-08 0.000245313
-4.15e-08 0.000275781
-4.125e-08 0.000186719
-4.1e-08 0.000249219
-4.075e-08 0.000214844
-4.05e-08 0.000260938
-4.025e-08 0.000302344
-4e-08 0.000357813
-3.975e-08 0.000335156
-3.95e-08 0.000432031
-3.925e-08 0.00036875
-3.9e-08 0.000438281
-3.875e-08 0.00044375
-3.85e-08 0.000613281
-3.825e-08 0.000600781
-3.8e-08 0.000670312
-3.775e-08 0.000690625
-3.75e-08 0.00085625
-3.725e-08 0.000857031
-3.7e-08 0.0008875
-3.675e-08 0.000927344
-3.65e-08 0.00104375
-3.625e-08 0.00108516
-3.6e-08 0.00116328
-3.575e-08 0.0010625
-3.55e-08 0.00115781
-3.525e-08 0.00107109
-3.5e-08 0.00105156
-3.475e-08 0.000957812
-3.45e-08 0.00100781
-3.425e-08 0.000861719
-3.4e-08 0.000961719
-3.375e-08 0.000988281
-3.35e-08 0.00107266
-3.325e-08 0.00108828
-3.3e-08 0.00132109
-3.275e-08 0.00135625
-3.25e-08 0.00145469
-3.225e-08 0.00148203
-3.2e-08 0.00155703
-3.175e-08 0.00143828
-3.15e-08 0.00166797
-3.125e-08 0.00246328
-3.1e-08 0.00485781
-3.075e-08 0.00818672
-3.05e-08 0.0116445
-3.025e-08 0.0137891
-3e-08 0.0138297
-2.975e-08 0.0112094
-2.95e-08 0.00668437
-2.925e-08 0.000766406
-2.9e-08 -0.00502031
-2.875e-08 -0.00998047
-2.85e-08 -0.0134773
-2.825e-08 -0.0154344
-2.8e-08 -0.0155086
-2.775e-08 -0.0145125
-2.75e-08 -0.0123203
-2.725e-08 -0.00962734
-2.7e-08 -0.00644062
-2.675e-08 -0.00315312
-2.65e-08 1.95313e-05
-2.625e-08 0.00216562
-2.6e-08 0.00308047
-2.575e-08 0.00245156
-2.55e-08 0.000735156
-2.525e-08 -0.00188672
-2.5e-08 -0.00471328
-2.475e-08 -0.00767344
-2.45e-08 -0.0102852
-2.425e-08 -0.0123961
-2.4e-08 -0.0135711
-2.375e-08 -0.0137906
-2.35e-08 -0.0127961
-2.325e-08 -0.0112477
-2.3e-08 -0.00906953
-2.275e-08 -0.00687031
-2.25e-08 -0.00454687
-2.225e-08 -0.00241562
-2.2e-08 -0.000166406
-2.175e-08 0.00196641
-2.15e-08 0.00427969
-2.125e-08 0.00619375
-2.1e-08 0.00788828
-2.075e-08 0.00918516
-2.05e-08 0.0102187
-2.025e-08 0.0106781
-2e-08 0.0106125
-1.975e-08 0.00993906
-1.95e-08 0.00883516
-1.925e-08 0.00742266
-1.9e-08 0.00631484
-1.875e-08 0.00533047
-1.85e-08 0.00484453
-1.825e-08 0.00460781
-1.8e-08 0.00494141
-1.775e-08 0.00543437
-1.75e-08 0.00649141
-1.725e-08 0.00766016
-1.7e-08 0.00926328
-1.675e-08 0.0107664
-1.65e-08 0.0122344
-1.625e-08 0.01335
-1.6e-08 0.0142398
-1.575e-08 0.0145258
-1.55e-08 0.0143656
-1.525e-08 0.0135164
-1.5e-08 0.0122797
-1.475e-08 0.0104148
-1.45e-08 0.00833594
-1.425e-08 0.00583203
-1.4e-08 0.00330625
-1.375e-08 0.0007
-1.35e-08 -0.00167969
-1.325e-08 -0.00405625
-1.3e-08 -0.00603828
-1.275e-08 -0.00782109
-1.25e-08 -0.00930547
-1.225e-08 -0.0105023
-1.2e-08 -0.0112953
-1.175e-08 -0.0119844
-1.15e-08 -0.0122719
-1.125e-08 -0.0123672
-1.1e-08 -0.0121336
-1.075e-08 -0.0117359
-1.05e-08 -0.0110656
-1.025e-08 -0.0103352
-1e-08 -0.00941953
-9.75e-09 -0.00855703
-9.5e-09 -0.00752578
-9.25e-09 -0.00657656
-9e-09 -0.00559062
-8.75e-09 -0.0046875
-8.5e-09 -0.00377031
-8.25e-09 -0.0030125
-8e-09 -0.00216797
-7.75e-09 -0.00143828
-7.5e-09 -0.000571875
-7.25e-09 0.000298438
-7e-09 0.00131875
-6.75e-09 0.00228047
-6.5e-09 0.00340078
-6.25e-09 0.00436328
-6e-09 0.00533359
-5.75e-09 0.00613125
-5.5e-09 0.00700312
-5.25e-09 0.00749844
-5e-09 0.00791484
-4.75e-09 0.00802969
-4.5e-09 0.00802422
-4.25e-09 0.00775703
-4e-09 0.00731484
-3.75e-09 0.00655547
-3.5e-09 0.00577109
-3.25e-09 0.00472656
-3e-09 0.00366484
-2.75e-09 0.00246719
-2.5e-09 0.00135469
-2.25e-09 0.000159375
-2e-09 -0.000866406
-1.75e-09 -0.00188516
-1.5e-09 -0.00256719
-1.25e-09 -0.00328672
-1e-09 -0.003775
-7.5e-10 -0.00421719
-5e-10 -0.00447109
-2.5e-10 -0.00469453
0 -0.00483828
2.5e-10 -0.00499141
5e-10 -0.005025
7.5e-10 -0.0051125
1e-09 -0.00499922
1.25e-09 -0.00499609
1.5e-09 -0.00479844
1.75e-09 -0.00467187
2e-09 -0.00443047
2.25e-09 -0.00430312
2.5e-09 -0.00404609
2.75e-09 -0.00388047
3e-09 -0.00351875
3.25e-09 -0.00318594
3.5e-09 -0.00283047
3.75e-09 -0.00245234
4e-09 -0.00195312
4.25e-09 -0.0013625
4.5e-09 -0.000784375
4.75e-09 -0.000265625
5e-09 0.000401563
5.25e-09 0.000825781
5.5e-09 0.00144844
5.75e-09 0.00180547
6e-09 0.00225625
6.25e-09 0.00254453
6.5e-09 0.00287344
6.75e-09 0.00298984
7e-09 0.00319922
7.25e-09 0.00321641
7.5e-09 0.00332656
7.75e-09 0.00320547
8e-09 0.00324609
8.25e-09 0.00305078
8.5e-09 0.003
8.75e-09 0.002825
9e-09 0.00272187
9.25e-09 0.00257734
9.5e-09 0.00256641
9.75e-09 0.00242812
1e-08 0.00251406
1.025e-08 0.00247422
1.05e-08 0.00247734
1.075e-08 0.00228672
1.1e-08 0.00232891
1.125e-08 0.00212969
1.15e-08 0.00206719
1.175e-08 0.00180547
1.2e-08 0.00179375
1.225e-08 0.00165156
1.25e-08 0.00158828
1.275e-08 0.0015
1.3e-08 0.00152891
1.325e-08 0.00142344
1.35e-08 0.00154687
1.375e-08 0.00144297
1.4e-08 0.00158906
1.425e-08 0.00150156
1.45e-08 0.00161406
1.475e-08 0.00150312
1.5e-08 0.00131484
1.525e-08 0.000769531
1.55e-08 0.000188281
1.575e-08 -0.000664062
1.6e-08 -0.0012875
1.625e-08 -0.00185469
1.65e-08 -0.00206641
1.675e-08 -0.00218906
1.7e-08 -0.00210781
1.725e-08 -0.00192578
1.75e-08 -0.00164687
1.775e-08 -0.00155937
1.8e-08 -0.00150781
1.825e-08 -0.00168281
1.85e-08 -0.00170625
1.875e-08 -0.0019125
1.9e-08 -0.00176953
1.925e-08 -0.001675
1.95e-08 -0.00126641
1.975e-08 -0.000895312
2e-08 -0.00033125
2.025e-08 -3.28125e-05
2.05e-08 0.000229688
2.075e-08 0.000173438
2.1e-08 0.000110156
2.125e-08 -0.000183594
2.15e-08 -0.000323437
2.175e-08 -0.000640625
2.2e-08 -0.000660937
2.225e-08 -0.000671094
2.25e-08 -0.000478125
2.275e-08 -0.000345312
2.3e-08 0.000165625
2.325e-08 0.000583594
2.35e-08 0.0011625
2.375e-08 0.00150469
2.4e-08 0.00187266
2.425e-08 0.00203203
2.45e-08 0.00229297
2.475e-08 0.00218516
2.5e-08 0.00203594
2.525e-08 0.00162109
2.55e-08 0.00106094
2.575e-08 0.000263281
2.6e-08 -0.000603125
2.625e-08 -0.00175859
2.65e-08 -0.0027875
2.675e-08 -0.00396953
2.7e-08 -0.00494844
2.725e-08 -0.00564687
2.75e-08 -0.00575937
2.775e-08 -0.00550469
2.8e-08 -0.00467578
2.825e-08 -0.00346641
2.85e-08 -0.00187734
2.875e-08 -0.000454687
2.9e-08 0.000853125
2.925e-08 0.00167187
2.95e-08 0.00223281
2.975e-08 0.00227578
3e-08 0.00200625
3.025e-08 0.00133281
3.05e-08 0.000603906
3.075e-08 -0.000289844
3.1e-08 -0.000896094
3.125e-08 -0.00139844
3.15e-08 -0.00149531
3.175e-08 -0.00141016
3.2e-08 -0.000875781
3.225e-08 -0.000365625
3.25e-08 0.000352344
3.275e-08 0.00100156
3.3e-08 0.00167812
3.325e-08 0.00227422
3.35e-08 0.00283516
3.375e-08 0.00313437
3.4e-08 0.00338437
3.425e-08 0.00360781
3.45e-08 0.00388437
3.475e-08 0.00402891
3.5e-08 0.00430547
3.525e-08 0.00427344
3.55e-08 0.00418047
3.575e-08 0.00374219
3.6e-08 0.00320469
3.625e-08 0.00237344
3.65e-08 0.00143281
3.675e-08 0.000289063
3.7e-08 -0.000684375
3.725e-08 -0.00164297
3.75e-08 -0.0023
3.775e-08 -0.00290547
3.8e-08 -0.00311719
3.825e-08 -0.00335859
3.85e-08 -0.00329531
3.875e-08 -0.00327969
3.9e-08 -0.00302812
3.925e-08 -0.00294844
3.95e-08 -0.00275
3.975e-08 -0.00278203
4e-08 -0.00273594
4.025e-08 -0.00283047
4.05e-08 -0.00265
4.075e-08 -0.00255547
4.1e-08 -0.00230469
4.125e-08 -0.00201562
4.15e-08 -0.001725
4.175e-08 -0.00167031
4.2e-08 -0.0016875
4.225e-08 -0.00183203
4.25e-08 -0.00170391
4.275e-08 -0.00141406
4.3e-08 -0.000538281
4.325e-08 0.000508594
4.35e-08 0.00190859
4.375e-08 0.00339062
4.4e-08 0.00470078
4.425e-08 0.00560781
4.45e-08 0.00627344
4.475e-08 0.00635156
4.5e-08 0.00633203
4.525e-08 0.00606484
4.55e-08 0.00581562
4.575e-08 0.00529531
4.6e-08 0.00488984
4.625e-08 0.0043
4.65e-08 0.00374531
4.675e-08 0.00315703
4.7e-08 0.00263594
4.725e-08 0.00199062
4.75e-08 0.00159687
4.775e-08 0.00121328
4.8e-08 0.00116719
4.825e-08 0.00107656
4.85e-08 0.00116328
4.875e-08 0.00113281
4.9e-08 0.00116953
4.925e-08 0.00113594
4.95e-08 0.000924219
4.975e-08 0.0005625
5e-08 0.000132031
5.025e-08 -0.000547656
5.05e-08 -0.00114687
5.075e-08 -0.00183984
5.1e-08 -0.00236797
5.125e-08 -0.0028875
5.15e-08 -0.00319141
5.175e-08 -0.00344766
5.2e-08 -0.00343437
5.225e-08 -0.00337266
5.25e-08 -0.00311875
5.275e-08 -0.00288203
5.3e-08 -0.00251094
5.325e-08 -0.00213203
5.35e-08 -0.00161953
5.375e-08 -0.00123828
5.4e-08 -0.00070625
5.425e-08 -0.000351562
5.45e-08 8.51563e-05
5.475e-08 0.000150781
5.5e-08 0.000329688
5.525e-08 0.000251563
5.55e-08 0.000185938
5.575e-08 1.95313e-05
5.6e-08 -8.75e-05
5.625e-08 -0.000235937
5.65e-08 -0.00024375
5.675e-08 -0.000417187
5.7e-08 -0.000378125
5.725e-08 -0.000403125
5.75e-08 -0.000242969
5.775e-08 -0.000260937
5.8e-08 -9.60937e-05
5.825e-08 8.20313e-05
5.85e-08 0.000242969
5.875e-08 0.000369531
5.9e-08 0.000360938
5.925e-08 0.000119531
5.95e-08 -0.000203906
5.975e-08 -0.00074375
6e-08 -0.00135937
6.025e-08 -0.00213203
6.05e-08 -0.00271797
6.075e-08 -0.00325547
6.1e-08 -0.00348359
6.125e-08 -0.00355312
6.15e-08 -0.00334297
6.175e-08 -0.0030875
6.2e-08 -0.00256172
6.225e-08 -0.00213828
6.25e-08 -0.00155391
6.275e-08 -0.00107578
6.3e-08 -0.000527344
6.325e-08 -0.000109375
6.35e-08 0.000427344
6.375e-08 0.000674219
6.4e-08 0.00117656
6.425e-08 0.00120625
6.45e-08 0.00152734
6.475e-08 0.00150156
6.5e-08 0.00153203
6.525e-08 0.00139375
6.55e-08 0.00138906
6.575e-08 0.00125078
6.6e-08 0.00135156
6.625e-08 0.00130547
6.65e-08 0.00142812
6.675e-08 0.00150391
6.7e-08 0.00161875
6.725e-08 0.00164297
6.75e-08 0.00161328
6.775e-08 0.00147031
6.8e-08 0.00146953
6.825e-08 0.00132187
6.85e-08 0.00128594
6.875e-08 0.00112187
6.9e-08 0.00109609
6.925e-08 0.000870312
6.95e-08 0.000794531
6.975e-08 0.000584375
7e-08 0.000392188
7.025e-08 0.000201563
7.05e-08 6.875e-05
7.075e-08 -0.000128906
7.1e-08 -0.0001125
7.125e-08 -0.000207031
7.15e-08 1.5625e-05
7.175e-08 0.000125781
7.2e-08 0.00041875
7.225e-08 0.000502344
7.25e-08 0.000790625
7.275e-08 0.000891406
7.3e-08 0.00107422
7.325e-08 0.00115078
7.35e-08 0.00134453
7.375e-08 0.00126719
7.4e-08 0.00132891
7.425e-08 0.00122734
7.45e-08 0.00122266
7.475e-08 0.00113047
7.5e-08 0.00109375
7.525e-08 0.000989062
7.55e-08 0.000979687
7.575e-08 0.000900781
7.6e-08 0.000861719
7.625e-08 0.000817187
7.65e-08 0.000809375
7.675e-08 0.000685156
7.7e-08 0.000682812
7.725e-08 0.000494531
7.75e-08 0.0004375
7.775e-08 0.000192188
7.8e-08 9.6875e-05
7.825e-08 -0.000135156
7.85e-08 -0.000226562
7.875e-08 -0.000466406
7.9e-08 -0.000514062
7.925e-08 -0.000846094
7.95e-08 -0.000866406
7.975e-08 -0.00117422
8e-08 -0.00116328
8.025e-08 -0.00132187
8.05e-08 -0.00139062
8.075e-08 -0.00149844
8.1e-08 -0.00148828
8.125e-08 -0.00152187
8.15e-08 -0.00149922
8.175e-08 -0.00161484
8.2e-08 -0.0015125
8.225e-08 -0.001575
8.25e-08 -0.0015
8.275e-08 -0.00154141
8.3e-08 -0.00149297
8.325e-08 -0.00155625
8.35e-08 -0.00157031
8.375e-08 -0.00166016
8.4e-08 -0.00170781
8.425e-08 -0.001825
8.45e-08 -0.0018125
8.475e-08 -0.00194375
8.5e-08 -0.00193437
8.525e-08 -0.00193516
8.55e-08 -0.00188281
8.575e-08 -0.00190078
8.6e-08 -0.00176094
8.625e-08 -0.00174062
8.65e-08 -0.00157422
8.675e-08 -0.00147891
8.7e-08 -0.00121094
8.725e-08 -0.00108203
8.75e-08 -0.000900781
8.775e-08 -0.000784375
8.8e-08 -0.000608594
8.825e-08 -0.000505469
8.85e-08 -0.000382812
8.875e-08 -0.000407812
8.9e-08 -0.000302344
8.925e-08 -0.000360937
8.95e-08 -0.000240625
8.975e-08 -0.000283594
9e-08 -0.000110156
9.025e-08 -8.51562e-05
9.05e-08 -3.90624e-06
9.075e-08 7.26563e-05
9.1e-08 0.0002125
9.125e-08 0.000239063
9.15e-08 0.000361719
9.175e-08 0.0005
9.2e-08 0.000669531
9.225e-08 0.000770312
9.25e-08 0.00102578
9.275e-08 0.00106797
9.3e-08 0.00125781
9.325e-08 0.00133047
9.35e-08 0.00150781
9.375e-08 0.00142266
9.4e-08 0.00145625
9.425e-08 0.00131172
9.45e-08 0.00118594
9.475e-08 0.00102422
9.5e-08 0.000999219
9.525e-08 0.000842187
9.55e-08 0.0008375
9.575e-08 0.000735156
9.6e-08 0.000727344
9.625e-08 0.000614844
9.65e-08 0.00070625
9.675e-08 0.000714062
9.7e-08 0.000750781
9.725e-08 0.000780469
9.75e-08 0.000891406
9.775e-08 0.000890625
9.8e-08 0.00105078
9.825e-08 0.00109531
9.85e-08 0.00126328
9.875e-08 0.001175
9.9e-08 0.00135312
9.925e-08 0.00132344
9.95e-08 0.00148281
9.975e-08 0.00152578
1e-07 0.00167187
1.0025e-07 0.00168437
1.005e-07 0.00181719
1.0075e-07 0.00180625
1.01e-07 0.00186484
1.0125e-07 0.00184219
1.015e-07 0.00188906
1.0175e-07 0.00183359
1.02e-07 0.00179609
1.0225e-07 0.00178516
1.025e-07 0.00176953
1.0275e-07 0.00166016
1.03e-07 0.00169297
1.0325e-07 0.00158437
1.035e-07 0.00153516
1.0375e-07 0.00129062
1.04e-07 0.00123203
1.0425e-07 0.00100078
1.045e-07 0.000917969
1.0475e-07 0.000780469
1.05e-07 0.000685937
1.0525e-07 0.000496094
1.055e-07 0.000407813
1.0575e-07 0.000267969
1.06e-07 0.000189063
1.0625e-07 0.000122656
1.065e-07 0.000152344
1.0675e-07 7.73438e-05
1.07e-07 0.000182813
1.0725e-07 0.000116406
1.075e-07 0.000196094
1.0775e-07 0.00011875
1.08e-07 0.000153906
1.0825e-07 8.35938e-05
1.085e-07 0.000142188
1.0875e-07 7.8125e-05
1.09e-07 8.59375e-05
1.0925e-07 2.96875e-05
1.095e-07 7.5e-05
1.0975e-07 6.71875e-05
1.1e-07 0.000185156
1.1025e-07 0.000173438
1.105e-07 0.0003125
1.1075e-07 0.000307031
1.11e-07 0.00043125
1.1125e-07 0.000408594
1.115e-07 0.000523438
1.1175e-07 0.00055
1.12e-07 0.000496094
1.1225e-07 0.00045625
1.125e-07 0.000517969
1.1275e-07 0.000328125
1.13e-07 0.000351563
1.1325e-07 0.000183594
1.135e-07 0.000211719
1.1375e-07 7.03125e-05
1.14e-07 9.53125e-05
1.1425e-07 -3.04687e-05
1.145e-07 3.51563e-05
1.1475e-07 -2.65625e-05
1.15e-07 -1.875e-05
1.1525e-07 -4.92187e-05
1.155e-07 -5.46874e-06
1.1575e-07 -0.00015625
1.16e-07 -0.000114844
1.1625e-07 -0.000175781
1.165e-07 -0.000170312
1.1675e-07 -8.28125e-05
1.17e-07 1.71875e-05
1.1725e-07 -3.82812e-05
1.175e-07 8.51563e-05
1.1775e-07 3.59375e-05
1.18e-07 0.000178125
1.1825e-07 6.64063e-05
1.185e-07 0.000146094
1.1875e-07 3.75e-05
1.19e-07 0.000121094
1.1925e-07 1.09375e-05
1.195e-07 3.51563e-05
1.1975e-07 2.5e-05
1.2e-07 -1.40625e-05
1.2025e-07 -5.39062e-05
1.205e-07 7.81263e-07
1.2075e-07 -0.000109375
1.21e-07 -6.5625e-05
1.2125e-07 -0.000107812
1.215e-07 -3.4375e-05
1.2175e-07 -0.000161719
1.22e-07 -7.34375e-05
1.2225e-07 -0.000167187
1.225e-07 -0.000105469
1.2275e-07 -0.000232812
1.23e-07 -0.000170312
1.2325e-07 -0.000257812
1.235e-07 -0.000286719
1.2375e-07 -0.000373437
1.24e-07 -0.000355469
1.2425e-07 -0.000467187
1.245e-07 -0.000442969
1.2475e-07 -0.000505469
1.25e-07 -0.000478906
1.2525e-07 -0.000509375
1.255e-07 -0.000502344
1.2575e-07 -0.000550781
1.26e-07 -0.000483594
1.2625e-07 -0.000477344
1.265e-07 -0.00040625
1.2675e-07 -0.000466406
1.27e-07 -0.000395312
1.2725e-07 -0.000441406
1.275e-07 -0.000283594
1.2775e-07 -0.000384375
1.28e-07 -0.000335156
1.2825e-07 -0.000326562
1.285e-07 -0.000340625
1.2875e-07 -0.000314844
1.29e-07 -0.000270312
1.2925e-07 -0.000285156
1.295e-07 -0.000228125
1.2975e-07 -0.000240625
1.3e-07 -0.000158594
1.3025e-07 -0.0001875
1.305e-07 -0.000117187
1.3075e-07 -0.000178906
1.31e-07 -0.000114844
1.3125e-07 -0.000124219
1.315e-07 -5.23437e-05
1.3175e-07 -0.000136719
1.32e-07 -0.000107031
1.3225e-07 -0.000153125
1.325e-07 -0.000121875
1.3275e-07 -0.000226562
1.33e-07 -0.000224219
1.3325e-07 -0.000336719
1.335e-07 -0.000358594
1.3375e-07 -0.000441406
1.34e-07 -0.000466406
1.3425e-07 -0.000553906
1.345e-07 -0.000524219
1.3475e-07 -0.000642969
1.35e-07 -0.000610937
1.3525e-07 -0.000753906
1.355e-07 -0.000657031
1.3575e-07 -0.000776562
1.36e-07 -0.000738281
1.3625e-07 -0.000819531
1.365e-07 -0.000688281
1.3675e-07 -0.000759375
1.37e-07 -0.000634375
1.3725e-07 -0.000649219
1.375e-07 -0.000582812
1.3775e-07 -0.000580469
1.38e-07 -0.000444531
1.3825e-07 -0.000501562
1.385e-07 -0.000401562
1.3875e-07 -0.000476562
1.39e-07 -0.000416406
1.3925e-07 -0.000488281
1.395e-07 -0.000372656
1.3975e-07 -0.000467969
1.4e-07 -0.000349219
1.4025e-07 -0.000402344
1.405e-07 -0.000314062
1.4075e-07 -0.00041875
1.41e-07 -0.000307812
1.4125e-07 -0.000366406
1.415e-07 -0.000341406
1.4175e-07 -0.000334375
1.42e-07 -0.0003125
1.4225e-07 -0.000392187
1.425e-07 -0.000346094
1.4275e-07 -0.000414062
1.43e-07 -0.000371094
1.4325e-07 -0.000409375
1.435e-07 -0.000430469
1.4375e-07 -0.000442969
1.44e-07 -0.000436719
1.4425e-07 -0.000517969
1.445e-07 -0.000464062
1.4475e-07 -0.000521094
1.45e-07 -0.000583594
1.4525e-07 -0.000627344
1.455e-07 -0.000652344
1.4575e-07 -0.000761719
1.46e-07 -0.000757031
1.4625e-07 -0.000926562
1.465e-07 -0.000878125
1.4675e-07 -0.000975
1.47e-07 -0.0009
1.4725e-07 -0.000971094
1.475e-07 -0.000869531
1.4775e-07 -0.000935937
1.48e-07 -0.0009
1.4825e-07 -0.000857031
1.485e-07 -0.000882812
1.4875e-07 -0.000880469
1.49e-07 -0.000865625
1.4925e-07 -0.000801562
1.495e-07 -0.00073125
1.4975e-07 -0.000725
1.5e-07 -0.000602344
1.5025e-07 -0.000539844
1.505e-07 -0.000442969
1.5075e-07 -0.000414062
1.51e-07 -0.000202344
1.5125e-07 -0.000290625
1.515e-07 -0.000166406
1.5175e-07 -0.000247656
1.52e-07 -0.000185937
1.5225e-07 -0.000229687
1.525e-07 -0.000102344
1.5275e-07 -0.000122656
1.53e-07 -6.48437e-05
1.5325e-07 -2.34374e-06
1.535e-07 4.6875e-05
1.5375e-07 1.32813e-05
1.54e-07 4.60938e-05
1.5425e-07 -4.45312e-05
1.545e-07 3.51563e-05
1.5475e-07 1.40625e-05
1.55e-07 8.125e-05
1.5525e-07 3.28125e-05
1.555e-07 0.00011875
1.5575e-07 7.1875e-05
1.56e-07 8.35938e-05
1.5625e-07 -2.34374e-06
1.565e-07 -5.54687e-05
1.5675e-07 -0.000132031
1.57e-07 -0.000178125
1.5725e-07 -0.000246094
1.575e-07 -0.00024375
1.5775e-07 -0.000260156
1.58e-07 -0.000261719
1.5825e-07 -0.000282031
1.585e-07 -0.00023125
1.5875e-07 -0.000314062
1.59e-07 -0.000275781
1.5925e-07 -0.000342969
1.595e-07 -0.000264844
1.5975e-07 -0.000275
1.6e-07 -0.000200781
1.6025e-07 -0.000264062
1.605e-07 -0.000110156
1.6075e-07 -0.00016875
1.61e-07 -7.96875e-05
1.6125e-07 -2.8125e-05
1.615e-07 0.000117188
1.6175e-07 7.57813e-05
1.62e-07 0.000208594
1.6225e-07 0.000132813
1.625e-07 0.000178125
1.6275e-07 3.98438e-05
1.63e-07 3.20313e-05
1.6325e-07 -6.48437e-05
1.635e-07 -5.70312e-05
1.6375e-07 -5.3125e-05
1.64e-07 3.90626e-06
1.6425e-07 7.57813e-05
1.645e-07 0.000250781
1.6475e-07 0.000474219
1.65e-07 0.000785937
1.6525e-07 0.00100234
1.655e-07 0.00123203
1.6575e-07 0.00129375
1.66e-07 0.00140703
1.6625e-07 0.00138125
1.665e-07 0.00128672
1.6675e-07 0.00108437
1.67e-07 0.000921875
1.6725e-07 0.000592187
1.675e-07 0.000501563
1.6775e-07 0.000358594
1.68e-07 0.000482031
1.6825e-07 0.000542187
1.685e-07 0.000795312
1.6875e-07 0.00103516
1.69e-07 0.00138437
1.6925e-07 0.00152344
1.695e-07 0.00166484
1.6975e-07 0.00163594
1.7e-07 0.00162031
1.7025e-07 0.00141797
1.705e-07 0.00111719
1.7075e-07 0.00074375
1.71e-07 0.000405469
1.7125e-07 0.000105469
1.715e-07 -6.5625e-05
1.7175e-07 -0.000357812
1.72e-07 -0.000432031
1.7225e-07 -0.000555469
1.725e-07 -0.000616406
1.7275e-07 -0.000622656
1.73e-07 -0.000626562
1.7325e-07 -0.000589062
1.735e-07 -0.000510156
1.7375e-07 -0.000523437
1.74e-07 -0.000450781
1.7425e-07 -0.000464062
1.745e-07 -0.000392969
1.7475e-07 -0.000465625
1.75e-07 -0.000441406
1.7525e-07 -0.000480469
1.755e-07 -0.00048125
1.7575e-07 -0.000479687
1.76e-07 -0.000450781
1.7625e-07 -0.000378125
1.765e-07 -0.000171875
1.7675e-07 1.5625e-05
1.77e-07 0.000203125
1.7725e-07 0.000473438
1.775e-07 0.000732031
1.7775e-07 0.000917969
1.78e-07 0.00117187
1.7825e-07 0.00133437
1.785e-07 0.00154687
1.7875e-07 0.00160781
1.79e-07 0.00180781
1.7925e-07 0.00182656
1.795e-07 0.00194453
1.7975e-07 0.00188984
1.8e-07 0.00188906
1.8025e-07 0.00179687
1.805e-07 0.00167812
1.8075e-07 0.00148906
1.81e-07 0.00136328
1.8125e-07 0.00119609
1.815e-07 0.0010625
1.8175e-07 0.000852344
1.82e-07 0.00079375
1.8225e-07 0.000628125
1.825e-07 0.00056875
1.8275e-07 0.000439063
1.83e-07 0.000477344
1.8325e-07 0.000317188
1.835e-07 0.000410938
1.8375e-07 0.000371875
1.84e-07 0.000433594
1.8425e-07 0.000339063
1.845e-07 0.000385938
1.8475e-07 0.000290625
1.85e-07 0.00030625
1.8525e-07 0.000169531
1.855e-07 0.000139844
1.8575e-07 9.37501e-06
1.86e-07 -7.81237e-07
1.8625e-07 -0.000111719
1.865e-07 -0.000103125
1.8675e-07 -0.000144531
1.87e-07 -3.82812e-05
1.8725e-07 5.625e-05
1.875e-07 0.000167969
1.8775e-07 0.000314844
1.88e-07 0.000517188
1.8825e-07 0.000659375
1.885e-07 0.000890625
1.8875e-07 0.00105
1.89e-07 0.00123047
1.8925e-07 0.00126719
1.895e-07 0.00142578
1.8975e-07 0.00134062
1.9e-07 0.00127734
1.9025e-07 0.00120156
1.905e-07 0.00110234
1.9075e-07 0.0008875
1.91e-07 0.000869531
1.9125e-07 0.000697656
1.915e-07 0.000720312
1.9175e-07 0.000694531
1.92e-07 0.000721094
1.9225e-07 0.000677344
1.925e-07 0.000732812
1.9275e-07 0.000754687
1.93e-07 0.000740625
1.9325e-07 0.000735156
1.935e-07 0.000710937
1.9375e-07 0.000560937
1.94e-07 0.000553906
1.9425e-07 0.000451563
1.945e-07 0.000374219
1.9475e-07 0.000194531
1.95e-07 9.21875e-05
1.9525e-07 -8.59375e-05
1.955e-07 -0.000128125
1.9575e-07 -0.000273437
1.96e-07 -0.000258594
1.9625e-07 -0.000317969
1.965e-07 -0.000214844
1.9675e-07 -0.000279687
1.97e-07 -7.73437e-05
1.9725e-07 -3.20312e-05
1.975e-07 0.0001125
1.9775e-07 7.26563e-05
1.98e-07 0.000185938
1.9825e-07 0.000170313
1.985e-07 0.0003375
1.9875e-07 0.000233594
1.99e-07 0.0002875
1.9925e-07 0.000217188
1.995e-07 0.000260938
1.9975e-07 0.000239063
2e-07 0.000296875
2.0025e-07 0.000275
2.005e-07 0.000371094
2.0075e-07 0.000432813
2.01e-07 0.00043125
2.0125e-07 0.000392969
2.015e-07 0.000479688
2.0175e-07 0.000428906
2.02e-07 0.000421094
2.0225e-07 0.000353125
2.025e-07 0.000377344
2.0275e-07 0.000207813
2.03e-07 0.000230469
2.0325e-07 0.000150781
2.035e-07 0.000152344
2.0375e-07 4.60938e-05
2.04e-07 0.000115625
2.0425e-07 -7.81237e-07
2.045e-07 6.875e-05
2.0475e-07 -5.78125e-05
2.05e-07 -5.70312e-05
2.0525e-07 -0.000199219
2.055e-07 -0.00019375
2.0575e-07 -0.0003375
2.06e-07 -0.000319531
2.0625e-07 -0.000378125
2.065e-07 -0.000370312
2.0675e-07 -0.000375
2.07e-07 -0.000311719
2.0725e-07 -0.000359375
2.075e-07 -0.000217187
2.0775e-07 -0.000239844
2.08e-07 -9.60937e-05
2.0825e-07 -0.000104687
2.085e-07 -1.95312e-05
2.0875e-07 -6.71875e-05
2.09e-07 4.375e-05
2.0925e-07 1.17188e-05
2.095e-07 7.8125e-05
2.0975e-07 1.5625e-05
2.1e-07 7.5e-05
2.1025e-07 6.79688e-05
2.105e-07 0.000103906
2.1075e-07 3.75e-05
2.11e-07 5.23438e-05
2.1125e-07 -2.57812e-05
2.115e-07 -3.12499e-06
2.1175e-07 -6.71875e-05
2.12e-07 -6.01562e-05
2.1225e-07 -0.000102344
2.125e-07 -2.8125e-05
2.1275e-07 -7.73437e-05
2.13e-07 -1.25e-05
2.1325e-07 -0.000117187
2.135e-07 -6.09375e-05
2.1375e-07 -0.00023125
2.14e-07 -0.00016875
2.1425e-07 -0.000264062
2.145e-07 -0.000307812
2.1475e-07 -0.000414844
2.15e-07 -0.000374219
2.1525e-07 -0.000439062
2.155e-07 -0.000503125
2.1575e-07 -0.000521875
2.16e-07 -0.00046875
2.1625e-07 -0.000530469
2.165e-07 -0.000520312
2.1675e-07 -0.000528906
2.17e-07 -0.000469531
2.1725e-07 -0.000554687
2.175e-07 -0.000450781
2.1775e-07 -0.000511719
2.18e-07 -0.000360937
2.1825e-07 -0.000405469
2.185e-07 -0.00033125
2.1875e-07 -0.000421094
2.19e-07 -0.000275
2.1925e-07 -0.000339844
2.195e-07 -0.000303125
2.1975e-07 -0.000283594
2.2e-07 -0.000286719
2.2025e-07 -0.000289062
2.205e-07 -0.00021875
2.2075e-07 -0.000310937
2.21e-07 -0.000197656
2.2125e-07 -0.000228125
2.215e-07 -0.000178125
2.2175e-07 -0.0002
2.22e-07 -0.000121875
2.2225e-07 -0.000114062
2.225e-07 -7.73437e-05
2.2275e-07 -6.95312e-05
2.23e-07 -3.4375e-05
2.2325e-07 -5.07812e-05
2.235e-07 -3.4375e-05
2.2375e-07 -9.21875e-05
2.24e-07 -3.28125e-05
2.2425e-07 -0.000103125
2.245e-07 -6.32812e-05
2.2475e-07 -0.000167969
2.25e-07 -0.000157812
2.2525e-07 -0.000202344
2.255e-07 -0.000192187
2.2575e-07 -0.000303906
2.26e-07 -0.000274219
2.2625e-07 -0.000294531
2.265e-07 -0.000233594
2.2675e-07 -0.000302344
2.27e-07 -0.000186719
2.2725e-07 -0.000251562
2.275e-07 -0.000154687
2.2775e-07 -0.000242187
2.28e-07 -0.000139062
2.2825e-07 -0.000211719
2.285e-07 -0.000103906
2.2875e-07 -0.000186719
2.29e-07 -0.000155469
2.2925e-07 -0.000107812
2.295e-07 -8.35937e-05
2.2975e-07 -0.000125781
2.3e-07 -1.64062e-05
2.3025e-07 -7.8125e-05
2.305e-07 -6.01562e-05
2.3075e-07 -4.45312e-05
2.31e-07 8.59375e-05
2.3125e-07 -3.28125e-05
2.315e-07 8.4375e-05
2.3175e-07 3.82813e-05
2.32e-07 0.000115625
2.3225e-07 0.000103125
2.325e-07 0.000144531
2.3275e-07 0.000129688
2.33e-07 0.000214063
2.3325e-07 8.75e-05
2.335e-07 0.000146875
2.3375e-07 8.4375e-05
2.34e-07 0.000203906
2.3425e-07 0.000134375
2.345e-07 0.000164063
2.3475e-07 8.75e-05
2.35e-07 8.90625e-05
2.3525e-07 5.15625e-05
2.355e-07 0.000122656
2.3575e-07 -1.01562e-05
2.36e-07 1.79688e-05
2.3625e-07 -3.51562e-05
2.365e-07 4.29688e-05
2.3675e-07 -5.23437e-05
2.37e-07 2.89063e-05
2.3725e-07 -2.26562e-05
2.375e-07 1.01563e-05
2.3775e-07 -4.45312e-05
2.38e-07 6.17188e-05
2.3825e-07 5.46876e-06
2.385e-07 6.09375e-05
2.3875e-07 7.1875e-05
2.39e-07 9.53125e-05
2.3925e-07 7.03125e-05
2.395e-07 0.000129688
2.3975e-07 9.92188e-05
2.4e-07 0.000164844
2.4025e-07 0.000126563
2.405e-07 0.000232031
2.4075e-07 0.000198438
2.41e-07 0.000298438
2.4125e-07 0.000310938
2.415e-07 0.000370313
2.4175e-07 0.000347656
2.42e-07 0.000460938
2.4225e-07 0.000402344
2.425e-07 0.000483594
2.4275e-07 0.000422656
2.43e-07 0.000496875
2.4325e-07 0.000489063
2.435e-07 0.000558594
2.4375e-07 0.000508594
2.44e-07 0.000572656
2.4425e-07 0.00055
2.445e-07 0.000578906
2.4475e-07 0.00055
2.45e-07 0.000594531
2.4525e-07 0.000561719
2.455e-07 0.000532031
2.4575e-07 0.000420313
2.46e-07 0.000520313
2.4625e-07 0.000460938
2.465e-07 0.000508594
2.4675e-07 0.000407813
2.47e-07 0.000469531
2.4725e-07 0.000409375
2.475e-07 0.000498438
2.4775e-07 0.000327344
2.48e-07 0.000444531
2.4825e-07 0.000453906
2.485e-07 0.000550781
2.4875e-07 0.000514844
2.49e-07 0.000532031
2.4925e-07 0.00050625
2.495e-07 0.000557031
2.4975e-07 0.00049375
2.5e-07 0.00058125
2.5025e-07 0.000539062
2.505e-07 0.000528125
2.5075e-07 0.000482813
2.51e-07 0.000559375
2.5125e-07 0.000466406
2.515e-07 0.000553906
2.5175e-07 0.000560937
2.52e-07 0.000575
2.5225e-07 0.000577344
2.525e-07 0.000663281
2.5275e-07 0.000601562
2.53e-07 0.00071875
2.5325e-07 0.000619531
2.535e-07 0.000673437
2.5375e-07 0.000685156
2.54e-07 0.000685937
2.5425e-07 0.000628125
2.545e-07 0.0006875
2.5475e-07 0.000620312
2.55e-07 0.000611719
2.5525e-07 0.00054375
2.555e-07 0.000603125
2.5575e-07 0.000489844
2.56e-07 0.000523438
2.5625e-07 0.00040625
2.565e-07 0.000490625
2.5675e-07 0.000405469
2.57e-07 0.000399219
2.5725e-07 0.000377344
2.575e-07 0.000367969
2.5775e-07 0.000324219
2.58e-07 0.000375
2.5825e-07 0.000291406
2.585e-07 0.000311719
2.5875e-07 0.000242188
2.59e-07 0.000325781
2.5925e-07 0.000219531
2.595e-07 0.000249219
2.5975e-07 0.000167188
2.6e-07 0.000229688
2.6025e-07 0.00016875
2.605e-07 0.000185938
2.6075e-07 0.000113281
2.61e-07 9.14063e-05
2.6125e-07 6.875e-05
2.615e-07 0.000107813
2.6175e-07 3.98438e-05
2.62e-07 0.000135156
2.6225e-07 8.67188e-05
2.625e-07 0.000116406
2.6275e-07 0.000110938
2.63e-07 0.000175781
2.6325e-07 0.000190625
2.635e-07 0.000175781
2.6375e-07 0.000194531
2.64e-07 0.000220313
2.6425e-07 0.000203125
2.645e-07 0.00024375
2.6475e-07 0.000196094
2.65e-07 0.000209375
2.6525e-07 0.000221875
2.655e-07 0.000261719
2.6575e-07 0.000171094
2.66e-07 0.000254688
2.6625e-07 0.000224219
2.665e-07 0.000274219
2.6675e-07 0.000195313
2.67e-07 0.000269531
2.6725e-07 0.000203906
2.675e-07 0.0002375
2.6775e-07 0.000194531
2.68e-07 0.000284375
2.6825e-07 0.000217188
2.685e-07 0.000285156
2.6875e-07 0.000216406
2.69e-07 0.000295313
2.6925e-07 0.000248438
2.695e-07 0.000372656
2.6975e-07 0.0003
2.7e-07 0.000320313
2.7025e-07 0.000264063
2.705e-07 0.000338281
2.7075e-07 0.00029375
2.71e-07 0.000325781
2.7125e-07 0.000302344
2.715e-07 0.000349219
2.7175e-07 0.000308594
2.72e-07 0.000367969
2.7225e-07 0.000286719
2.725e-07 0.000366406
2.7275e-07 0.000339063
2.73e-07 0.000401563
2.7325e-07 0.000334375
2.735e-07 0.00046875
2.7375e-07 0.000357031
2.74e-07 0.000447656
2.7425e-07 0.00036875
2.745e-07 0.00045
2.7475e-07 0.000394531
2.75e-07 0.000457813
2.7525e-07 0.000379688
2.755e-07 0.000434375
2.7575e-07 0.000370313
2.76e-07 0.000478125
2.7625e-07 0.000378906
2.765e-07 0.000500781
2.7675e-07 0.000389844
2.77e-07 0.000447656
2.7725e-07 0.000426563
2.775e-07 0.000445313
2.7775e-07 0.000373438
2.78e-07 0.000407031
2.7825e-07 0.000389844
2.785e-07 0.000382813
2.7875e-07 0.000340625
2.79e-07 0.000369531
2.7925e-07 0.000338281
2.795e-07 0.000374219
2.7975e-07 0.000310156
2.8e-07 0.000367969
2.8025e-07 0.000282031
2.805e-07 0.000377344
2.8075e-07 0.000241406
2.81e-07 0.000294531
2.8125e-07 0.000234375
2.815e-07 0.000248438
2.8175e-07 0.000183594
2.82e-07 0.000223438
2.8225e-07 0.000150781
2.825e-07 0.000163281
2.8275e-07 0.000140625
2.83e-07 0.000139063
2.8325e-07 0.000123438
2.835e-07 0.000166406
2.8375e-07 5.9375e-05
2.84e-07 8.98438e-05
2.8425e-07 5.3125e-05
2.845e-07 6.48438e-05
2.8475e-07 3.125e-05
2.85e-07 3.51563e-05
2.8525e-07 5.46876e-06
2.855e-07 1.95313e-05
2.8575e-07 -1.71875e-05
2.86e-07 1.79688e-05
2.8625e-07 -4.60937e-05
2.865e-07 -1.17187e-05
2.8675e-07 -3.04687e-05
2.87e-07 -6.5625e-05
2.8725e-07 -0.000120312
2.875e-07 -0.000113281
2.8775e-07 -0.000136719
2.88e-07 -0.000123437
2.8825e-07 -0.000171094
2.885e-07 -6.40625e-05
2.8875e-07 -0.000173437
2.89e-07 -0.000142187
2.8925e-07 -0.000207031
2.895e-07 -0.000130469
2.8975e-07 -0.000270312
2.9e-07 -0.000199219
2.9025e-07 -0.000253906
2.905e-07 -0.000163281
2.9075e-07 -0.000265625
2.91e-07 -0.000201562
2.9125e-07 -0.000211719
2.915e-07 -0.000177344
2.9175e-07 -0.000270312
2.92e-07 -0.0001875
2.9225e-07 -0.000267969
2.925e-07 -0.000238281
2.9275e-07 -0.000230469
2.93e-07 -0.0002125
2.9325e-07 -0.00025625
2.935e-07 -0.000198437
2.9375e-07 -0.000229687
2.94e-07 -0.000230469
2.9425e-07 -0.000275781
2.945e-07 -0.000239062
2.9475e-07 -0.000309375
2.95e-07 -0.00028125
2.9525e-07 -0.000289062
2.955e-07 -0.000307812
2.9575e-07 -0.000277344
2.96e-07 -0.000242187
2.9625e-07 -0.000199219
2.965e-07 -0.000183594
2.9675e-07 -0.000250781
2.97e-07 -0.000221094
2.9725e-07 -0.000202344
2.975e-07 -3.59375e-05
2.9775e-07 -0.000167187
2.98e-07 -2.5e-05
2.9825e-07 -5.9375e-05
2.985e-07 -4.14062e-05
2.9875e-07 -7.65625e-05
2.99e-07 -3.90624e-06
2.9925e-07 -7.10937e-05
2.995e-07 -1.01562e-05
2.9975e-07 -5.23437e-05
3e-07 2.89063e-05
3.0025e-07 -3.125e-05
3.005e-07 1.71875e-05
3.0075e-07 -1.25e-05
3.01e-07 3.98438e-05
3.0125e-07 3.67188e-05
3.015e-07 0.000107031
3.0175e-07 3.125e-05
3.02e-07 0.000133594
3.0225e-07 9.76563e-05
3.025e-07 0.000194531
3.0275e-07 0.000144531
3.03e-07 0.000178125
3.0325e-07 0.000189844
3.035e-07 0.000239063
3.0375e-07 0.000142969
3.04e-07 0.000219531
3.0425e-07 0.000207031
3.045e-07 0.000165625
3.0475e-07 0.000138281
3.05e-07 0.000189063
3.0525e-07 0.000135156
3.055e-07 0.000235938
3.0575e-07 0.000130469
3.06e-07 0.000244531
3.0625e-07 0.000226563
3.065e-07 0.00031875
3.0675e-07 0.000221875
3.07e-07 0.000325
3.0725e-07 0.000296875
3.075e-07 0.000367188
3.0775e-07 0.000357031
3.08e-07 0.000434375
3.0825e-07 0.000426563
3.085e-07 0.000464063
3.0875e-07 0.000388281
3.09e-07 0.000495313
3.0925e-07 0.000421875
3.095e-07 0.000529688
3.0975e-07 0.000391406
3.1e-07 0.00050625
3.1025e-07 0.000479688
3.105e-07 0.000435938
3.1075e-07 0.000407813
3.11e-07 0.000425
3.1125e-07 0.000388281
3.115e-07 0.000469531
3.1175e-07 0.000411719
3.12e-07 0.000414844
3.1225e-07 0.00043125
3.125e-07 0.000484375
3.1275e-07 0.000401563
3.13e-07 0.000444531
3.1325e-07 0.000392969
3.135e-07 0.000476563
3.1375e-07 0.000340625
3.14e-07 0.000452344
3.1425e-07 0.000375
3.145e-07 0.000402344
3.1475e-07 0.000307031
3.15e-07 0.000422656
3.1525e-07 0.000338281
3.155e-07 0.00035625
3.1575e-07 0.000308594
3.16e-07 0.000438281
3.1625e-07 0.000328125
3.165e-07 0.000400781
3.1675e-07 0.000421094
3.17e-07 0.000427344
3.1725e-07 0.000324219
3.175e-07 0.000371094
3.1775e-07 0.000360938
3.18e-07 0.000386719
3.1825e-07 0.000371875
3.185e-07 0.000348438
3.1875e-07 0.000323438
3.19e-07 0.000376563
3.1925e-07 0.0002625
3.195e-07 0.000364063
3.1975e-07 0.000264063
3.2e-07 0.000341406
3.2025e-07 0.00028125
3.205e-07 0.000363281
3.2075e-07 0.000272656
3.21e-07 0.000324219
3.2125e-07 0.000342969
3.215e-07 0.000350781
3.2175e-07 0.000322656
3.22e-07 0.000385938
3.2225e-07 0.000377344
3.225e-07 0.000449219
3.2275e-07 0.000390625
3.23e-07 0.000428906
3.2325e-07 0.000386719
3.235e-07 0.000414844
3.2375e-07 0.000303125
3.24e-07 0.000315625
3.2425e-07 0.00026875
3.245e-07 0.000309375
3.2475e-07 0.000225
3.25e-07 0.000255469
3.2525e-07 0.000211719
3.255e-07 0.000267188
3.2575e-07 0.000129688
3.26e-07 0.000205469
3.2625e-07 0.000149219
3.265e-07 0.000224219
3.2675e-07 0.000157031
3.27e-07 0.000251563
3.2725e-07 0.000198438
3.275e-07 0.000242188
3.2775e-07 0.000158594
3.28e-07 0.000169531
3.2825e-07 0.000103906
3.285e-07 0.000145313
3.2875e-07 6.48438e-05
3.29e-07 8.51563e-05
3.2925e-07 2.73438e-05
3.295e-07 0.000107031
3.2975e-07 3.98438e-05
3.3e-07 0.000144531
3.3025e-07 6.17188e-05
3.305e-07 0.000121875
3.3075e-07 8.20313e-05
3.31e-07 0.000153906
3.3125e-07 0.000109375
3.315e-07 0.000210938
3.3175e-07 0.000153125
3.32e-07 0.000202344
3.3225e-07 0.000213281
3.325e-07 0.000232813
3.3275e-07 0.000139063
3.33e-07 0.000236719
3.3325e-07 0.000188281
3.335e-07 0.000180469
3.3375e-07 0.000120313
3.34e-07 0.000196875
3.3425e-07 0.000146094
3.345e-07 0.000194531
3.3475e-07 5e-05
3.35e-07 0.000113281
3.3525e-07 7.57813e-05
3.355e-07 8.98438e-05
3.3575e-07 6.09375e-05
3.36e-07 3.51563e-05
3.3625e-07 -2.03125e-05
3.365e-07 4.29688e-05
3.3675e-07 2.57813e-05
3.37e-07 2.26563e-05
3.3725e-07 -5.3125e-05
3.375e-07 -8.125e-05
3.3775e-07 -6.5625e-05
3.38e-07 -4.21875e-05
3.3825e-07 -0.000126562
3.385e-07 -4.76562e-05
3.3875e-07 -0.000114844
3.39e-07 -8.35937e-05
3.3925e-07 -0.000144531
3.395e-07 -0.000115625
3.3975e-07 -0.000199219
3.4e-07 -7.57812e-05
3.4025e-07 -0.000110937
3.405e-07 -0.000123437
3.4075e-07 -0.000177344
3.41e-07 -8.90625e-05
3.4125e-07 -0.000148437
3.415e-07 -0.000146094
3.4175e-07 -0.000167969
3.42e-07 -0.000163281
3.4225e-07 -0.000176562
3.425e-07 -0.000136719
3.4275e-07 -0.000192969
3.43e-07 -0.000113281
3.4325e-07 -0.00016875
3.435e-07 -0.000119531
3.4375e-07 -0.000163281
3.44e-07 -9.29687e-05
3.4425e-07 -0.00013125
3.445e-07 -9.76562e-05
3.4475e-07 -0.000132812
3.45e-07 -8.04687e-05
3.4525e-07 -0.000120312
3.455e-07 -6.95312e-05
3.4575e-07 -7.96875e-05
3.46e-07 -3.4375e-05
3.4625e-07 -9.76562e-05
3.465e-07 -2.34375e-05
3.4675e-07 -5.23437e-05
3.47e-07 -2.8125e-05
3.4725e-07 -0.000121094
3.475e-07 -4.45312e-05
3.4775e-07 -0.000145312
3.48e-07 -2.34375e-05
3.4825e-07 -6.40625e-05
3.485e-07 -2.34375e-05
3.4875e-07 -5.625e-05
3.49e-07 2.1875e-05
3.4925e-07 1.5625e-05
3.495e-07 3.59375e-05
3.4975e-07 -5.23437e-05
3.5e-07 4.21875e-05
3.5025e-07 5.625e-05
3.505e-07 2.65625e-05
3.5075e-07 1.40625e-05
3.51e-07 6.95313e-05
3.5125e-07 -1.32812e-05
3.515e-07 4.60938e-05
3.5175e-07 -3.12499e-06
3.52e-07 0.000129688
3.5225e-07 2.65625e-05
3.525e-07 0.000128125
3.5275e-07 6.5625e-05
3.53e-07 0.000130469
3.5325e-07 8.4375e-05
3.535e-07 0.000135938
3.5375e-07 0.000105469
3.54e-07 0.000173438
3.5425e-07 0.000109375
3.545e-07 0.000191406
3.5475e-07 0.000182031
3.55e-07 0.000189063
3.5525e-07 0.000189063
3.555e-07 0.00018125
3.5575e-07 0.000194531
3.56e-07 0.000225781
3.5625e-07 0.000198438
3.565e-07 0.000290625
3.5675e-07 0.000257031
3.57e-07 0.000332031
3.5725e-07 0.000317969
3.575e-07 0.000357031
3.5775e-07 0.000326563
3.58e-07 0.000403125
3.5825e-07 0.000317188
3.585e-07 0.000407813
3.5875e-07 0.000355469
3.59e-07 0.000427344
3.5925e-07 0.000370313
3.595e-07 0.000390625
3.5975e-07 0.000348438
3.6e-07 0.000435938
3.6025e-07 0.000375
3.605e-07 0.000401563
3.6075e-07 0.000339063
3.61e-07 0.000346094
3.6125e-07 0.000316406
3.615e-07 0.000379688
3.6175e-07 0.000303906
3.62e-07 0.000367188
3.6225e-07 0.000328125
3.625e-07 0.000389844
3.6275e-07 0.000313281
3.63e-07 0.00036875
3.6325e-07 0.000396094
3.635e-07 0.000389844
3.6375e-07 0.000311719
3.64e-07 0.000395313
3.6425e-07 0.00034375
3.645e-07 0.000371875
3.6475e-07 0.000335156
3.65e-07 0.000366406
3.6525e-07 0.000292969
3.655e-07 0.000327344
3.6575e-07 0.000236719
3.66e-07 0.000264063
3.6625e-07 0.000260156
3.665e-07 0.000278125
3.6675e-07 0.000160938
3.67e-07 0.000242188
3.6725e-07 0.00014375
3.675e-07 0.000225
3.6775e-07 0.000125781
3.68e-07 0.000132031
3.6825e-07 9.21875e-05
3.685e-07 0.000139844
3.6875e-07 3.59375e-05
3.69e-07 5.78125e-05
3.6925e-07 3.20313e-05
3.695e-07 7.03125e-05
3.6975e-07 4.0625e-05
3.7e-07 2.03125e-05
3.7025e-07 -2.8125e-05
3.705e-07 -3.90624e-06
3.7075e-07 -3.75e-05
3.71e-07 7.81263e-07
3.7125e-07 -0.000115625
3.715e-07 -7.8125e-05
3.7175e-07 -8.98437e-05
3.72e-07 -2.1875e-05
3.7225e-07 -0.000122656
3.725e-07 -5.85937e-05
3.7275e-07 -0.000104687
3.73e-07 -6.01562e-05
3.7325e-07 -0.00010625
3.735e-07 -5.07812e-05
3.7375e-07 -0.000189062
3.74e-07 -0.000125
3.7425e-07 -0.000138281
3.745e-07 -0.000148437
3.7475e-07 -0.000115625
3.75e-07 -7.57812e-05
3.7525e-07 -0.000173437
3.755e-07 -0.000114844
3.7575e-07 -0.000167969
3.76e-07 -0.00015
3.7625e-07 -0.000189844
3.765e-07 -0.000157812
3.7675e-07 -0.000200781
3.77e-07 -0.000229687
3.7725e-07 -0.000332031
3.775e-07 -0.000248437
3.7775e-07 -0.000275781
3.78e-07 -0.000220312
3.7825e-07 -0.000225781
3.785e-07 -0.000216406
3.7875e-07 -0.000278125
3.79e-07 -0.000136719
3.7925e-07 -0.000272656
3.795e-07 -0.00020625
3.7975e-07 -0.00026875
3.8e-07 -0.000239844
3.8025e-07 -0.000292187
3.805e-07 -0.000238281
3.8075e-07 -0.000257812
3.81e-07 -0.000228906
3.8125e-07 -0.000285937
3.815e-07 -0.000283594
3.8175e-07 -0.000360937
3.82e-07 -0.000235156
3.8225e-07 -0.000340625
3.825e-07 -0.000229687
3.8275e-07 -0.000316406
3.83e-07 -0.000244531
3.8325e-07 -0.000332812
3.835e-07 -0.00026875
3.8375e-07 -0.000307812
3.84e-07 -0.000229687
3.8425e-07 -0.000290625
3.845e-07 -0.000246875
3.8475e-07 -0.000286719
3.85e-07 -0.000217187
3.8525e-07 -0.000240625
3.855e-07 -0.000157812
3.8575e-07 -0.000227344
3.86e-07 -0.000232031
3.8625e-07 -0.000235937
3.865e-07 -0.000196094
3.8675e-07 -0.000182031
3.87e-07 -0.000134375
3.8725e-07 -0.000161719
3.875e-07 -2.42187e-05
3.8775e-07 -0.00010625
3.88e-07 -7.8125e-05
3.8825e-07 -5.46875e-05
3.885e-07 -5.3125e-05
3.8875e-07 -0.000110937
3.89e-07 -3.90625e-05
3.8925e-07 -6.71875e-05
3.895e-07 -4.84375e-05
3.8975e-07 -4.21875e-05
3.9e-07 -2.26562e-05
3.9025e-07 -7.73437e-05
3.905e-07 3.12501e-06
3.9075e-07 -3.20312e-05
3.91e-07 -2.8125e-05
3.9125e-07 -7.10937e-05
3.915e-07 -4.68749e-06
3.9175e-07 -4.45312e-05
3.92e-07 -1.48437e-05
3.9225e-07 -4.45312e-05
3.925e-07 3.04688e-05
3.9275e-07 -5.07812e-05
3.93e-07 3.59375e-05
3.9325e-07 -3.04687e-05
3.935e-07 6.64063e-05
3.9375e-07 -4.45312e-05
3.94e-07 6.25e-05
3.9425e-07 3.98438e-05
3.945e-07 0.000107031
3.9475e-07 6.25001e-06
3.95e-07 0.000144531
3.9525e-07 6.79688e-05
3.955e-07 0.00011875
3.9575e-07 6.875e-05
3.96e-07 5.46875e-05
3.9625e-07 6.01563e-05
3.965e-07 7.96875e-05
3.9675e-07 4.375e-05
3.97e-07 6.25e-05
3.9725e-07 -1.56249e-06
3.975e-07 6.25e-05
3.9775e-07 -1.40625e-05
3.98e-07 2.10938e-05
3.9825e-07 -5.46874e-06
3.985e-07 1.64063e-05
3.9875e-07 -2.34375e-05
3.99e-07 6.09375e-05
3.9925e-07 1.17188e-05
3.995e-07 6.5625e-05
3.9975e-07 -3.04687e-05
4e-07 2.89063e-05
4.0025e-07 -6.17187e-05
4.005e-07 4.29688e-05
4.0075e-07 -7.81237e-07
4.01e-07 5.625e-05
4.0125e-07 -1.56249e-06
4.015e-07 7.57813e-05
4.0175e-07 -2.89062e-05
4.02e-07 3.75e-05
4.0225e-07 1.01563e-05
4.025e-07 4.45313e-05
4.0275e-07 4.60938e-05
4.03e-07 4.45313e-05
4.0325e-07 2.26563e-05
4.035e-07 0.000121875
4.0375e-07 3.125e-05
4.04e-07 9.53125e-05
4.0425e-07 4.21875e-05
4.045e-07 0.000109375
4.0475e-07 4.45313e-05
4.05e-07 6.48438e-05
4.0525e-07 -3.4375e-05
4.055e-07 6.5625e-05
4.0575e-07 -0.000101562
4.06e-07 1.40625e-05
4.0625e-07 -8.35937e-05
4.065e-07 -3.12499e-06
4.0675e-07 -0.000125
4.07e-07 -0.000103906
4.0725e-07 -0.000116406
4.075e-07 -6.40625e-05
4.0775e-07 -0.00015625
4.08e-07 -8.82812e-05
4.0825e-07 -0.000180469
4.085e-07 -8.04687e-05
4.0875e-07 -0.000128125
4.09e-07 -9.21875e-05
4.0925e-07 -0.00013125
4.095e-07 -6.95312e-05
4.0975e-07 -0.000148437
4.1e-07 -6.95312e-05
4.1025e-07 -0.000132812
4.105e-07 -3.35937e-05
4.1075e-07 -0.00013125
4.11e-07 -7.96875e-05
4.1125e-07 -0.000153906
4.115e-07 -5.78125e-05
4.1175e-07 -0.000117969
4.12e-07 -5.15625e-05
4.1225e-07 -0.0001375
4.125e-07 -6.71875e-05
4.1275e-07 -0.000135156
4.13e-07 -7.89062e-05
4.1325e-07 -6.95312e-05
4.135e-07 -1.01562e-05
4.1375e-07 -8.20312e-05
4.14e-07 2.65625e-05
4.1425e-07 -5.3125e-05
4.145e-07 -1.48437e-05
4.1475e-07 1.40625e-05
4.15e-07 1.32813e-05
4.1525e-07 -7.34375e-05
4.155e-07 1.01563e-05
4.1575e-07 -8.04687e-05
4.16e-07 4.29688e-05
4.1625e-07 -2.1875e-05
4.165e-07 6.01563e-05
4.1675e-07 -9.14062e-05
4.17e-07 -2.03125e-05
4.1725e-07 -4.29687e-05
4.175e-07 -4.60937e-05
4.1775e-07 -4.76562e-05
4.18e-07 3.4375e-05
4.1825e-07 6.32813e-05
4.185e-07 2.03125e-05
4.1875e-07 2.26563e-05
4.19e-07 4.14063e-05
4.1925e-07 1.71875e-05
4.195e-07 0.000105469
4.1975e-07 5.70313e-05
4.2e-07 3.125e-05
4.2025e-07 1.56251e-06
4.205e-07 0.000107031
4.2075e-07 3.28125e-05
4.21e-07 0.000139063
4.2125e-07 7.89063e-05
4.215e-07 0.00011875
4.2175e-07 0.000121094
4.22e-07 0.00015625
4.2225e-07 9.60938e-05
4.225e-07 0.000165625
4.2275e-07 0.000114844
4.23e-07 0.000205469
4.2325e-07 0.000108594
4.235e-07 0.00024375
4.2375e-07 0.000157031
4.24e-07 0.000208594
4.2425e-07 0.000175781
4.245e-07 0.000259375
4.2475e-07 0.000153125
