-2.5e-08 0.000562498
-2.49e-08 -0.000414064
-2.48e-08 -0.000562502
-2.47e-08 -1.90735e-09
-2.46e-08 0.000570311
-2.45e-08 0.000421873
-2.44e-08 -0.000609377
-2.43e-08 -0.00173438
-2.42e-08 -0.002
-2.41e-08 -0.00110156
-2.4e-08 -0.000148439
-2.39e-08 -0.000242189
-2.38e-08 -0.00126563
-2.37e-08 -0.002
-2.36e-08 -0.0014375
-2.35e-08 -0.000398439
-2.34e-08 7.81231e-05
-2.33e-08 -0.000109377
-2.32e-08 -1.90735e-09
-2.31e-08 0.0010625
-2.3e-08 0.002
-2.29e-08 0.00151562
-2.28e-08 -0.000296877
-2.27e-08 -0.002
-2.26e-08 -0.00217188
-2.25e-08 -0.000914064
-2.24e-08 0.000789061
-2.23e-08 0.0018125
-2.22e-08 0.002
-2.21e-08 0.00160937
-2.2e-08 0.000648436
-2.19e-08 -0.000703127
-2.18e-08 -0.00175
-2.17e-08 -0.002
-2.16e-08 -0.00132031
-2.15e-08 -0.000367189
-2.14e-08 0.000179686
-2.13e-08 0.000140623
-2.12e-08 -1.90735e-09
-2.11e-08 0.000335936
-2.1e-08 0.00132812
-2.09e-08 0.00264844
-2.08e-08 0.00363281
-2.07e-08 0.004
-2.06e-08 0.00366406
-2.05e-08 0.00267187
-2.04e-08 0.00127344
-2.03e-08 0.000226561
-2.02e-08 -1.90735e-09
-2.01e-08 0.000390623
-2e-08 0.000367186
-1.99e-08 -0.000671877
-1.98e-08 -0.00190625
-1.97e-08 -0.002
-1.96e-08 -0.000367189
-1.95e-08 0.00149219
-1.94e-08 0.00199219
-1.93e-08 0.00100781
-1.92e-08 -1.90735e-09
-1.91e-08 0.000398436
-1.9e-08 0.00155469
-1.89e-08 0.00209375
-1.88e-08 0.00133594
-1.87e-08 -1.90735e-09
-1.86e-08 -0.000742189
-1.85e-08 -0.000476564
-1.84e-08 0.000499998
-1.83e-08 0.00146094
-1.82e-08 0.002
-1.81e-08 0.00207031
-1.8e-08 0.002
-1.79e-08 0.00207812
-1.78e-08 0.00220312
-1.77e-08 0.002
-1.76e-08 0.00120312
-1.75e-08 0.000312498
-1.74e-08 -0.000148439
-1.73e-08 -9.37519e-05
-1.72e-08 -1.90735e-09
-1.71e-08 -0.000195314
-1.7e-08 -0.000210939
-1.69e-08 0.000382811
-1.68e-08 0.00134375
-1.67e-08 0.002
-1.66e-08 0.00171875
-1.65e-08 0.000624998
-1.64e-08 -0.000531252
-1.63e-08 -0.000812502
-1.62e-08 -1.90735e-09
-1.61e-08 0.00136719
-1.6e-08 0.00214844
-1.59e-08 0.00149219
-1.58e-08 -0.000265627
-1.57e-08 -0.002
-1.56e-08 -0.0026875
-1.55e-08 -0.00239844
-1.54e-08 -0.00165625
-1.53e-08 -0.000882814
-1.52e-08 -1.90735e-09
-1.51e-08 0.001125
-1.5e-08 0.00192187
-1.49e-08 0.00182031
-1.48e-08 0.000929686
-1.47e-08 -1.90735e-09
-1.46e-08 -0.000343752
-1.45e-08 -0.000171877
-1.44e-08 9.37481e-05
-1.43e-08 0.000124998
-1.42e-08 -1.90735e-09
-1.41e-08 -0.000109377
-1.4e-08 -6.25019e-05
-1.39e-08 5.46856e-05
-1.38e-08 0.000101561
-1.37e-08 -1.90735e-09
-1.36e-08 -0.000132814
-1.35e-08 -9.37519e-05
-1.34e-08 0.000148436
-1.33e-08 0.000296873
-1.32e-08 -1.90735e-09
-1.31e-08 -0.000812502
-1.3e-08 -0.00172656
-1.29e-08 -0.00210938
-1.28e-08 -0.00148438
-1.27e-08 -1.90735e-09
-1.26e-08 0.00164844
-1.25e-08 0.00225781
-1.24e-08 0.00139062
-1.23e-08 0.000132811
-1.22e-08 -1.90735e-09
-1.21e-08 0.00135937
-1.2e-08 0.00225781
-1.19e-08 0.00105469
-1.18e-08 -0.00124219
-1.17e-08 -0.002
-1.16e-08 0.000343748
-1.15e-08 0.00325781
-1.14e-08 0.00375781
-1.13e-08 0.00172656
-1.12e-08 -1.90735e-09
-1.11e-08 0.000789061
-1.1e-08 0.00199219
-1.09e-08 0.001125
-1.08e-08 -0.00123438
-1.07e-08 -0.002
-1.06e-08 0.000945311
-1.05e-08 0.00485937
-1.04e-08 0.006
-1.03e-08 0.00344531
-1.02e-08 -1.90735e-09
-1.01e-08 -0.00123438
-1e-08 -0.000578127
-9.9e-09 0.000226561
-9.8e-09 0.000179686
-9.7e-09 -1.90735e-09
-9.6e-09 0.000757811
-9.5e-09 0.00175
-9.4e-09 0.00189062
-9.3e-09 0.000992186
-9.2e-09 -1.90735e-09
-9.1e-09 -0.000203127
-9e-09 -5.46894e-05
-8.9e-09 -0.000117189
-8.8e-09 -0.000304689
-8.7e-09 -1.90735e-09
-8.6e-09 0.00107031
-8.5e-09 0.0019375
-8.4e-09 0.00167969
-8.3e-09 0.000609373
-8.2e-09 -1.90735e-09
-8.1e-09 0.000648436
-8e-09 0.00170312
-7.9e-09 0.00192969
-7.8e-09 0.00105469
-7.7e-09 -1.90735e-09
-7.6e-09 -0.000273439
-7.5e-09 -6.25019e-05
-7.4e-09 -0.000132814
-7.3e-09 -0.000906252
-7.2e-09 -0.002
-7.1e-09 -0.00263281
-7e-09 -0.00242969
-6.9e-09 -0.00148438
-6.8e-09 -0.000492189
-6.7e-09 -1.90735e-09
-6.6e-09 -6.25019e-05
-6.5e-09 -0.000140627
-6.4e-09 0.000320311
-6.3e-09 0.00123437
-6.2e-09 0.002
-6.1e-09 0.001875
-6e-09 0.000781248
-5.9e-09 -0.000781252
-5.8e-09 -0.00185938
-5.7e-09 -0.002
-5.6e-09 -0.00132813
-5.5e-09 -0.000390627
-5.4e-09 0.000234373
-5.3e-09 0.000265623
-5.2e-09 -1.90735e-09
-5.1e-09 -0.000109377
-5e-09 -4.68769e-05
-4.9e-09 -2.34394e-05
-4.8e-09 -7.03144e-05
-4.7e-09 -1.90735e-09
-4.6e-09 0.000257811
-4.5e-09 0.000203123
-4.4e-09 -0.000375002
-4.3e-09 -0.000750002
-4.2e-09 -1.90735e-09
-4.1e-09 0.00178906
-4e-09 0.00253125
-3.9e-09 0.000773436
-3.8e-09 -0.00228906
-3.7e-09 -0.004
-3.6e-09 -0.00260156
-3.5e-09 -0.000507814
-3.4e-09 -0.000375002
-3.3e-09 -0.00184375
-3.2e-09 -0.002
-3.1e-09 0.000859373
-3e-09 0.00357031
-2.9e-09 0.00328906
-2.8e-09 0.0013125
-2.7e-09 0.002
-2.6e-09 0.00760156
-2.5e-09 0.0132187
-2.4e-09 0.0127734
-2.3e-09 0.00535156
-2.2e-09 -0.004
-2.1e-09 -0.00921875
-2e-09 -0.00946094
-1.9e-09 -0.00654688
-1.8e-09 -0.002625
-1.7e-09 0.002
-1.6e-09 0.00735937
-1.5e-09 0.01125
-1.4e-09 0.0118828
-1.3e-09 0.00990625
-1.2e-09 0.008
-1.1e-09 0.00777344
-1e-09 0.00817187
-9e-10 0.00725781
-8e-10 0.00471875
-7e-10 0.002
-6e-10 0.000687498
-5e-10 0.00128125
-4e-10 0.00263281
-3e-10 0.00307031
-2e-10 0.002
-1e-10 -1.56269e-05
0 -0.00167969
1e-10 -0.00190625
2e-10 -0.000914064
3e-10 -1.90735e-09
4e-10 -0.000203127
5e-10 -0.00135938
6e-10 -0.00242969
7e-10 -0.0025625
8e-10 -0.002
9e-10 -0.00150781
1e-09 -0.00164844
1.1e-09 -0.00244531
1.2e-09 -0.00339844
1.3e-09 -0.004
1.4e-09 -0.00377344
1.5e-09 -0.00272656
1.6e-09 -0.00128125
1.7e-09 -0.000250002
1.8e-09 -1.90735e-09
1.9e-09 -0.000523439
2e-09 -0.00150781
2.1e-09 -0.00242969
2.2e-09 -0.00265625
2.3e-09 -0.002
2.4e-09 -0.000843752
2.5e-09 -4.68769e-05
2.6e-09 -0.000226564
2.7e-09 -0.00115625
2.8e-09 -0.002
2.9e-09 -0.00214063
3e-09 -0.00202344
3.1e-09 -0.00215625
3.2e-09 -0.00238281
3.3e-09 -0.002
3.4e-09 -0.000804689
3.5e-09 2.34356e-05
3.6e-09 -0.000445314
3.7e-09 -0.00164063
3.8e-09 -0.002
3.9e-09 -0.000570314
4e-09 0.00141406
4.1e-09 0.00205469
4.2e-09 0.000562498
4.3e-09 -0.002
4.4e-09 -0.003875
4.5e-09 -0.00435938
4.6e-09 -0.0035
4.7e-09 -0.00188281
4.8e-09 -1.90735e-09
4.9e-09 0.00163281
5e-09 0.00221094
5.1e-09 0.00152344
5.2e-09 0.000398436
5.3e-09 -1.90735e-09
5.4e-09 0.000781248
5.5e-09 0.00177344
5.6e-09 0.001875
5.7e-09 0.000960936
5.8e-09 -1.90735e-09
5.9e-09 -0.000132814
6e-09 7.81059e-06
6.1e-09 -0.000273439
6.2e-09 -0.000640627
6.3e-09 -1.90735e-09
6.4e-09 0.0020625
6.5e-09 0.00376562
6.6e-09 0.00360937
6.7e-09 0.00228125
6.8e-09 0.002
6.9e-09 0.00394531
7e-09 0.00585937
7.1e-09 0.00524219
7.2e-09 0.002375
7.3e-09 -1.90735e-09
7.4e-09 0.000257811
7.5e-09 0.00159375
7.6e-09 0.00171875
7.7e-09 0.000460936
7.8e-09 -1.90735e-09
7.9e-09 0.00211719
8e-09 0.00505469
8.1e-09 0.00617187
8.2e-09 0.00458594
8.3e-09 0.002
8.4e-09 0.000562498
8.5e-09 7.81231e-05
8.6e-09 -0.000281252
8.7e-09 -0.000562502
8.8e-09 -1.90735e-09
8.9e-09 0.00182031
9e-09 0.00357812
9.1e-09 0.00392969
9.2e-09 0.00292187
9.3e-09 0.002
9.4e-09 0.00239062
9.5e-09 0.00353906
9.6e-09 0.00410937
9.7e-09 0.00339844
9.8e-09 0.002
9.9e-09 0.000828123
1e-08 0.000117186
1.01e-08 -0.000117189
1.02e-08 0.000429686
1.03e-08 0.002
1.04e-08 0.0040625
1.05e-08 0.00471094
1.06e-08 0.00261719
1.07e-08 -0.00107813
1.08e-08 -0.004
1.09e-08 -0.00435156
1.1e-08 -0.0029375
1.11e-08 -0.00136719
1.12e-08 -0.000585939
1.13e-08 -1.90735e-09
1.14e-08 0.00114062
1.15e-08 0.00202344
1.16e-08 0.0015625
1.17e-08 -0.000171877
1.18e-08 -0.002
1.19e-08 -0.00270313
1.2e-08 -0.00235938
1.21e-08 -0.00175
1.22e-08 -0.00163281
1.23e-08 -0.002
1.24e-08 -0.00236719
1.25e-08 -0.00228125
1.26e-08 -0.00163281
1.27e-08 -0.000726564
1.28e-08 -1.90735e-09
1.29e-08 4.68731e-05
1.3e-08 -0.00107813
1.31e-08 -0.00303906
1.32e-08 -0.00438281
1.33e-08 -0.004
1.34e-08 -0.00194531
1.35e-08 -0.000187502
1.36e-08 -0.000453127
1.37e-08 -0.00239063
1.38e-08 -0.004
1.39e-08 -0.00364844
1.4e-08 -0.00246875
1.41e-08 -0.00197656
1.42e-08 -0.00229688
1.43e-08 -0.002
1.44e-08 -6.25019e-05
1.45e-08 0.00175
1.46e-08 0.00153125
1.47e-08 -0.000468752
1.48e-08 -0.002
1.49e-08 -0.00121875
1.5e-08 0.000953123
1.51e-08 0.00258594
1.52e-08 0.00263281
1.53e-08 0.002
1.54e-08 0.00188281
1.55e-08 0.00204687
1.56e-08 0.00169531
1.57e-08 0.000781248
1.58e-08 -1.90735e-09
1.59e-08 -8.59394e-05
1.6e-08 2.34356e-05
1.61e-08 -0.000226564
1.62e-08 -0.000515627
1.63e-08 -1.90735e-09
1.64e-08 0.00172656
1.65e-08 0.00350781
1.66e-08 0.0040625
1.67e-08 0.00321094
1.68e-08 0.002
1.69e-08 0.00135937
1.7e-08 0.000601561
1.71e-08 -0.000906252
1.72e-08 -0.00227344
1.73e-08 -0.002
1.74e-08 0.000562498
1.75e-08 0.00326562
1.76e-08 0.004
1.77e-08 0.00284375
1.78e-08 0.002
1.79e-08 0.003
1.8e-08 0.00405469
1.81e-08 0.00321094
1.82e-08 0.00100781
1.83e-08 -1.90735e-09
1.84e-08 0.00197656
1.85e-08 0.005
1.86e-08 0.00615625
1.87e-08 0.0045
1.88e-08 0.002
1.89e-08 0.00102344
1.9e-08 0.00151562
1.91e-08 0.00224219
1.92e-08 0.00229687
1.93e-08 0.002
1.94e-08 0.00200781
1.95e-08 0.00205469
1.96e-08 0.00178906
1.97e-08 0.00155469
1.98e-08 0.002
1.99e-08 0.00321094
2e-08 0.00407031
2.01e-08 0.0035
2.02e-08 0.00172656
2.03e-08 -1.90735e-09
2.04e-08 -0.000546877
2.05e-08 -0.000242189
2.06e-08 6.24981e-05
2.07e-08 2.34356e-05
2.08e-08 -1.90735e-09
2.09e-08 0.000367186
2.1e-08 0.000343748
2.11e-08 -0.000648439
2.12e-08 -0.00188281
2.13e-08 -0.002
2.14e-08 -0.000367189
2.15e-08 0.0015
2.16e-08 0.00196094
2.17e-08 0.000968748
2.18e-08 -1.90735e-09
2.19e-08 0.000171873
2.2e-08 0.000335936
2.21e-08 -0.000843752
2.22e-08 -0.00288281
2.23e-08 -0.004
2.24e-08 -0.00284375
2.25e-08 -0.000773439
2.26e-08 0.000234373
2.27e-08 -0.000578127
2.28e-08 -0.002
2.29e-08 -0.00251563
2.3e-08 -0.00224219
2.31e-08 -0.00192188
2.32e-08 -0.00196875
2.33e-08 -0.002
2.34e-08 -0.00142969
2.35e-08 -0.000460939
2.36e-08 0.000335936
2.37e-08 0.000460936
2.38e-08 -1.90735e-09
2.39e-08 -0.000781252
2.4e-08 -0.00164063
2.41e-08 -0.00232031
2.42e-08 -0.00247656
2.43e-08 -0.002
2.44e-08 -0.00107813
2.45e-08 -0.000250002
2.46e-08 8.59356e-05
2.47e-08 7.81059e-06
2.48e-08 -1.90735e-09
2.49e-08 0.000273436
2.5e-08 0.000257811
2.51e-08 -0.000484377
2.52e-08 -0.00153125
2.53e-08 -0.002
2.54e-08 -0.00134375
2.55e-08 -0.000351564
2.56e-08 6.24981e-05
2.57e-08 -0.000125002
2.58e-08 -1.90735e-09
2.59e-08 0.00100781
2.6e-08 0.00191406
2.61e-08 0.00167187
2.62e-08 0.000570311
2.63e-08 -1.90735e-09
2.64e-08 0.000828123
2.65e-08 0.00184375
2.66e-08 0.00167969
2.67e-08 0.000554686
2.68e-08 -1.90735e-09
2.69e-08 0.000953123
2.7e-08 0.00198437
2.71e-08 0.0014375
2.72e-08 -0.000507814
2.73e-08 -0.002
2.74e-08 -0.00134375
2.75e-08 0.000843748
2.76e-08 0.00280469
2.77e-08 0.00309375
2.78e-08 0.002
2.79e-08 0.000734373
2.8e-08 2.34356e-05
2.81e-08 8.59356e-05
2.82e-08 0.000835936
2.83e-08 0.002
2.84e-08 0.00297656
2.85e-08 0.0026875
2.86e-08 0.000999998
2.87e-08 -0.000468752
2.88e-08 -1.90735e-09
2.89e-08 0.0025
2.9e-08 0.00420312
2.91e-08 0.00284375
2.92e-08 -0.000367189
2.93e-08 -0.002
2.94e-08 0.000117186
2.95e-08 0.00317187
2.96e-08 0.00373437
2.97e-08 0.00160937
2.98e-08 -1.90735e-09
2.99e-08 0.00150781
3e-08 0.00367187
3.01e-08 0.00325
3.02e-08 0.000257811
3.03e-08 -0.002
3.04e-08 -0.000640627
3.05e-08 0.00260156
3.06e-08 0.00460156
3.07e-08 0.00385937
3.08e-08 0.002
3.09e-08 0.00125781
3.1e-08 0.0016875
3.11e-08 0.00205469
3.12e-08 0.00139062
3.13e-08 -1.90735e-09
3.14e-08 -0.000976564
3.15e-08 -0.000703127
3.16e-08 0.000906248
3.17e-08 0.00284375
3.18e-08 0.004
3.19e-08 0.00352344
3.2e-08 0.00139062
3.21e-08 -0.00135156
3.22e-08 -0.00276563
3.23e-08 -0.002
3.24e-08 0.000320311
3.25e-08 0.00196875
3.26e-08 0.00139062
3.27e-08 -0.000687502
3.28e-08 -0.002
3.29e-08 -0.000960939
3.3e-08 0.00117187
3.31e-08 0.00225781
3.32e-08 0.00144531
3.33e-08 -1.90735e-09
3.34e-08 -0.000406252
3.35e-08 -0.000148439
3.36e-08 -0.000109377
3.37e-08 -0.000343752
3.38e-08 -1.90735e-09
3.39e-08 0.00130469
3.4e-08 0.00216406
3.41e-08 0.0013125
3.42e-08 -0.000687502
3.43e-08 -0.002
3.44e-08 -0.00121875
3.45e-08 0.000914061
3.46e-08 0.00273437
3.47e-08 0.00297656
3.48e-08 0.002
3.49e-08 0.000867186
3.5e-08 0.000156248
3.51e-08 -0.000109377
3.52e-08 -9.37519e-05
3.53e-08 -1.90735e-09
3.54e-08 8.59356e-05
3.55e-08 5.46856e-05
3.56e-08 -8.59394e-05
3.57e-08 -0.000156252
3.58e-08 -1.90735e-09
3.59e-08 0.000249998
3.6e-08 0.000171873
3.61e-08 -0.000265627
3.62e-08 -0.000523439
3.63e-08 -1.90735e-09
3.64e-08 0.00128125
3.65e-08 0.00211719
3.66e-08 0.00146875
3.67e-08 -0.000351564
3.68e-08 -0.002
3.69e-08 -0.00217188
3.7e-08 -0.000921877
3.71e-08 0.000828123
3.72e-08 0.00189062
3.73e-08 0.002
3.74e-08 0.00167969
3.75e-08 0.00171094
3.76e-08 0.00244531
3.77e-08 0.00344531
3.78e-08 0.004
3.79e-08 0.00354687
3.8e-08 0.00250781
3.81e-08 0.00164062
3.82e-08 0.00153906
3.83e-08 0.002
3.84e-08 0.00232031
3.85e-08 0.00224219
3.86e-08 0.00167187
3.87e-08 0.000828123
3.88e-08 -1.90735e-09
3.89e-08 -0.000476564
3.9e-08 -0.000328127
3.91e-08 0.000406248
3.92e-08 0.00132812
3.93e-08 0.002
3.94e-08 0.00197656
3.95e-08 0.000874998
3.96e-08 -0.000984377
3.97e-08 -0.00228125
3.98e-08 -0.002
3.99e-08 -0.000125002
4e-08 0.00167969
4.01e-08 0.00176562
4.02e-08 3.90606e-05
4.03e-08 -0.002
4.04e-08 -0.00275
4.05e-08 -0.00241406
4.06e-08 -0.00171875
4.07e-08 -0.00102344
4.08e-08 -1.90735e-09
4.09e-08 0.00151562
4.1e-08 0.00226562
4.11e-08 0.00123437
4.12e-08 -0.000804689
4.13e-08 -0.002
4.14e-08 -0.00105469
4.15e-08 0.00103125
4.16e-08 0.00255469
4.17e-08 0.00263281
4.18e-08 0.002
4.19e-08 0.00148437
4.2e-08 0.000656248
4.21e-08 -0.000929689
4.22e-08 -0.00229688
4.23e-08 -0.002
4.24e-08 0.000492186
4.25e-08 0.00325
4.26e-08 0.00405469
4.27e-08 0.00241406
4.28e-08 -1.90735e-09
4.29e-08 -0.001375
4.3e-08 -0.00189063
4.31e-08 -0.00230469
4.32e-08 -0.00259375
4.33e-08 -0.002
4.34e-08 -7.81269e-05
4.35e-08 0.00165625
4.36e-08 0.00179687
4.37e-08 0.000648436
4.38e-08 -1.90735e-09
4.39e-08 0.000953123
4.4e-08 0.00199219
4.41e-08 0.00140625
4.42e-08 -0.000546877
4.43e-08 -0.002
4.44e-08 -0.00149219
4.45e-08 -0.000312502
4.46e-08 -0.000234377
4.47e-08 -0.00135938
4.48e-08 -0.002
4.49e-08 -0.000750002
4.5e-08 0.00126562
4.51e-08 0.00222656
4.52e-08 0.00142187
4.53e-08 -1.90735e-09
4.54e-08 -0.000554689
4.55e-08 -0.000265627
4.56e-08 0.000109373
4.57e-08 0.000117186
4.58e-08 -1.90735e-09
4.59e-08 0.000117186
4.6e-08 0.000109373
4.61e-08 -0.000265627
4.62e-08 -0.000554689
4.63e-08 -1.90735e-09
4.64e-08 0.00145312
4.65e-08 0.00225
4.66e-08 0.00122656
4.67e-08 -0.000820314
4.68e-08 -0.002
4.69e-08 -0.00122656
4.7e-08 -0.000148439
4.71e-08 -0.000445314
4.72e-08 -0.00176563
4.73e-08 -0.002
4.74e-08 0.000249998
4.75e-08 0.003125
4.76e-08 0.00410156
4.77e-08 0.00244531
4.78e-08 -1.90735e-09
4.79e-08 -0.00100781
4.8e-08 -0.000515627
4.81e-08 0.000343748
4.82e-08 0.000499998
4.83e-08 -1.90735e-09
4.84e-08 -0.000437502
4.85e-08 -0.000328127
4.86e-08 0.000421873
4.87e-08 0.00135937
4.88e-08 0.002
4.89e-08 0.00207031
4.9e-08 0.00199219
4.91e-08 0.002125
4.92e-08 0.00230469
4.93e-08 0.002
4.94e-08 0.000992186
4.95e-08 0.000117186
4.96e-08 0.000164061
4.97e-08 0.00108594
4.98e-08 0.002
4.99e-08 0.00194531
5e-08 0.000781248
5.01e-08 -0.000742189
5.02e-08 -0.00121875
5.03e-08 -1.90735e-09
5.04e-08 0.00239062
5.05e-08 0.00399219
5.06e-08 0.00339062
5.07e-08 0.00135156
5.08e-08 -1.90735e-09
5.09e-08 0.000609373
5.1e-08 0.00175781
5.11e-08 0.00164844
5.12e-08 0.000414061
5.13e-08 -1.90735e-09
5.14e-08 0.00173437
5.15e-08 0.00370312
5.16e-08 0.00349219
5.17e-08 0.000867186
5.18e-08 -0.002
5.19e-08 -0.002875
5.2e-08 -0.00238281
5.21e-08 -0.0019375
5.22e-08 -0.00210156
5.23e-08 -0.002
5.24e-08 -0.000593752
5.25e-08 0.00126562
5.26e-08 0.00234375
5.27e-08 0.00227344
5.28e-08 0.002
5.29e-08 0.00227344
5.3e-08 0.00229687
5.31e-08 0.00135937
5.32e-08 0.000132811
5.33e-08 -1.90735e-09
5.34e-08 0.00134375
5.35e-08 0.00228906
5.36e-08 0.00100781
5.37e-08 -0.00188281
5.38e-08 -0.004
5.39e-08 -0.00339063
5.4e-08 -0.00113281
5.41e-08 0.000656248
5.42e-08 0.000749998
5.43e-08 -1.90735e-09
5.44e-08 -0.000164064
5.45e-08 -3.12519e-05
5.46e-08 -0.000195314
5.47e-08 -0.000453127
5.48e-08 -1.90735e-09
5.49e-08 0.00139062
5.5e-08 0.00221094
5.51e-08 0.00125781
5.52e-08 -0.000773439
5.53e-08 -0.002
5.54e-08 -0.00113281
5.55e-08 0.00101562
5.56e-08 0.00257812
5.57e-08 0.00210156
5.58e-08 -1.90735e-09
5.59e-08 -0.00210938
5.6e-08 -0.00258594
5.61e-08 -0.00102344
5.62e-08 0.001125
5.63e-08 0.002
5.64e-08 0.000765623
5.65e-08 -0.00126563
5.66e-08 -0.00225
5.67e-08 -0.00146094
5.68e-08 -1.90735e-09
5.69e-08 0.000640623
5.7e-08 0.000335936
5.71e-08 -0.000242189
5.72e-08 -0.000367189
5.73e-08 -1.90735e-09
5.74e-08 0.000359373
5.75e-08 0.000234373
5.76e-08 -0.000343752
5.77e-08 -0.000656252
5.78e-08 -1.90735e-09
5.79e-08 0.00150781
5.8e-08 0.00228906
5.81e-08 0.00116406
5.82e-08 -0.000960939
5.83e-08 -0.002
5.84e-08 -0.000703127
5.85e-08 0.00133594
5.86e-08 0.00205469
5.87e-08 0.00105469
5.88e-08 -1.90735e-09
5.89e-08 0.000476561
5.9e-08 0.001625
5.91e-08 0.00192187
5.92e-08 0.000984373
5.93e-08 -1.90735e-09
5.94e-08 0.000218748
5.95e-08 0.00136719
5.96e-08 0.00240625
5.97e-08 0.00252344
5.98e-08 0.002
5.99e-08 0.00158594
6e-08 0.00174219
6.01e-08 0.00228906
6.02e-08 0.00255469
6.03e-08 0.002
6.04e-08 0.000570311
6.05e-08 -0.00126563
6.06e-08 -0.00254688
6.07e-08 -0.00216406
6.08e-08 -1.90735e-09
6.09e-08 0.00289062
6.1e-08 0.00428906
6.11e-08 0.00304687
6.12e-08 0.000718748
6.13e-08 -1.90735e-09
6.14e-08 0.00199219
6.15e-08 0.00392969
6.16e-08 0.0030625
6.17e-08 -1.56269e-05
6.18e-08 -0.002
6.19e-08 -0.000585939
6.2e-08 0.001625
6.21e-08 0.00132031
6.22e-08 -0.00160938
6.23e-08 -0.004
6.24e-08 -0.00280469
6.25e-08 0.000484373
6.26e-08 0.00279687
6.27e-08 0.00223437
6.28e-08 -1.90735e-09
6.29e-08 -0.00141406
6.3e-08 -0.000937502
6.31e-08 0.00107812
6.32e-08 0.00308594
6.33e-08 0.004
6.34e-08 0.00352344
6.35e-08 0.00246875
6.36e-08 0.00172656
6.37e-08 0.00172656
6.38e-08 0.002
6.39e-08 0.00166406
6.4e-08 0.000617186
6.41e-08 -0.000546877
6.42e-08 -0.000843752
6.43e-08 -1.90735e-09
6.44e-08 0.00138281
6.45e-08 0.00214844
6.46e-08 0.00149219
6.47e-08 -0.000273439
6.48e-08 -0.002
6.49e-08 -0.00238281
6.5e-08 -0.00107813
6.51e-08 0.00109375
6.52e-08 0.00242187
6.53e-08 0.002
6.54e-08 0.000164061
6.55e-08 -0.001625
6.56e-08 -0.00192969
6.57e-08 -0.000367189
6.58e-08 0.002
6.59e-08 0.00351562
6.6e-08 0.00301562
6.61e-08 0.000726561
6.62e-08 -0.00149219
6.63e-08 -0.002
6.64e-08 -0.000523439
6.65e-08 0.00140625
6.66e-08 0.00208594
6.67e-08 0.00117187
6.68e-08 -1.90735e-09
6.69e-08 8.59356e-05
6.7e-08 0.00129687
6.71e-08 0.00246094
6.72e-08 0.002625
6.73e-08 0.002
6.74e-08 0.00125
6.75e-08 0.000414061
6.76e-08 -0.000484377
6.77e-08 -0.000812502
6.78e-08 -1.90735e-09
6.79e-08 0.00167187
6.8e-08 0.00239062
6.81e-08 0.00104687
6.82e-08 -0.00117188
6.83e-08 -0.002
6.84e-08 -0.000304689
6.85e-08 0.00166406
6.86e-08 0.00152344
6.87e-08 -0.000539064
6.88e-08 -0.002
6.89e-08 -0.000843752
6.9e-08 0.00128906
6.91e-08 0.00198437
6.92e-08 0.000867186
6.93e-08 -1.90735e-09
6.94e-08 0.00127344
6.95e-08 0.00335937
6.96e-08 0.00398437
6.97e-08 0.002375
6.98e-08 -1.90735e-09
6.99e-08 -0.00134375
7e-08 -0.001875
7.01e-08 -0.00232813
7.02e-08 -0.00264063
7.03e-08 -0.002
7.04e-08 -4.68769e-05
7.05e-08 0.00167187
7.06e-08 0.00180469
7.07e-08 0.000679686
7.08e-08 -1.90735e-09
7.09e-08 0.000882811
7.1e-08 0.0019375
7.11e-08 0.00148437
7.12e-08 -0.000414064
7.13e-08 -0.002
7.14e-08 -0.00172656
7.15e-08 -0.000531252
7.16e-08 0.000109373
7.17e-08 -0.000109377
7.18e-08 -1.90735e-09
7.19e-08 0.00126562
7.2e-08 0.00216406
7.21e-08 0.00121875
7.22e-08 -0.000890627
7.23e-08 -0.002
7.24e-08 -0.000687502
7.25e-08 0.00135156
7.26e-08 0.00200781
7.27e-08 0.000968748
7.28e-08 -1.90735e-09
7.29e-08 0.000632811
7.3e-08 0.00178125
7.31e-08 0.00166406
7.32e-08 -8.59394e-05
7.33e-08 -0.002
7.34e-08 -0.00232031
7.35e-08 -0.00100781
7.36e-08 0.000898436
7.37e-08 0.00200781
7.38e-08 0.002
7.39e-08 0.00124219
7.4e-08 0.000343748
7.41e-08 -0.000218752
7.42e-08 -0.000242189
7.43e-08 -1.90735e-09
7.44e-08 0.000156248
7.45e-08 9.37481e-05
7.46e-08 -9.37519e-05
7.47e-08 -0.000148439
7.48e-08 -1.90735e-09
7.49e-08 0.000179686
7.5e-08 0.000117186
7.51e-08 -0.000164064
7.52e-08 -0.000320314
7.53e-08 -1.90735e-09
7.54e-08 0.000820311
7.55e-08 0.00173437
7.56e-08 0.00207031
7.57e-08 0.00139844
7.58e-08 -1.90735e-09
7.59e-08 -0.0011875
7.6e-08 -0.000867189
7.61e-08 0.00120312
7.62e-08 0.0034375
7.63e-08 0.004
7.64e-08 0.00209375
7.65e-08 -0.000828127
7.66e-08 -0.00265625
7.67e-08 -0.00210156
7.68e-08 -1.90735e-09
7.69e-08 0.00188281
7.7e-08 0.00235937
7.71e-08 0.00141406
7.72e-08 0.000242186
7.73e-08 -1.90735e-09
7.74e-08 0.000898436
7.75e-08 0.00185156
7.76e-08 0.00175781
7.77e-08 0.000734373
7.78e-08 -1.90735e-09
7.79e-08 0.000562498
7.8e-08 0.00165625
7.81e-08 0.00196094
7.82e-08 0.00109375
7.83e-08 -1.90735e-09
7.84e-08 -0.000281252
7.85e-08 -9.37519e-05
7.86e-08 -9.37519e-05
7.87e-08 -0.000273439
7.88e-08 -1.90735e-09
7.89e-08 0.00107031
7.9e-08 0.0019375
7.91e-08 0.00171094
7.92e-08 0.000664061
7.93e-08 -1.90735e-09
7.94e-08 0.000562498
7.95e-08 0.00164062
7.96e-08 0.00202344
7.97e-08 0.00123437
7.98e-08 -1.90735e-09
7.99e-08 -0.000617189
8e-08 -0.000382814
8.01e-08 0.000374998
8.02e-08 0.00121875
8.03e-08 0.002
8.04e-08 0.00253125
8.05e-08 0.00238281
8.06e-08 0.00144531
8.07e-08 0.000374998
8.08e-08 -1.90735e-09
8.09e-08 0.000617186
8.1e-08 0.00164844
8.11e-08 0.00210937
8.12e-08 0.00145312
8.13e-08 -1.90735e-09
8.14e-08 -0.00145313
8.15e-08 -0.00210156
8.16e-08 -0.00169531
8.17e-08 -0.000742189
8.18e-08 -1.90735e-09
8.19e-08 0.000140623
8.2e-08 3.12481e-05
8.21e-08 9.37481e-05
8.22e-08 0.000249998
8.23e-08 -1.90735e-09
8.24e-08 -0.000898439
8.25e-08 -0.00180469
8.26e-08 -0.00194531
8.27e-08 -0.00113281
8.28e-08 -1.90735e-09
8.29e-08 0.000632811
8.3e-08 0.000374998
8.31e-08 -0.000445314
8.32e-08 -0.000812502
8.33e-08 -1.90735e-09
8.34e-08 0.00165625
8.35e-08 0.00238281
8.36e-08 0.00103906
8.37e-08 -0.00117969
8.38e-08 -0.002
8.39e-08 -0.000320314
8.4e-08 0.00165625
8.41e-08 0.00152344
8.42e-08 -0.000554689
8.43e-08 -0.002
8.44e-08 -0.000789064
8.45e-08 0.00136719
8.46e-08 0.00186719
8.47e-08 8.59356e-05
8.48e-08 -0.002
8.49e-08 -0.00217969
8.5e-08 -0.000820314
8.51e-08 0.000499998
8.52e-08 0.000632811
8.53e-08 -1.90735e-09
8.54e-08 -0.000335939
8.55e-08 -0.000179689
8.56e-08 0.000124998
8.57e-08 0.000203123
8.58e-08 -1.90735e-09
8.59e-08 -0.000468752
8.6e-08 -0.00142969
8.61e-08 -0.00260156
8.62e-08 -0.00300781
8.63e-08 -0.002
8.64e-08 0.000171873
8.65e-08 0.00183594
8.66e-08 0.001625
8.67e-08 -0.000203127
8.68e-08 -0.002
8.69e-08 -0.00219531
8.7e-08 -0.000914064
8.71e-08 0.000757811
8.72e-08 0.00173437
8.73e-08 0.002
8.74e-08 0.00205469
8.75e-08 0.00203906
8.76e-08 0.00189062
8.77e-08 0.00178906
8.78e-08 0.002
8.79e-08 0.00239062
8.8e-08 0.00233594
8.81e-08 0.00142969
8.82e-08 0.000320311
8.83e-08 -1.90735e-09
8.84e-08 0.000859373
8.85e-08 0.00182812
8.86e-08 0.00178125
8.87e-08 0.000781248
8.88e-08 -1.90735e-09
8.89e-08 0.000242186
8.9e-08 0.000320311
8.91e-08 -0.000742189
8.92e-08 -0.00211719
8.93e-08 -0.002
8.94e-08 0.000523436
8.95e-08 0.00329687
8.96e-08 0.00391406
8.97e-08 0.00208594
8.98e-08 -1.90735e-09
8.99e-08 -0.000187502
9e-08 0.00117187
9.01e-08 0.00250781
9.02e-08 0.00264844
9.03e-08 0.002
9.04e-08 0.00160937
9.05e-08 0.00178125
9.06e-08 0.00216406
9.07e-08 0.00228125
9.08e-08 0.002
9.09e-08 0.00135156
9.1e-08 0.000437498
9.11e-08 -0.000398439
9.12e-08 -0.000609377
9.13e-08 -1.90735e-09
9.14e-08 0.00114062
9.15e-08 0.00194531
9.16e-08 0.00180469
9.17e-08 0.000898436
9.18e-08 -1.90735e-09
9.19e-08 -0.000273439
9.2e-08 -0.000125002
9.21e-08 3.12481e-05
9.22e-08 -1.90735e-09
9.23e-08 -1.90735e-09
9.24e-08 0.000437498
9.25e-08 0.00142969
9.26e-08 0.00252344
9.27e-08 0.00284375
9.28e-08 0.002
9.29e-08 0.000460936
9.3e-08 -0.000281252
9.31e-08 0.000726561
9.32e-08 0.00271875
9.33e-08 0.004
9.34e-08 0.00325
9.35e-08 0.001125
9.36e-08 -0.000843752
9.37e-08 -0.00117969
9.38e-08 -1.90735e-09
9.39e-08 0.00158594
9.4e-08 0.00223437
9.41e-08 0.00142187
9.42e-08 0.000179686
9.43e-08 -1.90735e-09
9.44e-08 0.00130469
9.45e-08 0.00217187
9.46e-08 0.0011875
9.47e-08 -0.000406252
9.48e-08 -1.90735e-09
9.49e-08 0.003375
9.5e-08 0.00608594
9.51e-08 0.00454687
9.52e-08 -0.000312502
9.53e-08 -0.004
9.54e-08 -0.00298438
9.55e-08 0.000484373
9.56e-08 0.00253125
9.57e-08 0.00160937
9.58e-08 -1.90735e-09
9.59e-08 0.000414061
9.6e-08 0.00170312
9.61e-08 0.00160937
9.62e-08 -0.000265627
9.63e-08 -0.002
9.64e-08 -0.00169531
9.65e-08 -0.000484377
9.66e-08 1.56231e-05
9.67e-08 -0.000304689
9.68e-08 -1.90735e-09
9.69e-08 0.00167187
9.7e-08 0.00250781
9.71e-08 0.000664061
9.72e-08 -0.00255469
9.73e-08 -0.004
9.74e-08 -0.00182031
9.75e-08 0.00119531
9.76e-08 0.00175781
9.77e-08 -0.000328127
9.78e-08 -0.002
9.79e-08 -0.000703127
9.8e-08 0.00146875
9.81e-08 0.00160937
9.82e-08 -0.000468752
9.83e-08 -0.002
9.84e-08 -0.000664064
9.85e-08 0.00147656
9.86e-08 0.00164844
9.87e-08 -0.000367189
9.88e-08 -0.002
9.89e-08 -0.000976564
9.9e-08 0.00119531
9.91e-08 0.00213281
9.92e-08 0.00115625
9.93e-08 -1.90735e-09
9.94e-08 0.000421873
9.95e-08 0.00159375
9.96e-08 0.00195312
9.97e-08 0.00103125
9.98e-08 -1.90735e-09
9.99e-08 0.000164061
1e-07 0.00132812
1.001e-07 0.00246875
1.002e-07 0.00266406
1.003e-07 0.002
1.004e-07 0.0010625
1.005e-07 0.000257811
1.006e-07 -0.000179689
1.007e-07 -0.000203127
1.008e-07 -1.90735e-09
1.009e-07 0.000195311
1.01e-07 0.000124998
1.011e-07 -0.000171877
1.012e-07 -0.000335939
1.013e-07 -1.90735e-09
1.014e-07 0.000890623
1.015e-07 0.00174219
1.016e-07 0.0020625
1.017e-07 0.00194531
1.018e-07 0.002
1.019e-07 0.0024375
1.02e-07 0.00239844
1.021e-07 0.00125781
1.022e-07 -6.25019e-05
1.023e-07 -1.90735e-09
1.024e-07 0.00197656
1.025e-07 0.00379687
1.026e-07 0.00344531
1.027e-07 0.00136719
1.028e-07 -1.90735e-09
1.029e-07 0.000898436
1.03e-07 0.00203125
1.031e-07 0.00117187
1.032e-07 -0.00109375
1.033e-07 -0.002
1.034e-07 0.000296873
1.035e-07 0.00327344
1.036e-07 0.00371875
1.037e-07 0.00107031
1.038e-07 -0.002
1.039e-07 -0.00257031
1.04e-07 -0.00103125
1.041e-07 0.000671873
1.042e-07 0.000906248
1.043e-07 -1.90735e-09
1.044e-07 -0.000718752
1.045e-07 -0.000492189
1.046e-07 0.000593748
1.047e-07 0.00165625
1.048e-07 0.002
1.049e-07 0.00136719
1.05e-07 0.000390623
1.051e-07 -0.000187502
1.052e-07 -0.000125002
1.053e-07 -1.90735e-09
1.054e-07 -0.000492189
1.055e-07 -0.00149219
1.056e-07 -0.00239063
1.057e-07 -0.0025625
1.058e-07 -0.002
1.059e-07 -0.00108594
1.06e-07 -0.000273439
1.061e-07 0.000171873
1.062e-07 0.000179686
1.063e-07 -1.90735e-09
1.064e-07 -7.03144e-05
1.065e-07 -3.12519e-05
1.066e-07 -1.90735e-09
1.067e-07 -7.81441e-06
1.068e-07 -1.90735e-09
1.069e-07 7.81231e-05
1.07e-07 6.24981e-05
1.071e-07 -0.000125002
1.072e-07 -0.000265627
1.073e-07 -1.90735e-09
1.074e-07 0.000765623
1.075e-07 0.00165625
1.076e-07 0.0021875
1.077e-07 0.0021875
1.078e-07 0.002
1.079e-07 0.00194531
1.08e-07 0.00199219
1.081e-07 0.00191406
1.082e-07 0.0018125
1.083e-07 0.002
1.084e-07 0.00244531
1.085e-07 0.00238281
1.086e-07 0.00134375
1.087e-07 0.000140623
1.088e-07 -1.90735e-09
1.089e-07 0.00125
1.09e-07 0.00216406
1.091e-07 0.00124219
1.092e-07 -0.000843752
1.093e-07 -0.002
1.094e-07 -0.000750002
1.095e-07 0.0013125
1.096e-07 0.00207031
1.097e-07 0.00108594
1.098e-07 -1.90735e-09
1.099e-07 0.000453123
1.1e-07 0.00160937
1.101e-07 0.00196094
1.102e-07 0.0010625
1.103e-07 -1.90735e-09
1.104e-07 9.37481e-05
1.105e-07 0.00127344
1.106e-07 0.00257031
1.107e-07 0.00285937
1.108e-07 0.002
1.109e-07 0.000648436
1.11e-07 -7.81269e-05
1.111e-07 0.000359373
1.112e-07 0.00142187
1.113e-07 0.002
1.114e-07 0.00139844
1.115e-07 0.000343748
1.116e-07 -5.46894e-05
1.117e-07 0.000695311
1.118e-07 0.002
1.119e-07 0.00280469
1.12e-07 0.00253125
1.121e-07 0.00135156
1.122e-07 0.000265623
1.123e-07 -1.90735e-09
1.124e-07 0.000460936
1.125e-07 0.000421873
1.126e-07 -0.000781252
1.127e-07 -0.00214063
1.128e-07 -0.002
1.129e-07 0.000374998
1.13e-07 0.00317969
1.131e-07 0.004125
1.132e-07 0.00251562
1.133e-07 -1.90735e-09
1.134e-07 -0.00126563
1.135e-07 -0.000757814
1.136e-07 0.000765623
1.137e-07 0.00189844
1.138e-07 0.002
1.139e-07 0.00123437
1.14e-07 0.000328123
1.141e-07 -0.000171877
1.142e-07 -0.000148439
1.143e-07 -1.90735e-09
1.144e-07 -7.81269e-05
1.145e-07 -0.000125002
1.146e-07 0.000257811
1.147e-07 0.00111719
1.148e-07 0.002
1.149e-07 0.00214844
1.15e-07 0.000992186
1.151e-07 -0.00113281
1.152e-07 -0.00254688
1.153e-07 -0.002
1.154e-07 0.000367186
1.155e-07 0.00207812
1.156e-07 0.00110156
1.157e-07 -0.00183594
1.158e-07 -0.004
1.159e-07 -0.00325
1.16e-07 -0.00101563
1.161e-07 0.000414061
1.162e-07 0.000242186
1.163e-07 -1.90735e-09
1.164e-07 0.00108594
1.165e-07 0.00207031
1.166e-07 0.00126562
1.167e-07 -0.000835939
1.168e-07 -0.002
1.169e-07 -0.000664064
1.17e-07 0.00142187
1.171e-07 0.00185156
1.172e-07 9.37481e-05
1.173e-07 -0.002
1.174e-07 -0.00254688
1.175e-07 -0.00219531
1.176e-07 -0.00216406
1.177e-07 -0.00250781
1.178e-07 -0.002
1.179e-07 0.000109373
1.18e-07 0.00185937
1.181e-07 0.00141406
1.182e-07 -0.000664064
1.183e-07 -0.002
1.184e-07 -0.00103906
1.185e-07 7.03106e-05
1.186e-07 -0.000875002
1.187e-07 -0.00317969
1.188e-07 -0.004
1.189e-07 -0.00152344
1.19e-07 0.001375
1.191e-07 0.00153125
1.192e-07 -0.000765627
1.193e-07 -0.002
1.194e-07 0.000335936
1.195e-07 0.00335156
1.196e-07 0.00346875
1.197e-07 0.000531248
1.198e-07 -0.002
1.199e-07 -0.00108594
1.2e-07 0.00125781
1.201e-07 0.0018125
1.202e-07 -0.000125002
1.203e-07 -0.002
1.204e-07 -0.00123438
1.205e-07 0.000976561
1.206e-07 0.00242969
1.207e-07 0.00229687
1.208e-07 0.002
1.209e-07 0.00292969
1.21e-07 0.00395312
1.211e-07 0.00348437
1.212e-07 0.00160937
1.213e-07 -1.90735e-09
1.214e-07 0.000101561
1.215e-07 0.00134375
1.216e-07 0.00232812
1.217e-07 0.00233594
1.218e-07 0.002
1.219e-07 0.00207812
1.22e-07 0.00215625
1.221e-07 0.00158594
1.222e-07 0.000585936
1.223e-07 -1.90735e-09
1.224e-07 0.000296873
1.225e-07 0.000328123
1.226e-07 -0.000679689
1.227e-07 -0.00194531
1.228e-07 -0.002
1.229e-07 -0.000226564
1.23e-07 0.00164062
1.231e-07 0.00173437
1.232e-07 -7.81269e-05
1.233e-07 -0.002
1.234e-07 -0.00192188
1.235e-07 0.000390623
1.236e-07 0.00350781
1.237e-07 0.00503906
1.238e-07 0.004
1.239e-07 0.00114062
1.24e-07 -0.0014375
1.241e-07 -0.00196875
1.242e-07 -0.000296877
1.243e-07 0.002
1.244e-07 0.00308594
1.245e-07 0.00260156
1.246e-07 0.00142969
1.247e-07 0.00103906
1.248e-07 0.002
1.249e-07 0.00357812
1.25e-07 0.00429687
1.251e-07 0.00324219
1.252e-07 0.00124219
1.253e-07 -1.90735e-09
1.254e-07 0.000531248
1.255e-07 0.00167187
1.256e-07 0.00185937
1.257e-07 0.000859373
1.258e-07 -1.90735e-09
1.259e-07 0.000476561
1.26e-07 0.00159375
1.261e-07 0.00203906
1.262e-07 0.00122656
1.263e-07 -1.90735e-09
1.264e-07 -0.000273439
1.265e-07 0.000960936
1.266e-07 0.00307812
1.267e-07 0.00442969
1.268e-07 0.004
1.269e-07 0.00178125
1.27e-07 -0.000968752
1.271e-07 -0.002625
1.272e-07 -0.00211719
1.273e-07 -1.90735e-09
1.274e-07 0.00214844
1.275e-07 0.00260937
1.276e-07 0.000968748
1.277e-07 -0.00122656
1.278e-07 -0.002
1.279e-07 -0.000593752
1.28e-07 0.00139062
1.281e-07 0.00203125
1.282e-07 0.00103906
1.283e-07 -1.90735e-09
1.284e-07 0.000468748
1.285e-07 0.00161719
1.286e-07 0.00192187
1.287e-07 0.000999998
1.288e-07 -1.90735e-09
1.289e-07 3.12481e-05
1.29e-07 0.000179686
1.291e-07 -0.000562502
1.292e-07 -0.00177344
1.293e-07 -0.002
1.294e-07 -0.000398439
1.295e-07 0.00148437
1.296e-07 0.00194531
1.297e-07 0.000898436
1.298e-07 -1.90735e-09
1.299e-07 0.000624998
1.3e-07 0.00171875
1.301e-07 0.00179687
1.302e-07 0.000757811
1.303e-07 -1.90735e-09
1.304e-07 0.000656248
1.305e-07 0.00173437
1.306e-07 0.00179687
1.307e-07 0.000765623
1.308e-07 -1.90735e-09
1.309e-07 0.000492186
1.31e-07 0.00160937
1.311e-07 0.00200781
1.312e-07 0.0011875
1.313e-07 -1.90735e-09
1.314e-07 -0.000515627
1.315e-07 -0.000226564
1.316e-07 0.000109373
1.317e-07 -0.000398439
1.318e-07 -0.002
1.319e-07 -0.00429688
1.32e-07 -0.006875
1.321e-07 -0.00896094
1.322e-07 -0.00939063
1.323e-07 -0.008
1.324e-07 -0.00588281
1.325e-07 -0.00427344
1.326e-07 -0.00414844
1.327e-07 -0.00529688
1.328e-07 -0.006
1.329e-07 -0.00339063
1.33e-07 -0.000796877
1.331e-07 0.000835936
1.332e-07 -0.000320314
1.333e-07 -0.006
1.334e-07 -0.0138125
1.335e-07 -0.0281563
1.336e-07 -0.0435781
1.337e-07 -0.0468906
1.338e-07 -0.028
1.339e-07 0.0175859
1.34e-07 0.0784297
1.341e-07 0.138359
1.342e-07 0.178492
1.343e-07 0.2
1.344e-07 0.205984
1.345e-07 0.204961
1.346e-07 0.197695
1.347e-07 0.186961
1.348e-07 0.176
1.349e-07 0.161289
1.35e-07 0.14732
1.351e-07 0.131977
1.352e-07 0.116594
1.353e-07 0.102
1.354e-07 0.0861094
1.355e-07 0.0708516
1.356e-07 0.0579453
1.357e-07 0.0494375
1.358e-07 0.044
1.359e-07 0.0421719
1.36e-07 0.0417656
1.361e-07 0.0425625
1.362e-07 0.0437656
1.363e-07 0.044
1.364e-07 0.0435156
1.365e-07 0.0416328
1.366e-07 0.0381406
1.367e-07 0.0340703
1.368e-07 0.03
1.369e-07 0.0258281
1.37e-07 0.0221562
1.371e-07 0.0174609
1.372e-07 0.0114062
1.373e-07 0.004
1.374e-07 -0.0049375
1.375e-07 -0.0136875
1.376e-07 -0.0221563
1.377e-07 -0.0298672
1.378e-07 -0.038
1.379e-07 -0.0470391
1.38e-07 -0.0569531
1.381e-07 -0.0666875
1.382e-07 -0.0742031
1.383e-07 -0.08
1.384e-07 -0.0838047
1.385e-07 -0.0877578
1.386e-07 -0.0922344
1.387e-07 -0.0964219
1.388e-07 -0.1
1.389e-07 -0.101102
1.39e-07 -0.100648
1.391e-07 -0.0992109
1.392e-07 -0.0980391
1.393e-07 -0.098
1.394e-07 -0.0980547
1.395e-07 -0.0980625
1.396e-07 -0.0976953
1.397e-07 -0.0978672
1.398e-07 -0.1
1.399e-07 -0.103805
1.4e-07 -0.108273
1.401e-07 -0.111039
1.402e-07 -0.110664
1.403e-07 -0.108
1.404e-07 -0.103609
1.405e-07 -0.0987422
1.406e-07 -0.0930547
1.407e-07 -0.0873047
1.408e-07 -0.082
1.409e-07 -0.0773047
1.41e-07 -0.0746406
1.411e-07 -0.0736094
1.412e-07 -0.0727031
1.413e-07 -0.07
1.414e-07 -0.0646328
1.415e-07 -0.0587266
1.416e-07 -0.0538438
1.417e-07 -0.0503047
1.418e-07 -0.046
1.419e-07 -0.0395859
1.42e-07 -0.0328438
1.421e-07 -0.0279375
1.422e-07 -0.02575
1.423e-07 -0.024
1.424e-07 -0.0204453
1.425e-07 -0.0151406
1.426e-07 -0.00908594
1.427e-07 -0.0035625
1.428e-07 0.002
1.429e-07 0.00734375
1.43e-07 0.0110547
1.431e-07 0.0122422
1.432e-07 0.0122187
1.433e-07 0.014
1.434e-07 0.0185078
1.435e-07 0.0238125
1.436e-07 0.0273125
1.437e-07 0.0284922
1.438e-07 0.03
1.439e-07 0.0334844
1.44e-07 0.0380234
1.441e-07 0.0412109
1.442e-07 0.0419453
1.443e-07 0.042
1.444e-07 0.0427031
1.445e-07 0.0437031
1.446e-07 0.0438125
1.447e-07 0.0433594
1.448e-07 0.044
1.449e-07 0.0460703
1.45e-07 0.0478516
1.451e-07 0.0473516
1.452e-07 0.0451797
1.453e-07 0.044
1.454e-07 0.0452266
1.455e-07 0.0473672
1.456e-07 0.0478672
1.457e-07 0.0461172
1.458e-07 0.044
1.459e-07 0.0432969
1.46e-07 0.0437969
1.461e-07 0.0438047
1.462e-07 0.0423594
1.463e-07 0.04
1.464e-07 0.0378047
1.465e-07 0.0364219
1.466e-07 0.0356094
1.467e-07 0.0349531
1.468e-07 0.034
1.469e-07 0.0324766
1.47e-07 0.0307891
1.471e-07 0.0293125
1.472e-07 0.0284531
1.473e-07 0.028
1.474e-07 0.0274375
1.475e-07 0.0266406
1.476e-07 0.0252656
1.477e-07 0.0231172
1.478e-07 0.02
1.479e-07 0.0161562
1.48e-07 0.0130391
1.481e-07 0.0113203
1.482e-07 0.0107422
1.483e-07 0.01
1.484e-07 0.00829687
1.485e-07 0.00661719
1.486e-07 0.00567969
1.487e-07 0.00527344
1.488e-07 0.004
1.489e-07 0.000499998
1.49e-07 -0.00492188
1.491e-07 -0.0109766
1.492e-07 -0.0149453
1.493e-07 -0.016
1.494e-07 -0.0150547
1.495e-07 -0.0149688
1.496e-07 -0.017875
1.497e-07 -0.0224766
1.498e-07 -0.026
1.499e-07 -0.026875
1.5e-07 -0.0282031
1.501e-07 -0.0328672
1.502e-07 -0.0394141
1.503e-07 -0.044
1.504e-07 -0.0433281
1.505e-07 -0.0407109
1.506e-07 -0.0403828
1.507e-07 -0.0436797
1.508e-07 -0.048
1.509e-07 -0.0493594
1.51e-07 -0.0486484
1.511e-07 -0.0476484
1.512e-07 -0.047625
1.513e-07 -0.048
1.514e-07 -0.0468516
1.515e-07 -0.0450156
1.516e-07 -0.0431172
1.517e-07 -0.0415859
1.518e-07 -0.04
1.519e-07 -0.0377891
1.52e-07 -0.0363359
1.521e-07 -0.0359688
1.522e-07 -0.0357422
1.523e-07 -0.034
1.524e-07 -0.0298828
1.525e-07 -0.0255938
1.526e-07 -0.0230938
1.527e-07 -0.0226094
1.528e-07 -0.022
1.529e-07 -0.0193047
1.53e-07 -0.0157266
1.531e-07 -0.0127578
1.532e-07 -0.01075
1.533e-07 -0.008
1.534e-07 -0.00349219
1.535e-07 0.000648436
1.536e-07 0.00253125
1.537e-07 0.00265625
1.538e-07 0.004
1.539e-07 0.00811719
1.54e-07 0.0125391
1.541e-07 0.0144219
1.542e-07 0.0137891
1.543e-07 0.014
1.544e-07 0.017375
1.545e-07 0.0220547
1.546e-07 0.0249844
1.547e-07 0.0254141
1.548e-07 0.026
1.549e-07 0.0285547
1.55e-07 0.0313047
1.551e-07 0.03175
1.552e-07 0.0302812
1.553e-07 0.03
1.554e-07 0.0324922
1.555e-07 0.0354141
1.556e-07 0.0354609
1.557e-07 0.0325703
1.558e-07 0.03
1.559e-07 0.0303906
1.56e-07 0.0328203
1.561e-07 0.0345
1.562e-07 0.0338359
1.563e-07 0.032
1.564e-07 0.0306406
1.565e-07 0.0301328
1.566e-07 0.0296797
1.567e-07 0.028875
1.568e-07 0.028
1.569e-07 0.0272656
1.57e-07 0.0265312
1.571e-07 0.0252812
1.572e-07 0.0236406
1.573e-07 0.022
1.574e-07 0.0205391
1.575e-07 0.0189453
1.576e-07 0.0168906
1.577e-07 0.0150234
1.578e-07 0.014
1.579e-07 0.0138437
1.58e-07 0.0130312
1.581e-07 0.0104531
1.582e-07 0.00740625
1.583e-07 0.006
1.584e-07 0.00714062
1.585e-07 0.00828906
1.586e-07 0.0068125
1.587e-07 0.00313281
1.588e-07 -1.90735e-09
1.589e-07 -0.000359377
1.59e-07 0.000226561
1.591e-07 -0.00103125
1.592e-07 -0.00449219
1.593e-07 -0.008
1.594e-07 -0.00909375
1.595e-07 -0.00844531
1.596e-07 -0.00791406
1.597e-07 -0.00860938
1.598e-07 -0.01
1.599e-07 -0.0109375
1.6e-07 -0.0115781
1.601e-07 -0.0125938
1.602e-07 -0.0141797
1.603e-07 -0.016
1.604e-07 -0.0173594
1.605e-07 -0.0179688
1.606e-07 -0.0179375
1.607e-07 -0.0177422
1.608e-07 -0.018
1.609e-07 -0.0190313
1.61e-07 -0.020875
1.611e-07 -0.0230938
1.612e-07 -0.024875
1.613e-07 -0.026
1.614e-07 -0.0262969
1.615e-07 -0.0261563
1.616e-07 -0.0258359
1.617e-07 -0.0257188
1.618e-07 -0.026
1.619e-07 -0.0262813
1.62e-07 -0.02625
1.621e-07 -0.0255625
1.622e-07 -0.0245859
1.623e-07 -0.024
1.624e-07 -0.0238906
1.625e-07 -0.0240313
1.626e-07 -0.0238203
1.627e-07 -0.0230625
1.628e-07 -0.022
1.629e-07 -0.0209375
1.63e-07 -0.0202891
1.631e-07 -0.0197109
1.632e-07 -0.0184453
1.633e-07 -0.016
1.634e-07 -0.0129531
1.635e-07 -0.0116172
1.636e-07 -0.0130781
1.637e-07 -0.0155625
1.638e-07 -0.016
1.639e-07 -0.0126641
1.64e-07 -0.0079375
1.641e-07 -0.00491406
1.642e-07 -0.0049375
1.643e-07 -0.006
1.644e-07 -0.00547656
1.645e-07 -0.00336719
1.646e-07 -0.000851564
1.647e-07 0.000835936
1.648e-07 0.002
1.649e-07 0.00347656
1.65e-07 0.00514062
1.651e-07 0.00672656
1.652e-07 0.00817187
1.653e-07 0.01
1.654e-07 0.012125
1.655e-07 0.0136172
1.656e-07 0.0140391
1.657e-07 0.0142969
1.658e-07 0.016
1.659e-07 0.0192422
1.66e-07 0.0217266
1.661e-07 0.0213672
1.662e-07 0.0190781
1.663e-07 0.018
1.664e-07 0.0199141
1.665e-07 0.0229375
1.666e-07 0.0241875
1.667e-07 0.0230781
1.668e-07 0.022
1.669e-07 0.0230312
1.67e-07 0.0252109
1.671e-07 0.0261172
1.672e-07 0.0246016
1.673e-07 0.022
1.674e-07 0.0201641
1.675e-07 0.0197422
1.676e-07 0.0202578
1.677e-07 0.0210859
1.678e-07 0.022
1.679e-07 0.0226719
1.68e-07 0.0225391
1.681e-07 0.0211562
1.682e-07 0.0192891
1.683e-07 0.018
1.684e-07 0.0175156
1.685e-07 0.0167578
1.686e-07 0.0148516
1.687e-07 0.0127344
1.688e-07 0.012
1.689e-07 0.0131875
1.69e-07 0.0142656
1.691e-07 0.0129453
1.692e-07 0.00942969
1.693e-07 0.006
1.694e-07 0.00489844
1.695e-07 0.00553906
1.696e-07 0.00609375
1.697e-07 0.00540625
1.698e-07 0.004
1.699e-07 0.00296875
1.7e-07 0.0023125
1.701e-07 0.00157031
1.702e-07 0.000710936
1.703e-07 -1.90735e-09
1.704e-07 -0.000421877
1.705e-07 -0.00121875
1.706e-07 -0.00302344
1.707e-07 -0.00552344
1.708e-07 -0.008
1.709e-07 -0.00953125
1.71e-07 -0.0100469
1.711e-07 -0.00989844
1.712e-07 -0.00971875
1.713e-07 -0.01
1.714e-07 -0.0106328
1.715e-07 -0.0115625
1.716e-07 -0.012375
1.717e-07 -0.0125547
1.718e-07 -0.012
1.719e-07 -0.0108516
1.72e-07 -0.0100469
1.721e-07 -0.0102109
1.722e-07 -0.0111172
1.723e-07 -0.012
1.724e-07 -0.0123906
1.725e-07 -0.01325
1.726e-07 -0.0150547
1.727e-07 -0.0165234
1.728e-07 -0.016
1.729e-07 -0.0130469
1.73e-07 -0.0104141
1.731e-07 -0.0105
1.732e-07 -0.0127188
1.733e-07 -0.014
1.734e-07 -0.0120938
1.735e-07 -0.00903125
1.736e-07 -0.00782031
1.737e-07 -0.00947656
1.738e-07 -0.012
1.739e-07 -0.0128828
1.74e-07 -0.0124141
1.741e-07 -0.011875
1.742e-07 -0.0119688
1.743e-07 -0.012
1.744e-07 -0.0108906
1.745e-07 -0.00900781
1.746e-07 -0.00714063
1.747e-07 -0.00616406
1.748e-07 -0.006
1.749e-07 -0.00611719
1.75e-07 -0.00614063
1.751e-07 -0.00576563
1.752e-07 -0.00498438
1.753e-07 -0.004
1.754e-07 -0.00304688
1.755e-07 -0.0023125
1.756e-07 -0.00173438
1.757e-07 -0.00107031
1.758e-07 -1.90735e-09
1.759e-07 0.00127344
1.76e-07 0.00196875
1.761e-07 0.00178906
1.762e-07 0.00142187
1.763e-07 0.002
1.764e-07 0.00386719
1.765e-07 0.00561719
1.766e-07 0.00585937
1.767e-07 0.00475781
1.768e-07 0.004
1.769e-07 0.00492969
1.77e-07 0.00694531
1.771e-07 0.00875
1.772e-07 0.00955469
1.773e-07 0.01
1.774e-07 0.0107656
1.775e-07 0.0116953
1.776e-07 0.0120859
1.777e-07 0.0114141
1.778e-07 0.01
1.779e-07 0.00874219
1.78e-07 0.00908594
1.781e-07 0.0112578
1.782e-07 0.0135312
1.783e-07 0.014
1.784e-07 0.0121016
1.785e-07 0.0101875
1.786e-07 0.0105859
1.787e-07 0.0132969
1.788e-07 0.016
1.789e-07 0.0161094
1.79e-07 0.0136797
1.791e-07 0.0104922
1.792e-07 0.00904687
1.793e-07 0.01
1.794e-07 0.0122031
1.795e-07 0.0138672
1.796e-07 0.0135859
1.797e-07 0.01175
1.798e-07 0.01
1.799e-07 0.0095625
1.8e-07 0.00989844
1.801e-07 0.00975781
1.802e-07 0.00883594
1.803e-07 0.008
1.804e-07 0.00804687
1.805e-07 0.00822656
1.806e-07 0.00738281
1.807e-07 0.00559375
1.808e-07 0.004
1.809e-07 0.00355469
1.81e-07 0.00386719
1.811e-07 0.00389062
1.812e-07 0.00314062
1.813e-07 0.002
1.814e-07 0.00110156
1.815e-07 0.000382811
1.816e-07 -0.000492189
1.817e-07 -0.00138281
1.818e-07 -0.002
1.819e-07 -0.00228125
1.82e-07 -0.00316406
1.821e-07 -0.005125
1.822e-07 -0.00717188
1.823e-07 -0.008
1.824e-07 -0.00702344
1.825e-07 -0.00599219
1.826e-07 -0.00657813
1.827e-07 -0.00852344
1.828e-07 -0.01
1.829e-07 -0.00949219
1.83e-07 -0.00832031
1.831e-07 -0.0081875
1.832e-07 -0.00923438
1.833e-07 -0.01
1.834e-07 -0.00917969
1.835e-07 -0.00810156
1.836e-07 -0.00846875
1.837e-07 -0.0103281
1.838e-07 -0.012
1.839e-07 -0.0118594
1.84e-07 -0.010625
1.841e-07 -0.00970313
1.842e-07 -0.00972656
1.843e-07 -0.01
1.844e-07 -0.00967188
1.845e-07 -0.00966406
1.846e-07 -0.0106953
1.847e-07 -0.0119766
1.848e-07 -0.012
1.849e-07 -0.0100313
1.85e-07 -0.00825781
1.851e-07 -0.0084375
1.852e-07 -0.00985938
1.853e-07 -0.01
1.854e-07 -0.00735938
1.855e-07 -0.00457813
1.856e-07 -0.00439063
1.857e-07 -0.0065625
1.858e-07 -0.008
1.859e-07 -0.00621094
1.86e-07 -0.00313281
1.861e-07 -0.00172656
1.862e-07 -0.00278125
1.863e-07 -0.004
1.864e-07 -0.00300781
1.865e-07 -0.000898439
1.866e-07 0.000312498
1.867e-07 8.59356e-05
1.868e-07 -1.90735e-09
1.869e-07 0.00124219
1.87e-07 0.00213281
1.871e-07 0.00121094
1.872e-07 -0.000390627
1.873e-07 -1.90735e-09
1.874e-07 0.00358594
1.875e-07 0.00722656
1.876e-07 0.00761719
1.877e-07 0.00474219
1.878e-07 0.002
1.879e-07 0.00242187
1.88e-07 0.00480469
1.881e-07 0.00655469
1.882e-07 0.00646094
1.883e-07 0.006
1.884e-07 0.00700781
1.885e-07 0.00903125
1.886e-07 0.0105859
1.887e-07 0.0106875
1.888e-07 0.01
1.889e-07 0.00953906
1.89e-07 0.00973437
1.891e-07 0.0102422
1.892e-07 0.0104297
1.893e-07 0.01
1.894e-07 0.00901562
1.895e-07 0.00815625
1.896e-07 0.00802344
1.897e-07 0.00878125
1.898e-07 0.01
1.899e-07 0.0107969
1.9e-07 0.0105391
1.901e-07 0.00928906
1.902e-07 0.00810937
1.903e-07 0.008
1.904e-07 0.009
1.905e-07 0.00996094
1.906e-07 0.00961719
1.907e-07 0.00792187
1.908e-07 0.006
1.909e-07 0.00507031
1.91e-07 0.00548437
1.911e-07 0.00648437
1.912e-07 0.00683594
1.913e-07 0.006
1.914e-07 0.00453125
1.915e-07 0.0038125
1.916e-07 0.0045625
1.917e-07 0.00585156
1.918e-07 0.006
1.919e-07 0.00403906
1.92e-07 0.00115625
1.921e-07 -0.000664064
1.922e-07 -0.000132814
1.923e-07 0.002
1.924e-07 0.00395312
1.925e-07 0.00446094
1.926e-07 0.00324219
1.927e-07 0.00133594
1.928e-07 -1.90735e-09
1.929e-07 -0.000242189
1.93e-07 -7.81441e-06
1.931e-07 -0.000257814
1.932e-07 -0.00114844
1.933e-07 -0.002
1.934e-07 -0.00211719
1.935e-07 -0.00194531
1.936e-07 -0.00230469
1.937e-07 -0.00321875
1.938e-07 -0.004
1.939e-07 -0.00401563
1.94e-07 -0.00389063
1.941e-07 -0.00435938
1.942e-07 -0.00532031
1.943e-07 -0.006
1.944e-07 -0.00583594
1.945e-07 -0.00575781
1.946e-07 -0.00654688
1.947e-07 -0.0076875
1.948e-07 -0.008
1.949e-07 -0.00684375
1.95e-07 -0.00589063
1.951e-07 -0.0066875
1.952e-07 -0.00872656
1.953e-07 -0.01
1.954e-07 -0.00890625
1.955e-07 -0.00684375
1.956e-07 -0.0056875
1.957e-07 -0.00588281
1.958e-07 -0.006
1.959e-07 -0.00482813
1.96e-07 -0.00388281
1.961e-07 -0.00474219
1.962e-07 -0.00683594
1.963e-07 -0.008
1.964e-07 -0.00666406
1.965e-07 -0.004625
1.966e-07 -0.00404688
1.967e-07 -0.00515625
1.968e-07 -0.006
1.969e-07 -0.00482031
1.97e-07 -0.0028125
1.971e-07 -0.00169531
1.972e-07 -0.00191406
1.973e-07 -0.002
1.974e-07 -0.000609377
1.975e-07 0.00132812
1.976e-07 0.00217187
1.977e-07 0.00134375
1.978e-07 -1.90735e-09
1.979e-07 -0.000539064
1.98e-07 -0.000312502
1.981e-07 0.000210936
1.982e-07 0.000867186
1.983e-07 0.002
1.984e-07 0.00352344
1.985e-07 0.00425
1.986e-07 0.00330469
1.987e-07 0.00135156
1.988e-07 -1.90735e-09
1.989e-07 0.000554686
1.99e-07 0.00269531
1.991e-07 0.005125
1.992e-07 0.00629687
1.993e-07 0.006
1.994e-07 0.00489844
1.995e-07 0.00407031
1.996e-07 0.00415625
1.997e-07 0.00503125
1.998e-07 0.006
1.999e-07 0.00635937
2e-07 0.0061875
2.001e-07 0.00582812
2.002e-07 0.00571875
2.003e-07 0.006
2.004e-07 0.0063125
2.005e-07 0.00621875
2.006e-07 0.00566406
2.007e-07 0.00536719
2.008e-07 0.006
2.009e-07 0.00721094
2.01e-07 0.00700781
2.011e-07 0.00434375
2.012e-07 0.00105469
2.013e-07 -1.90735e-09
2.014e-07 0.00264062
2.015e-07 0.00658594
2.016e-07 0.00851562
2.017e-07 0.00701562
2.018e-07 0.004
2.019e-07 0.00233594
2.02e-07 0.003
2.021e-07 0.005
2.022e-07 0.00632812
2.023e-07 0.006
2.024e-07 0.0043125
2.025e-07 0.00252344
2.026e-07 0.00182812
2.027e-07 0.00261719
2.028e-07 0.004
2.029e-07 0.00451562
2.03e-07 0.00325
2.031e-07 0.000562498
2.032e-07 -0.00166406
2.033e-07 -0.002
2.034e-07 -0.000335939
2.035e-07 0.00153125
2.036e-07 0.00190625
2.037e-07 0.000835936
2.038e-07 -1.90735e-09
2.039e-07 0.000726561
2.04e-07 0.00183594
2.041e-07 0.00160156
2.042e-07 -0.000187502
2.043e-07 -0.002
2.044e-07 -0.0023125
2.045e-07 -0.00200781
2.046e-07 -0.00239063
2.047e-07 -0.00347656
2.048e-07 -0.004
2.049e-07 -0.00303125
2.05e-07 -0.00205469
2.051e-07 -0.00247656
2.052e-07 -0.00375781
2.053e-07 -0.004
2.054e-07 -0.00207813
2.055e-07 -0.000218752
2.056e-07 -0.000578127
2.057e-07 -0.00271875
2.058e-07 -0.004
2.059e-07 -0.00261719
2.06e-07 -0.000515627
2.061e-07 -0.000296877
2.062e-07 -0.00225
2.063e-07 -0.004
2.064e-07 -0.00325781
2.065e-07 -0.00101563
2.066e-07 0.000468748
2.067e-07 -0.000164064
2.068e-07 -0.002
2.069e-07 -0.00341406
2.07e-07 -0.00402344
2.071e-07 -0.00395313
2.072e-07 -0.00330469
2.073e-07 -0.002
2.074e-07 -0.000156252
2.075e-07 0.00151562
2.076e-07 0.00221094
2.077e-07 0.00153906
2.078e-07 -1.90735e-09
2.079e-07 -0.00154688
2.08e-07 -0.00217188
2.081e-07 -0.00160938
2.082e-07 -0.000554689
2.083e-07 -1.90735e-09
2.084e-07 -0.000437502
2.085e-07 -0.00153125
2.086e-07 -0.00228125
2.087e-07 -0.00176563
2.088e-07 -1.90735e-09
2.089e-07 0.00197656
2.09e-07 0.00252344
2.091e-07 0.00103906
2.092e-07 -0.001125
2.093e-07 -0.002
2.094e-07 -0.000445314
2.095e-07 0.00255469
2.096e-07 0.00500781
2.097e-07 0.00533594
2.098e-07 0.004
2.099e-07 0.00240625
2.1e-07 0.00179687
2.101e-07 0.00239844
2.102e-07 0.00344531
2.103e-07 0.004
2.104e-07 0.00351562
2.105e-07 0.00248437
2.106e-07 0.00169531
2.107e-07 0.00164844
2.108e-07 0.002
2.109e-07 0.00214844
2.11e-07 0.00207031
2.111e-07 0.00197656
2.112e-07 0.00198437
2.113e-07 0.002
2.114e-07 0.00191406
2.115e-07 0.00189062
2.116e-07 0.00217187
2.117e-07 0.00291406
2.118e-07 0.004
2.119e-07 0.00485937
2.12e-07 0.00465625
2.121e-07 0.00302344
2.122e-07 0.00100781
2.123e-07 -1.90735e-09
2.124e-07 0.000617186
2.125e-07 0.00170312
2.126e-07 0.00188281
2.127e-07 0.000945311
2.128e-07 -1.90735e-09
2.129e-07 4.68731e-05
2.13e-07 0.000187498
2.131e-07 -0.000546877
2.132e-07 -0.00174219
2.133e-07 -0.002
2.134e-07 -0.000429689
2.135e-07 0.00146875
2.136e-07 0.00196875
2.137e-07 0.000945311
2.138e-07 -1.90735e-09
2.139e-07 0.000484373
2.14e-07 0.001625
2.141e-07 0.00195312
2.142e-07 0.0010625
2.143e-07 -1.90735e-09
2.144e-07 -0.000195314
2.145e-07 1.56231e-05
2.146e-07 -0.000296877
2.147e-07 -0.00121875
2.148e-07 -0.002
2.149e-07 -0.00197656
2.15e-07 -0.00185156
2.151e-07 -0.00242188
2.152e-07 -0.00346094
2.153e-07 -0.004
2.154e-07 -0.00332031
2.155e-07 -0.00233594
2.156e-07 -0.00196875
2.157e-07 -0.0021875
2.158e-07 -0.002
2.159e-07 -0.000843752
2.16e-07 6.24981e-05
2.161e-07 -0.000554689
2.162e-07 -0.0024375
2.163e-07 -0.004
2.164e-07 -0.00388281
2.165e-07 -0.00266406
2.166e-07 -0.00160938
2.167e-07 -0.00152344
2.168e-07 -0.002
2.169e-07 -0.00220313
2.17e-07 -0.00210156
2.171e-07 -0.00196875
2.172e-07 -0.002
2.173e-07 -0.002
2.174e-07 -0.00157813
2.175e-07 -0.000632814
2.176e-07 0.000640623
2.177e-07 0.00164062
2.178e-07 0.002
2.179e-07 0.00154687
2.18e-07 0.000539061
2.181e-07 -0.000492189
2.182e-07 -0.000757814
2.183e-07 -1.90735e-09
2.184e-07 0.0013125
2.185e-07 0.00207031
2.186e-07 0.00160156
2.187e-07 0.000492186
2.188e-07 -1.90735e-09
2.189e-07 0.000726561
2.19e-07 0.00175
2.191e-07 0.00186719
2.192e-07 0.000929686
2.193e-07 -1.90735e-09
2.194e-07 0.000226561
2.195e-07 0.00136719
2.196e-07 0.00242969
2.197e-07 0.00258594
2.198e-07 0.002
2.199e-07 0.00124219
2.2e-07 0.000390623
2.201e-07 -0.000414064
2.202e-07 -0.000664064
2.203e-07 -1.90735e-09
2.204e-07 0.00134375
2.205e-07 0.00210156
2.206e-07 0.00153125
2.207e-07 0.000335936
2.208e-07 -1.90735e-09
2.209e-07 0.00136719
2.21e-07 0.0033125
2.211e-07 0.00421875
2.212e-07 0.00342969
2.213e-07 0.002
2.214e-07 0.00130469
2.215e-07 0.00158594
2.216e-07 0.00235937
2.217e-07 0.00316406
2.218e-07 0.004
2.219e-07 0.00471094
2.22e-07 0.00457031
2.221e-07 0.003125
2.222e-07 0.0011875
2.223e-07 -1.90735e-09
2.224e-07 0.000320311
2.225e-07 0.00144531
2.226e-07 0.0023125
2.227e-07 0.00234375
2.228e-07 0.002
2.229e-07 0.00196875
2.23e-07 0.00202344
2.231e-07 0.00183594
2.232e-07 0.00164062
2.233e-07 0.002
2.234e-07 0.00314062
2.235e-07 0.00398437
2.236e-07 0.00363281
2.237e-07 0.00253125
2.238e-07 0.002
2.239e-07 0.00276562
2.24e-07 0.00378906
2.241e-07 0.00378906
2.242e-07 0.00276562
2.243e-07 0.002
2.244e-07 0.00250781
2.245e-07 0.00360937
2.246e-07 0.00403906
2.247e-07 0.00325
2.248e-07 0.002
2.249e-07 0.00135937
