-2.5e-08 0.00365625
-2.49e-08 0.0038125
-2.48e-08 0.002125
-2.47e-08 2.68221e-10
-2.46e-08 -0.00101562
-2.45e-08 -0.000578125
-2.44e-08 0.000515625
-2.43e-08 0.00090625
-2.42e-08 2.68221e-10
-2.41e-08 -0.00182812
-2.4e-08 -0.00357812
-2.39e-08 -0.00409375
-2.38e-08 -0.00276562
-2.37e-08 2.68221e-10
-2.36e-08 0.0029375
-2.35e-08 0.00425
-2.34e-08 0.00321875
-2.33e-08 0.001125
-2.32e-08 2.68221e-10
-2.31e-08 0.0005625
-2.3e-08 0.00065625
-2.29e-08 -0.00145312
-2.28e-08 -0.00410937
-2.27e-08 -0.004
-2.26e-08 0.00021875
-2.25e-08 0.0038125
-2.24e-08 0.00253125
-2.23e-08 -0.002
-2.22e-08 -0.004
-2.21e-08 -0.0001875
-2.2e-08 0.00379688
-2.19e-08 0.00210938
-2.18e-08 -0.00417187
-2.17e-08 -0.008
-2.16e-08 -0.00376562
-2.15e-08 0.00457813
-2.14e-08 0.00951563
-2.13e-08 0.00685938
-2.12e-08 2.68221e-10
-2.11e-08 -0.00498437
-2.1e-08 -0.00546875
-2.09e-08 -0.00217187
-2.08e-08 0.00176563
-2.07e-08 0.004
-2.06e-08 0.00373438
-2.05e-08 0.0015
-2.04e-08 -0.00139062
-2.03e-08 -0.0033125
-2.02e-08 -0.004
-2.01e-08 -0.00404687
-2e-08 -0.00409375
-1.99e-08 -0.00389062
-1.98e-08 -0.00267187
-1.97e-08 2.68221e-10
-1.96e-08 0.00334375
-1.95e-08 0.00467188
-1.94e-08 0.00242188
-1.93e-08 -0.00159375
-1.92e-08 -0.004
-1.91e-08 -0.00276562
-1.9e-08 -0.00053125
-1.89e-08 -0.000453125
-1.88e-08 -0.00264062
-1.87e-08 -0.004
-1.86e-08 -0.00179687
-1.85e-08 0.00223438
-1.84e-08 0.00490625
-1.83e-08 0.00485938
-1.82e-08 0.004
-1.81e-08 0.00425
-1.8e-08 0.00442188
-1.79e-08 0.0029375
-1.78e-08 0.00065625
-1.77e-08 2.68221e-10
-1.76e-08 0.00201563
-1.75e-08 0.00398438
-1.74e-08 0.00295313
-1.73e-08 -0.00078125
-1.72e-08 -0.004
-1.71e-08 -0.00384375
-1.7e-08 -0.001375
-1.69e-08 0.000875
-1.68e-08 0.00109375
-1.67e-08 2.68221e-10
-1.66e-08 -0.000640625
-1.65e-08 -0.000359375
-1.64e-08 0.00028125
-1.63e-08 0.000453125
-1.62e-08 2.68221e-10
-1.61e-08 -0.000609375
-1.6e-08 -0.000515625
-1.59e-08 0.000796875
-1.58e-08 0.00270313
-1.57e-08 0.004
-1.56e-08 0.00351563
-1.55e-08 0.00140625
-1.54e-08 -0.00135937
-1.53e-08 -0.00332812
-1.52e-08 -0.004
-1.51e-08 -0.00332812
-1.5e-08 -0.00135937
-1.49e-08 0.00140625
-1.48e-08 0.00351563
-1.47e-08 0.004
-1.46e-08 0.00270313
-1.45e-08 0.00078125
-1.44e-08 -0.000453125
-1.43e-08 -0.000484375
-1.42e-08 2.68221e-10
-1.41e-08 0.000171875
-1.4e-08 7.81253e-05
-1.39e-08 -1.56247e-05
-1.38e-08 3.12503e-05
-1.37e-08 2.68221e-10
-1.36e-08 -0.0003125
-1.35e-08 -0.000328125
-1.34e-08 0.000546875
-1.33e-08 0.00221875
-1.32e-08 0.004
-1.31e-08 0.00496875
-1.3e-08 0.00467188
-1.29e-08 0.00314063
-1.28e-08 0.00129688
-1.27e-08 2.68221e-10
-1.26e-08 -0.0004375
-1.25e-08 -0.00021875
-1.24e-08 0.000140625
-1.23e-08 0.00021875
-1.22e-08 2.68221e-10
-1.21e-08 -0.000296875
-1.2e-08 -0.000203125
-1.19e-08 0.00028125
-1.18e-08 0.00053125
-1.17e-08 2.68221e-10
-1.16e-08 -0.000890625
-1.15e-08 -0.000734375
-1.14e-08 0.00115625
-1.13e-08 0.0034375
-1.12e-08 0.004
-1.11e-08 0.00167188
-1.1e-08 -0.00229687
-1.09e-08 -0.005125
-1.08e-08 -0.00428125
-1.07e-08 2.68221e-10
-1.06e-08 0.00523438
-1.05e-08 0.00814063
-1.04e-08 0.00689063
-1.03e-08 0.00303125
-1.02e-08 2.68221e-10
-1.01e-08 0.0001875
-1e-08 0.00264063
-9.9e-09 0.00479688
-9.8e-09 0.00498438
-9.7e-09 0.004
-9.6e-09 0.00304688
-9.5e-09 0.00129688
-9.4e-09 -0.00170312
-9.3e-09 -0.00421875
-9.2e-09 -0.004
-9.1e-09 -0.000375
-9e-09 0.00329688
-8.9e-09 0.0035625
-8.8e-09 9.37503e-05
-8.7e-09 -0.004
-8.6e-09 -0.00495312
-8.5e-09 -0.00229687
-8.4e-09 0.0021875
-8.3e-09 0.00590625
-8.2e-09 0.008
-8.1e-09 0.00829688
-8e-09 0.00598438
-7.9e-09 0.00160938
-7.8e-09 -0.00135937
-7.7e-09 2.68221e-10
-7.6e-09 0.00521875
-7.5e-09 0.00859375
-7.4e-09 0.00551563
-7.3e-09 -0.002125
-7.2e-09 -0.008
-7.1e-09 -0.00721875
-7e-09 -0.0024375
-6.9e-09 0.00123438
-6.8e-09 0.00120313
-6.7e-09 2.68221e-10
-6.6e-09 0.00114063
-6.5e-09 0.00332813
-6.4e-09 0.0038125
-6.3e-09 0.00196875
-6.2e-09 2.68221e-10
-6.1e-09 -3.12497e-05
-6e-09 0.000296875
-5.9e-09 -0.000984375
-5.8e-09 -0.00323437
-5.7e-09 -0.004
-5.6e-09 -0.00196875
-5.5e-09 -7.81247e-05
-5.4e-09 -0.000921875
-5.3e-09 -0.0034375
-5.2e-09 -0.004
-5.1e-09 -0.0005
-5e-09 0.0033125
-4.9e-09 0.00329688
-4.8e-09 -0.0005625
-4.7e-09 -0.004
-4.6e-09 -0.00292187
-4.5e-09 0.0015625
-4.4e-09 0.00567188
-4.3e-09 0.00626563
-4.2e-09 0.004
-4.1e-09 0.0013125
-4e-09 -9.37497e-05
-3.9e-09 0.0004375
-3.8e-09 0.00223438
-3.7e-09 0.004
-3.6e-09 0.00454688
-3.5e-09 0.00434375
-3.4e-09 0.00370313
-3.3e-09 0.00239063
-3.2e-09 2.68221e-10
-3.1e-09 -0.002625
-3e-09 -0.00210937
-2.9e-09 0.00328125
-2.8e-09 0.00984375
-2.7e-09 0.012
-2.6e-09 0.00654688
-2.5e-09 -0.0033125
-2.4e-09 -0.0113594
-2.3e-09 -0.0125625
-2.2e-09 -0.008
-2.1e-09 -0.00126562
-2e-09 0.00529688
-1.9e-09 0.0103594
-1.8e-09 0.0125625
-1.7e-09 0.012
-1.6e-09 0.0095
-1.5e-09 0.00790625
-1.4e-09 0.0086875
-1.3e-09 0.0108594
-1.2e-09 0.012
-1.1e-09 0.0100156
-1e-09 0.006125
-9e-10 0.0021875
-8e-10 0.000171875
-7e-10 2.68221e-10
-6e-10 0.00025
-5e-10 0.000234375
-4e-10 -0.00028125
-3e-10 -0.00159375
-2e-10 -0.004
-1e-10 -0.00682813
0 -0.00823438
1e-10 -0.00715625
2e-10 -0.00496875
3e-10 -0.004
4e-10 -0.0048125
5e-10 -0.00492187
6e-10 -0.00215625
7e-10 0.00204688
8e-10 0.004
9e-10 0.00096875
1e-09 -0.00507812
1.1e-09 -0.0100938
1.2e-09 -0.0108125
1.3e-09 -0.008
1.4e-09 -0.00414062
1.5e-09 -0.001
1.6e-09 0.0006875
1.7e-09 0.0008125
1.8e-09 2.68221e-10
1.9e-09 -0.00135937
2e-09 -0.003125
2.1e-09 -0.00489062
2.2e-09 -0.00548437
2.3e-09 -0.004
2.4e-09 -0.000484375
2.5e-09 0.00301563
2.6e-09 0.00423438
2.7e-09 0.0026875
2.8e-09 2.68221e-10
2.9e-09 -0.00209375
3e-09 -0.0035
3.1e-09 -0.004625
3.2e-09 -0.00507812
3.3e-09 -0.004
3.4e-09 -0.0009375
3.5e-09 0.00260938
3.6e-09 0.00484375
3.7e-09 0.00495313
3.8e-09 0.004
3.9e-09 0.0029375
4e-09 0.00120313
4.1e-09 -0.00151562
4.2e-09 -0.00385937
4.3e-09 -0.004
4.4e-09 -0.0011875
4.5e-09 0.00254688
4.6e-09 0.00470313
4.7e-09 0.00457813
4.8e-09 0.004
4.9e-09 0.0044375
5e-09 0.00451563
5.1e-09 0.00284375
5.2e-09 0.0005
5.3e-09 2.68221e-10
5.4e-09 0.002375
5.5e-09 0.00426563
5.6e-09 0.00246875
5.7e-09 -0.00175
5.8e-09 -0.004
5.9e-09 -0.00140625
6e-09 0.0026875
6.1e-09 0.00401563
6.2e-09 0.00192188
6.3e-09 2.68221e-10
6.4e-09 0.00151563
6.5e-09 0.00376563
6.6e-09 0.003
6.7e-09 -0.000796875
6.8e-09 -0.004
6.9e-09 -0.00334375
7e-09 -0.000984375
7.1e-09 0.000125
7.2e-09 -0.000421875
7.3e-09 2.68221e-10
7.4e-09 0.00334375
7.5e-09 0.00709375
7.6e-09 0.00782813
7.7e-09 0.00460938
7.8e-09 2.68221e-10
7.9e-09 -0.00254687
8e-09 -0.00159375
8.1e-09 0.00179688
8.2e-09 0.00439063
8.3e-09 0.004
8.4e-09 0.00104688
8.5e-09 -0.00059375
8.6e-09 0.00173438
8.7e-09 0.0060625
8.8e-09 0.008
8.9e-09 0.005
9e-09 0.0009375
9.1e-09 0.0005
9.2e-09 0.00425
9.3e-09 0.008
9.4e-09 0.00714063
9.5e-09 0.00259375
9.6e-09 -0.00201562
9.7e-09 -0.00292187
9.8e-09 2.68221e-10
9.9e-09 0.00392188
1e-08 0.0050625
1.01e-08 0.00196875
1.02e-08 -0.0024375
1.03e-08 -0.004
1.04e-08 -0.00129687
1.05e-08 0.000703125
1.06e-08 -0.00240625
1.07e-08 -0.00873438
1.08e-08 -0.012
1.09e-08 -0.00751563
1.1e-08 0.000609375
1.11e-08 0.0056875
1.12e-08 0.00435938
1.13e-08 2.68221e-10
1.14e-08 -0.0021875
1.15e-08 -0.00120312
1.16e-08 0.001
1.17e-08 0.00164063
1.18e-08 2.68221e-10
1.19e-08 -0.0026875
1.2e-08 -0.00417187
1.21e-08 -0.00321875
1.22e-08 -0.00103125
1.23e-08 2.68221e-10
1.24e-08 -0.00159375
1.25e-08 -0.003625
1.26e-08 -0.00354687
1.27e-08 -0.00145312
1.28e-08 2.68221e-10
1.29e-08 -0.0013125
1.3e-08 -0.0034375
1.31e-08 -0.00375
1.32e-08 -0.00184375
1.33e-08 2.68221e-10
1.34e-08 -0.000578125
1.35e-08 -0.0028125
1.36e-08 -0.00479687
1.37e-08 -0.00503125
1.38e-08 -0.004
1.39e-08 -0.00310937
1.4e-08 -0.00342187
1.41e-08 -0.00478125
1.42e-08 -0.00545312
1.43e-08 -0.004
1.44e-08 -0.00071875
1.45e-08 0.00075
1.46e-08 -0.00190625
1.47e-08 -0.00634375
1.48e-08 -0.008
1.49e-08 -0.0045625
1.5e-08 -0.000625
1.51e-08 -0.00104687
1.52e-08 -0.00529687
1.53e-08 -0.008
1.54e-08 -0.00465625
1.55e-08 0.0015
1.56e-08 0.00504688
1.57e-08 0.00351563
1.58e-08 2.68221e-10
1.59e-08 -0.00139062
1.6e-08 -0.000671875
1.61e-08 0.000234375
1.62e-08 0.00015625
1.63e-08 2.68221e-10
1.64e-08 0.00107813
1.65e-08 0.00304688
1.66e-08 0.00464063
1.67e-08 0.00485938
1.68e-08 0.004
1.69e-08 0.00257813
1.7e-08 0.000828125
1.71e-08 -0.0008125
1.72e-08 -0.00128125
1.73e-08 2.68221e-10
1.74e-08 0.00253125
1.75e-08 0.00407813
1.76e-08 0.00323438
1.77e-08 0.00104688
1.78e-08 2.68221e-10
1.79e-08 0.0015
1.8e-08 0.00354688
1.81e-08 0.00364063
1.82e-08 0.00164063
1.83e-08 2.68221e-10
1.84e-08 0.000953125
1.85e-08 0.00310938
1.86e-08 0.00423438
1.87e-08 0.0039375
1.88e-08 0.004
1.89e-08 0.00534375
1.9e-08 0.00523438
1.91e-08 0.00178125
1.92e-08 -0.00271875
1.93e-08 -0.004
1.94e-08 0.000171875
1.95e-08 0.0060625
1.96e-08 0.00846875
1.97e-08 0.005375
1.98e-08 2.68221e-10
1.99e-08 -0.003
2e-08 -0.00190625
2.01e-08 0.0020625
2.02e-08 0.00595313
2.03e-08 0.008
2.04e-08 0.00767188
2.05e-08 0.00548438
2.06e-08 0.00253125
2.07e-08 0.0005
2.08e-08 2.68221e-10
2.09e-08 0.000453125
2.1e-08 0.000453125
2.11e-08 -0.000796875
2.12e-08 -0.0026875
2.13e-08 -0.004
2.14e-08 -0.00396875
2.15e-08 -0.00384375
2.16e-08 -0.00454687
2.17e-08 -0.00521875
2.18e-08 -0.004
2.19e-08 -0.000125
2.2e-08 0.00332813
2.21e-08 0.00359375
2.22e-08 0.00132813
2.23e-08 2.68221e-10
2.24e-08 0.00179688
2.25e-08 0.00390625
2.26e-08 0.00290625
2.27e-08 -0.0009375
2.28e-08 -0.004
2.29e-08 -0.00328125
2.3e-08 -0.000859375
2.31e-08 -9.37497e-05
2.32e-08 -0.00195312
2.33e-08 -0.004
2.34e-08 -0.00342187
2.35e-08 -0.00115625
2.36e-08 0.000640625
2.37e-08 0.000703125
2.38e-08 2.68221e-10
2.39e-08 -4.68747e-05
2.4e-08 6.25003e-05
2.41e-08 -0.000375
2.42e-08 -0.00084375
2.43e-08 2.68221e-10
2.44e-08 0.00242188
2.45e-08 0.00407813
2.46e-08 0.00307813
2.47e-08 0.000671875
2.48e-08 2.68221e-10
2.49e-08 0.00240625
2.5e-08 0.0043125
2.51e-08 0.00235938
2.52e-08 -0.002
2.53e-08 -0.004
2.54e-08 -0.0006875
2.55e-08 0.0033125
2.56e-08 0.00295313
2.57e-08 -0.00129687
2.58e-08 -0.004
2.59e-08 -0.00104687
2.6e-08 0.003125
2.61e-08 0.00307813
2.62e-08 -0.00115625
2.63e-08 -0.004
2.64e-08 -0.0006875
2.65e-08 0.0055
2.66e-08 0.00901563
2.67e-08 0.0074375
2.68e-08 0.004
2.69e-08 0.00275
2.7e-08 0.00353125
2.71e-08 0.00392188
2.72e-08 0.00245313
2.73e-08 2.68221e-10
2.74e-08 -0.00148437
2.75e-08 -0.000984375
2.76e-08 0.0011875
2.77e-08 0.0033125
2.78e-08 0.004
2.79e-08 0.00273438
2.8e-08 0.00078125
2.81e-08 -0.000375
2.82e-08 -0.000296875
2.83e-08 2.68221e-10
2.84e-08 -0.000359375
2.85e-08 -0.000421875
2.86e-08 0.000859375
2.87e-08 0.00289063
2.88e-08 0.004
2.89e-08 0.00289063
2.9e-08 0.000859375
2.91e-08 -0.000421875
2.92e-08 -0.00034375
2.93e-08 2.68221e-10
2.94e-08 -0.00034375
2.95e-08 -0.000421875
2.96e-08 0.000859375
2.97e-08 0.00290625
2.98e-08 0.004
2.99e-08 0.00284375
3e-08 0.000828125
3.01e-08 -0.000375
3.02e-08 -0.000265625
3.03e-08 2.68221e-10
3.04e-08 -0.00046875
3.05e-08 -0.0005
3.06e-08 0.000953125
3.07e-08 0.00310938
3.08e-08 0.004
3.09e-08 0.00203125
3.1e-08 -0.00195312
3.11e-08 -0.00564062
3.12e-08 -0.00640625
3.13e-08 -0.004
3.14e-08 9.37503e-05
3.15e-08 0.00332813
3.16e-08 0.00396875
3.17e-08 0.00220313
3.18e-08 2.68221e-10
3.19e-08 -0.000890625
3.2e-08 -0.000453125
3.21e-08 0.0003125
3.22e-08 0.000453125
3.23e-08 2.68221e-10
3.24e-08 -0.000296875
3.25e-08 -0.000171875
3.26e-08 0.000140625
3.27e-08 0.000234375
3.28e-08 2.68221e-10
3.29e-08 -0.000375
3.3e-08 -0.000359375
3.31e-08 0.00053125
3.32e-08 0.00215625
3.33e-08 0.004
3.34e-08 0.00510938
3.35e-08 0.00476563
3.36e-08 0.00296875
3.37e-08 0.00096875
3.38e-08 2.68221e-10
3.39e-08 0.0001875
3.4e-08 0.000328125
3.41e-08 -0.00078125
3.42e-08 -0.00273437
3.43e-08 -0.004
3.44e-08 -0.00325
3.45e-08 -0.001125
3.46e-08 0.00084375
3.47e-08 0.00121875
3.48e-08 2.68221e-10
3.49e-08 -0.00184375
3.5e-08 -0.00348437
3.51e-08 -0.00432812
3.52e-08 -0.00434375
3.53e-08 -0.004
3.54e-08 -0.00332812
3.55e-08 -0.00145312
3.56e-08 0.00175
3.57e-08 0.00425
3.58e-08 0.004
3.59e-08 0.0005
3.6e-08 -0.003125
3.61e-08 -0.003875
3.62e-08 -0.00182812
3.63e-08 2.68221e-10
3.64e-08 -0.00090625
3.65e-08 -0.00317187
3.66e-08 -0.00414062
3.67e-08 -0.00259375
3.68e-08 2.68221e-10
3.69e-08 0.00132813
3.7e-08 0.00075
3.71e-08 -0.00071875
3.72e-08 -0.00121875
3.73e-08 2.68221e-10
3.74e-08 0.00229688
3.75e-08 0.00392188
3.76e-08 0.00346875
3.77e-08 0.0015
3.78e-08 2.68221e-10
3.79e-08 0.00059375
3.8e-08 0.0028125
3.81e-08 0.0048125
3.82e-08 0.005125
3.83e-08 0.004
3.84e-08 0.002375
3.85e-08 0.000703125
3.86e-08 -0.0006875
3.87e-08 -0.00107812
3.88e-08 2.68221e-10
3.89e-08 0.00210938
3.9e-08 0.00378125
3.91e-08 0.00373438
3.92e-08 0.00204688
3.93e-08 2.68221e-10
3.94e-08 -0.00096875
3.95e-08 -0.000546875
3.96e-08 0.000515625
3.97e-08 0.00090625
3.98e-08 2.68221e-10
3.99e-08 -0.00182812
4e-08 -0.00359375
4.01e-08 -0.00407812
4.02e-08 -0.00270312
4.03e-08 2.68221e-10
4.04e-08 0.00273438
4.05e-08 0.00409375
4.06e-08 0.00351563
4.07e-08 0.00173438
4.08e-08 2.68221e-10
4.09e-08 -0.00075
4.1e-08 -0.00040625
4.11e-08 0.00034375
4.12e-08 0.000578125
4.13e-08 2.68221e-10
4.14e-08 -0.00078125
4.15e-08 -0.000609375
4.16e-08 0.000875
4.17e-08 0.0028125
4.18e-08 0.004
4.19e-08 0.00342188
4.2e-08 0.00126563
4.21e-08 -0.00114062
4.22e-08 -0.00178125
4.23e-08 2.68221e-10
4.24e-08 0.00304688
4.25e-08 0.00451563
4.26e-08 0.00259375
4.27e-08 -0.00129687
4.28e-08 -0.004
4.29e-08 -0.00332812
4.3e-08 -0.00101562
4.31e-08 0.0003125
4.32e-08 2.68221e-10
4.33e-08 2.68221e-10
4.34e-08 0.00189063
4.35e-08 0.00376563
4.36e-08 0.00339063
4.37e-08 0.00123438
4.38e-08 2.68221e-10
4.39e-08 0.00151563
4.4e-08 0.00365625
4.41e-08 0.00342188
4.42e-08 0.000125
4.43e-08 -0.004
4.44e-08 -0.00607813
4.45e-08 -0.00528125
4.46e-08 -0.00264062
4.47e-08 -0.00046875
4.48e-08 2.68221e-10
4.49e-08 -0.00071875
4.5e-08 -0.0006875
4.51e-08 0.00123438
4.52e-08 0.003625
4.53e-08 0.004
4.54e-08 0.00107813
4.55e-08 -0.00275
4.56e-08 -0.00435937
4.57e-08 -0.00273437
4.58e-08 2.68221e-10
4.59e-08 0.00114063
4.6e-08 0.00059375
4.61e-08 -0.000421875
4.62e-08 -0.000609375
4.63e-08 2.68221e-10
4.64e-08 0.000515625
4.65e-08 0.000328125
4.66e-08 -0.0004375
4.67e-08 -0.000828125
4.68e-08 2.68221e-10
4.69e-08 0.00198438
4.7e-08 0.00371875
4.71e-08 0.00375
4.72e-08 0.00204688
4.73e-08 2.68221e-10
4.74e-08 -0.00090625
4.75e-08 -0.0005
4.76e-08 0.000421875
4.77e-08 0.000703125
4.78e-08 2.68221e-10
4.79e-08 -0.00096875
4.8e-08 -0.000765625
4.81e-08 0.00115625
4.82e-08 0.00335938
4.83e-08 0.004
4.84e-08 0.00235938
4.85e-08 0.000390625
4.86e-08 0.00028125
4.87e-08 0.00215625
4.88e-08 0.004
4.89e-08 0.003625
4.9e-08 0.00132813
4.91e-08 -0.0010625
4.92e-08 -0.00157812
4.93e-08 2.68221e-10
4.94e-08 0.0023125
4.95e-08 0.003875
4.96e-08 0.0036875
4.97e-08 0.00198438
4.98e-08 2.68221e-10
4.99e-08 -0.00101562
5e-08 -0.000578125
5.01e-08 0.0005625
5.02e-08 0.001
5.03e-08 2.68221e-10
5.04e-08 -0.00195312
5.05e-08 -0.00367187
5.06e-08 -0.00395312
5.07e-08 -0.00242187
5.08e-08 2.68221e-10
5.09e-08 0.00173438
5.1e-08 0.00117188
5.11e-08 -0.0015625
5.12e-08 -0.0040625
5.13e-08 -0.004
5.14e-08 -0.000859375
5.15e-08 0.00285938
5.16e-08 0.00426563
5.17e-08 0.00259375
5.18e-08 2.68221e-10
5.19e-08 -0.00109375
5.2e-08 -0.0005625
5.21e-08 0.000328125
5.22e-08 0.0004375
5.23e-08 2.68221e-10
5.24e-08 -0.00028125
5.25e-08 -0.00015625
5.26e-08 0.000125
5.27e-08 0.000203125
5.28e-08 2.68221e-10
5.29e-08 -0.0003125
5.3e-08 -0.000234375
5.31e-08 0.000375
5.32e-08 0.00075
5.33e-08 2.68221e-10
5.34e-08 -0.0019375
5.35e-08 -0.0036875
5.36e-08 -0.00384375
5.37e-08 -0.00220312
5.38e-08 2.68221e-10
5.39e-08 0.00125
5.4e-08 0.00075
5.41e-08 -0.000859375
5.42e-08 -0.0015625
5.43e-08 2.68221e-10
5.44e-08 0.00317188
5.45e-08 0.00465625
5.46e-08 0.00225
5.47e-08 -0.00203125
5.48e-08 -0.004
5.49e-08 -0.0013125
5.5e-08 0.00273438
5.51e-08 0.00398438
5.52e-08 0.001875
5.53e-08 2.68221e-10
5.54e-08 0.00140625
5.55e-08 0.00367188
5.56e-08 0.00315625
5.57e-08 -0.0005
5.58e-08 -0.004
5.59e-08 -0.00396875
5.6e-08 -0.0014375
5.61e-08 0.00084375
5.62e-08 0.00103125
5.63e-08 2.68221e-10
5.64e-08 -0.0005
5.65e-08 -0.000265625
5.66e-08 0.000171875
5.67e-08 0.00025
5.68e-08 2.68221e-10
5.69e-08 -0.000265625
5.7e-08 -0.0001875
5.71e-08 0.00025
5.72e-08 0.000484375
5.73e-08 2.68221e-10
5.74e-08 -0.00104687
5.75e-08 -0.000859375
5.76e-08 0.00139063
5.77e-08 0.00389063
5.78e-08 0.004
5.79e-08 0.0006875
5.8e-08 -0.00303125
5.81e-08 -0.0039375
5.82e-08 -0.00190625
5.83e-08 2.68221e-10
5.84e-08 -0.00090625
5.85e-08 -0.0031875
5.86e-08 -0.00407812
5.87e-08 -0.0024375
5.88e-08 2.68221e-10
5.89e-08 0.00096875
5.9e-08 0.000484375
5.91e-08 -0.00028125
5.92e-08 -0.000375
5.93e-08 2.68221e-10
5.94e-08 9.37503e-05
5.95e-08 1.56253e-05
5.96e-08 7.81253e-05
5.97e-08 0.00021875
5.98e-08 2.68221e-10
5.99e-08 -0.00059375
6e-08 -0.0004375
6.01e-08 0.00071875
6.02e-08 0.00142188
6.03e-08 2.68221e-10
6.04e-08 -0.00329687
6.05e-08 -0.00485937
6.06e-08 -0.00190625
6.07e-08 0.00389063
6.08e-08 0.008
6.09e-08 0.00689063
6.1e-08 0.00239063
6.11e-08 -0.001625
6.12e-08 -0.00215625
6.13e-08 2.68221e-10
6.14e-08 0.0023125
6.15e-08 0.00371875
6.16e-08 0.00415625
6.17e-08 0.00414063
6.18e-08 0.004
6.19e-08 0.00332813
6.2e-08 0.0014375
6.21e-08 -0.00175
6.22e-08 -0.00423437
6.23e-08 -0.004
6.24e-08 -0.000546875
6.25e-08 0.00307813
6.26e-08 0.00389063
6.27e-08 0.00190625
6.28e-08 2.68221e-10
6.29e-08 0.0003125
6.3e-08 0.000625
6.31e-08 -0.0015625
6.32e-08 -0.00553125
6.33e-08 -0.008
6.34e-08 -0.0061875
6.35e-08 -0.00198437
6.36e-08 0.00117188
6.37e-08 0.00134375
6.38e-08 2.68221e-10
6.39e-08 -0.00059375
6.4e-08 -0.000296875
6.41e-08 0.000109375
6.42e-08 9.37503e-05
6.43e-08 2.68221e-10
6.44e-08 0.000296875
6.45e-08 0.000328125
6.46e-08 -0.000671875
6.47e-08 -0.0024375
6.48e-08 -0.004
6.49e-08 -0.00453125
6.5e-08 -0.00434375
6.51e-08 -0.00370312
6.52e-08 -0.00240625
6.53e-08 2.68221e-10
6.54e-08 0.00314063
6.55e-08 0.00454688
6.56e-08 0.00257813
6.57e-08 -0.00132812
6.58e-08 -0.004
6.59e-08 -0.00335937
6.6e-08 -0.00104687
6.61e-08 0.000390625
6.62e-08 0.00015625
6.63e-08 2.68221e-10
6.64e-08 0.00154688
6.65e-08 0.00351563
6.66e-08 0.00376563
6.67e-08 0.00195313
6.68e-08 2.68221e-10
6.69e-08 -0.000328125
6.7e-08 -3.12497e-05
6.71e-08 -0.00040625
6.72e-08 -0.0009375
6.73e-08 2.68221e-10
6.74e-08 0.0028125
6.75e-08 0.00445313
6.76e-08 0.00246875
6.77e-08 -0.00165625
6.78e-08 -0.004
6.79e-08 -0.00190625
6.8e-08 0.00229688
6.81e-08 0.00470313
6.82e-08 0.00329688
6.83e-08 2.68221e-10
6.84e-08 -0.001875
6.85e-08 -0.00117187
6.86e-08 0.00123438
6.87e-08 0.00332813
6.88e-08 0.004
6.89e-08 0.00307813
6.9e-08 0.0010625
6.91e-08 -0.000921875
6.92e-08 -0.00139062
6.93e-08 2.68221e-10
6.94e-08 0.0023125
6.95e-08 0.00390625
6.96e-08 0.00359375
6.97e-08 0.00178125
6.98e-08 2.68221e-10
6.99e-08 -0.0005625
7e-08 -0.00025
7.01e-08 4.68753e-05
7.02e-08 -3.12497e-05
7.03e-08 2.68221e-10
7.04e-08 0.000515625
7.05e-08 0.000484375
7.06e-08 -0.00084375
7.07e-08 -0.0028125
7.08e-08 -0.004
7.09e-08 -0.00332812
7.1e-08 -0.00120312
7.11e-08 0.00103125
7.12e-08 0.00154688
7.13e-08 2.68221e-10
7.14e-08 -0.00209375
7.15e-08 -0.001625
7.16e-08 0.00242188
7.17e-08 0.00698438
7.18e-08 0.008
7.19e-08 0.00375
7.2e-08 -0.00209375
7.21e-08 -0.00457812
7.22e-08 -0.00160937
7.23e-08 0.004
7.24e-08 0.00742188
7.25e-08 0.00623438
7.26e-08 0.0013125
7.27e-08 -0.0031875
7.28e-08 -0.004
7.29e-08 -0.000734375
7.3e-08 0.00301563
7.31e-08 0.003875
7.32e-08 0.00176563
7.33e-08 2.68221e-10
7.34e-08 0.00132813
7.35e-08 0.00351563
7.36e-08 0.0034375
7.37e-08 0.00114063
7.38e-08 2.68221e-10
7.39e-08 0.002625
7.4e-08 0.006625
7.41e-08 0.00829688
7.42e-08 0.00654688
7.43e-08 0.004
7.44e-08 0.00334375
7.45e-08 0.003875
7.46e-08 0.0035625
7.47e-08 0.00182813
7.48e-08 2.68221e-10
7.49e-08 -0.000375
7.5e-08 -9.37497e-05
7.51e-08 -0.00025
7.52e-08 -0.000640625
7.53e-08 2.68221e-10
7.54e-08 0.00225
7.55e-08 0.0039375
7.56e-08 0.00332813
7.57e-08 0.0011875
7.58e-08 2.68221e-10
7.59e-08 0.00139063
7.6e-08 0.00346875
7.61e-08 0.00371875
7.62e-08 0.00179688
7.63e-08 2.68221e-10
7.64e-08 0.000484375
7.65e-08 0.00273438
7.66e-08 0.004875
7.67e-08 0.00520313
7.68e-08 0.004
7.69e-08 0.00223438
7.7e-08 0.0006875
7.71e-08 -0.000625
7.72e-08 -0.0020625
7.73e-08 -0.004
7.74e-08 -0.00578125
7.75e-08 -0.00539062
7.76e-08 -0.00190625
7.77e-08 0.00232813
7.78e-08 0.004
7.79e-08 0.00159375
7.8e-08 -0.00246875
7.81e-08 -0.00460937
7.82e-08 -0.00314062
7.83e-08 2.68221e-10
7.84e-08 0.00179688
7.85e-08 0.00104688
7.86e-08 -0.00114062
7.87e-08 -0.00203125
7.88e-08 2.68221e-10
7.89e-08 0.00423438
7.9e-08 0.00760938
7.91e-08 0.00732813
7.92e-08 0.00375
7.93e-08 2.68221e-10
7.94e-08 -0.00115625
7.95e-08 -0.0005
7.96e-08 1.56253e-05
7.97e-08 -0.000234375
7.98e-08 2.68221e-10
7.99e-08 0.00184375
8e-08 0.0036875
8.01e-08 0.00360938
8.02e-08 0.00165625
8.03e-08 2.68221e-10
8.04e-08 0.00053125
8.05e-08 0.00276563
8.06e-08 0.00489063
8.07e-08 0.00526563
8.08e-08 0.004
8.09e-08 0.0020625
8.1e-08 0.000484375
8.11e-08 -0.00034375
8.12e-08 -0.000375
8.13e-08 2.68221e-10
8.14e-08 0.000359375
8.15e-08 0.000234375
8.16e-08 -0.00034375
8.17e-08 -0.000640625
8.18e-08 2.68221e-10
8.19e-08 0.00117188
8.2e-08 0.0009375
8.21e-08 -0.00153125
8.22e-08 -0.00414062
8.23e-08 -0.004
8.24e-08 -0.0001875
8.25e-08 0.00345313
8.26e-08 0.00321875
8.27e-08 -0.000609375
8.28e-08 -0.004
8.29e-08 -0.00354687
8.3e-08 -0.00101562
8.31e-08 0.000109375
8.32e-08 -0.00159375
8.33e-08 -0.004
8.34e-08 -0.004125
8.35e-08 -0.00175
8.36e-08 0.00157813
8.37e-08 0.00367188
8.38e-08 0.004
8.39e-08 0.00289063
8.4e-08 0.00103125
8.41e-08 -0.0009375
8.42e-08 -0.0025625
8.43e-08 -0.004
8.44e-08 -0.00515625
8.45e-08 -0.004875
8.46e-08 -0.00270312
8.47e-08 -0.000359375
8.48e-08 2.68221e-10
8.49e-08 -0.0021875
8.5e-08 -0.00407812
8.51e-08 -0.00292187
8.52e-08 0.0008125
8.53e-08 0.004
8.54e-08 0.003875
8.55e-08 0.00139063
8.56e-08 -0.00090625
8.57e-08 -0.00114062
8.58e-08 2.68221e-10
8.59e-08 0.00059375
8.6e-08 0.000328125
8.61e-08 -0.00028125
8.62e-08 -0.000484375
8.63e-08 2.68221e-10
8.64e-08 0.0010625
8.65e-08 0.0029375
8.66e-08 0.00503125
8.67e-08 0.00571875
8.68e-08 0.004
8.69e-08 0.00028125
8.7e-08 -0.003125
8.71e-08 -0.00421875
8.72e-08 -0.00264062
8.73e-08 2.68221e-10
8.74e-08 0.00157813
8.75e-08 0.000953125
8.76e-08 -0.001125
8.77e-08 -0.00204687
8.78e-08 2.68221e-10
8.79e-08 0.00398438
8.8e-08 0.0053125
8.81e-08 0.00126563
8.82e-08 -0.00507812
8.83e-08 -0.008
8.84e-08 -0.00415625
8.85e-08 0.00196875
8.86e-08 0.00432813
8.87e-08 0.00096875
8.88e-08 -0.004
8.89e-08 -0.00526562
8.9e-08 -0.00235937
8.91e-08 0.0020625
8.92e-08 0.00440625
8.93e-08 0.004
8.94e-08 0.00260938
8.95e-08 0.00290625
8.96e-08 0.005625
8.97e-08 0.00834375
8.98e-08 0.008
8.99e-08 0.003375
9e-08 -0.00225
9.01e-08 -0.0045625
9.02e-08 -0.00165625
9.03e-08 0.004
9.04e-08 0.00778125
9.05e-08 0.00653125
9.06e-08 0.000765625
9.07e-08 -0.00428125
9.08e-08 -0.004
9.09e-08 0.002
9.1e-08 0.00740625
9.11e-08 0.0065
9.12e-08 0.00046875
9.13e-08 -0.004
9.14e-08 -0.0018125
9.15e-08 0.00271875
9.16e-08 0.00340625
9.17e-08 -0.000609375
9.18e-08 -0.004
9.19e-08 -0.00173437
9.2e-08 0.00267188
9.21e-08 0.00370313
9.22e-08 7.81253e-05
9.23e-08 -0.004
9.24e-08 -0.0039375
9.25e-08 -0.00132812
9.26e-08 0.0005
9.27e-08 0.000265625
9.28e-08 2.68221e-10
9.29e-08 0.00179688
9.3e-08 0.00371875
9.31e-08 0.00342188
9.32e-08 0.00126563
9.33e-08 2.68221e-10
9.34e-08 0.00151563
9.35e-08 0.00359375
9.36e-08 0.00346875
9.37e-08 0.0013125
9.38e-08 2.68221e-10
9.39e-08 0.00151563
9.4e-08 0.00359375
9.41e-08 0.00346875
9.42e-08 0.0013125
9.43e-08 2.68221e-10
9.44e-08 0.00165625
9.45e-08 0.00378125
9.46e-08 0.00315625
9.47e-08 -0.000453125
9.48e-08 -0.004
9.49e-08 -0.00432812
9.5e-08 -0.00179687
9.51e-08 0.00148438
9.52e-08 0.00340625
9.53e-08 0.004
9.54e-08 0.00417188
9.55e-08 0.00417188
9.56e-08 0.00370313
9.57e-08 0.00232813
9.58e-08 2.68221e-10
9.59e-08 -0.0026875
9.6e-08 -0.00410937
9.61e-08 -0.00339062
9.62e-08 -0.00140625
9.63e-08 2.68221e-10
9.64e-08 -0.000125
9.65e-08 -0.00034375
9.66e-08 0.000875
9.67e-08 0.003
9.68e-08 0.004
9.69e-08 0.002125
9.7e-08 -0.00190625
9.71e-08 -0.00570313
9.72e-08 -0.00653125
9.73e-08 -0.004
9.74e-08 0.00028125
9.75e-08 0.00348438
9.76e-08 0.0036875
9.77e-08 0.00165625
9.78e-08 2.68221e-10
9.79e-08 0.000296875
9.8e-08 0.000515625
9.81e-08 -0.00132812
9.82e-08 -0.00390625
9.83e-08 -0.004
9.84e-08 -9.37497e-05
9.85e-08 0.00359375
9.86e-08 0.00282813
9.87e-08 -0.00142187
9.88e-08 -0.004
9.89e-08 -0.00134375
9.9e-08 0.00285938
9.91e-08 0.003625
9.92e-08 2.68221e-10
9.93e-08 -0.004
9.94e-08 -0.00401562
9.95e-08 -0.0013125
9.96e-08 0.000484375
9.97e-08 -0.000875
9.98e-08 -0.004
9.99e-08 -0.00595313
1e-07 -0.00535937
1.001e-07 -0.00235937
1.002e-07 0.00125
1.003e-07 0.004
1.004e-07 0.00507813
1.005e-07 0.00465625
1.006e-07 0.00335938
1.007e-07 0.0018125
1.008e-07 2.68221e-10
1.009e-07 -0.00221875
1.01e-07 -0.0038125
1.011e-07 -0.00375
1.012e-07 -0.00209375
1.013e-07 2.68221e-10
1.014e-07 0.00157813
1.015e-07 0.0031875
1.016e-07 0.00492188
1.017e-07 0.00559375
1.018e-07 0.004
1.019e-07 0.00015625
1.02e-07 -0.00334375
1.021e-07 -0.00375
1.022e-07 -0.000515625
1.023e-07 0.004
1.024e-07 0.00657813
1.025e-07 0.00573438
1.026e-07 0.00185938
1.027e-07 -0.00220312
1.028e-07 -0.004
1.029e-07 -0.00292187
1.03e-07 -0.000828125
1.031e-07 0.000265625
1.032e-07 6.25003e-05
1.033e-07 2.68221e-10
1.034e-07 0.0010625
1.035e-07 0.00103125
1.036e-07 -0.00192187
1.037e-07 -0.00610938
1.038e-07 -0.008
1.039e-07 -0.00535937
1.04e-07 -0.00132812
1.041e-07 0.0001875
1.042e-07 -0.00170312
1.043e-07 -0.004
1.044e-07 -0.00351562
1.045e-07 -0.0011875
1.046e-07 0.000609375
1.047e-07 0.000609375
1.048e-07 2.68221e-10
1.049e-07 0.000265625
1.05e-07 0.000390625
1.051e-07 -0.00090625
1.052e-07 -0.003
1.053e-07 -0.004
1.054e-07 -0.0026875
1.055e-07 -0.000703125
1.056e-07 9.37503e-05
1.057e-07 -0.0003125
1.058e-07 2.68221e-10
1.059e-07 0.00215625
1.06e-07 0.0039375
1.061e-07 0.00317188
1.062e-07 0.0008125
1.063e-07 2.68221e-10
1.064e-07 0.00228125
1.065e-07 0.00423438
1.066e-07 0.0024375
1.067e-07 -0.00184375
1.068e-07 -0.004
1.069e-07 -0.00109375
1.07e-07 0.003
1.071e-07 0.00348438
1.072e-07 -0.000234375
1.073e-07 -0.004
1.074e-07 -0.00364062
1.075e-07 -0.0010625
1.076e-07 0.000109375
1.077e-07 -0.001625
1.078e-07 -0.004
1.079e-07 -0.00384375
1.08e-07 -0.00153125
1.081e-07 0.0011875
1.082e-07 0.002875
1.083e-07 0.004
1.084e-07 0.00490625
1.085e-07 0.00470313
1.086e-07 0.00289063
1.087e-07 0.000703125
1.088e-07 2.68221e-10
1.089e-07 0.00151563
1.09e-07 0.00359375
1.091e-07 0.00365625
1.092e-07 0.000640625
1.093e-07 -0.004
1.094e-07 -0.007625
1.095e-07 -0.00878125
1.096e-07 -0.00673438
1.097e-07 -0.00204687
1.098e-07 0.004
1.099e-07 0.00914063
1.1e-07 0.00982813
1.101e-07 0.00504688
1.102e-07 -0.0013125
1.103e-07 -0.004
1.104e-07 -0.00053125
1.105e-07 0.0055625
1.106e-07 0.0090625
1.107e-07 0.007625
1.108e-07 0.004
1.109e-07 0.00164063
1.11e-07 0.0004375
1.111e-07 -0.000875
1.112e-07 -0.00167187
1.113e-07 2.68221e-10
1.114e-07 0.00460938
1.115e-07 0.00801563
1.116e-07 0.00653125
1.117e-07 0.00101563
1.118e-07 -0.004
1.119e-07 -0.00459375
1.12e-07 -0.00178125
1.121e-07 0.00120313
1.122e-07 0.001625
1.123e-07 2.68221e-10
1.124e-07 -0.0013125
1.125e-07 -0.000921875
1.126e-07 0.00115625
1.127e-07 0.00328125
1.128e-07 0.004
1.129e-07 0.00282813
1.13e-07 0.00084375
1.131e-07 -0.000484375
1.132e-07 -0.0005
1.133e-07 2.68221e-10
1.134e-07 1.56253e-05
1.135e-07 -0.000140625
1.136e-07 0.000375
1.137e-07 0.00192188
1.138e-07 0.004
1.139e-07 0.00528125
1.14e-07 0.004875
1.141e-07 0.00285938
1.142e-07 0.00075
1.143e-07 2.68221e-10
1.144e-07 0.00115625
1.145e-07 0.00323438
1.146e-07 0.00432813
1.147e-07 0.00309375
1.148e-07 2.68221e-10
1.149e-07 -0.00320312
1.15e-07 -0.00451562
1.151e-07 -0.002875
1.152e-07 0.00065625
1.153e-07 0.004
1.154e-07 0.005375
1.155e-07 0.0048125
1.156e-07 0.00323438
1.157e-07 0.00159375
1.158e-07 2.68221e-10
1.159e-07 -0.00140625
1.16e-07 -0.00104687
1.161e-07 0.0015625
1.162e-07 0.0041875
1.163e-07 0.004
1.164e-07 0.000171875
1.165e-07 -0.00345312
1.166e-07 -0.0033125
1.167e-07 0.000390625
1.168e-07 0.004
1.169e-07 0.00409375
1.17e-07 0.00151563
1.171e-07 -0.00096875
1.172e-07 -0.0011875
1.173e-07 2.68221e-10
1.174e-07 0.00021875
1.175e-07 -0.0020625
1.176e-07 -0.00615625
1.177e-07 -0.00892188
1.178e-07 -0.008
1.179e-07 -0.00317187
1.18e-07 0.00225
1.181e-07 0.004625
1.182e-07 0.00295313
1.183e-07 2.68221e-10
1.184e-07 -0.00109375
1.185e-07 -0.0005
1.186e-07 0.000109375
1.187e-07 -1.56247e-05
1.188e-07 2.68221e-10
1.189e-07 0.00084375
1.19e-07 0.00078125
1.191e-07 -0.00146875
1.192e-07 -0.00409375
1.193e-07 -0.004
1.194e-07 -7.81247e-05
1.195e-07 0.00354688
1.196e-07 0.0030625
1.197e-07 -0.00090625
1.198e-07 -0.004
1.199e-07 -0.0029375
1.2e-07 -0.0005625
1.201e-07 -0.000640625
1.202e-07 -0.00310937
1.203e-07 -0.004
1.204e-07 -4.68747e-05
1.205e-07 0.0058125
1.206e-07 0.00884375
1.207e-07 0.00726563
1.208e-07 0.004
1.209e-07 0.00223438
1.21e-07 0.000921875
1.211e-07 -0.0015625
1.212e-07 -0.00409375
1.213e-07 -0.004
1.214e-07 -0.0001875
1.215e-07 0.00346875
1.216e-07 0.00317188
1.217e-07 -0.00071875
1.218e-07 -0.004
1.219e-07 -0.00285937
1.22e-07 0.00157813
1.221e-07 0.00571875
1.222e-07 0.00635938
1.223e-07 0.004
1.224e-07 0.00114063
1.225e-07 -0.000203125
1.226e-07 0.0005625
1.227e-07 0.00246875
1.228e-07 0.004
1.229e-07 0.00376563
1.23e-07 0.00157813
1.231e-07 -0.0015625
1.232e-07 -0.0036875
1.233e-07 -0.004
1.234e-07 -0.00273437
1.235e-07 -0.00084375
1.236e-07 0.000640625
1.237e-07 0.000859375
1.238e-07 2.68221e-10
1.239e-07 -0.000953125
1.24e-07 -0.000734375
1.241e-07 0.00103125
1.242e-07 0.00310938
1.243e-07 0.004
1.244e-07 0.00296875
1.245e-07 0.000953125
1.246e-07 -0.00065625
1.247e-07 -0.000828125
1.248e-07 2.68221e-10
1.249e-07 0.000640625
1.25e-07 0.000390625
1.251e-07 -0.00046875
1.252e-07 -0.00084375
1.253e-07 2.68221e-10
1.254e-07 0.00195313
1.255e-07 0.00370313
1.256e-07 0.00378125
1.257e-07 0.00209375
1.258e-07 2.68221e-10
1.259e-07 -0.001
1.26e-07 -0.000625
1.261e-07 0.000609375
1.262e-07 0.0021875
1.263e-07 0.004
1.264e-07 0.00554688
1.265e-07 0.00520313
1.266e-07 0.00217188
1.267e-07 -0.00178125
1.268e-07 -0.004
1.269e-07 -0.0030625
1.27e-07 -0.000875
1.271e-07 0.000234375
1.272e-07 -7.81247e-05
1.273e-07 2.68221e-10
1.274e-07 0.00185938
1.275e-07 0.00371875
1.276e-07 0.00351563
1.277e-07 0.00146875
1.278e-07 2.68221e-10
1.279e-07 0.00101563
1.28e-07 0.00320313
1.281e-07 0.00415625
1.282e-07 0.0026875
1.283e-07 2.68221e-10
1.284e-07 -0.00173437
1.285e-07 -0.00114062
1.286e-07 0.001375
1.287e-07 0.00367188
1.288e-07 0.004
1.289e-07 0.00214063
1.29e-07 0.00028125
1.291e-07 0.000390625
1.292e-07 0.00235938
1.293e-07 0.004
1.294e-07 0.0033125
1.295e-07 0.00110938
1.296e-07 -0.0006875
1.297e-07 -0.000828125
1.298e-07 2.68221e-10
1.299e-07 0.000328125
1.3e-07 0.00015625
1.301e-07 -9.37497e-05
1.302e-07 -0.000109375
1.303e-07 2.68221e-10
1.304e-07 -0.000140625
1.305e-07 -9.37497e-05
1.306e-07 0.000109375
1.307e-07 0.000234375
1.308e-07 2.68221e-10
1.309e-07 -0.000875
1.31e-07 -0.00278125
1.311e-07 -0.0051875
1.312e-07 -0.0070625
1.313e-07 -0.008
1.314e-07 -0.00665625
1.315e-07 -0.00928125
1.316e-07 -0.0146875
1.317e-07 -0.019125
1.318e-07 -0.02
1.319e-07 -0.0120625
1.32e-07 -0.00373437
1.321e-07 0.00290625
1.322e-07 0.00967188
1.323e-07 0.024
1.324e-07 0.0568125
1.325e-07 0.110281
1.326e-07 0.178391
1.327e-07 0.239781
1.328e-07 0.284
1.329e-07 0.300188
1.33e-07 0.296156
1.331e-07 0.277875
1.332e-07 0.259734
1.333e-07 0.252
1.334e-07 0.246219
1.335e-07 0.241484
1.336e-07 0.227078
1.337e-07 0.202
1.338e-07 0.172
1.339e-07 0.138781
1.34e-07 0.107391
1.341e-07 0.0767188
1.342e-07 0.0490625
1.343e-07 0.024
1.344e-07 0.00589063
1.345e-07 -0.00329687
1.346e-07 -0.0026875
1.347e-07 0.00254688
1.348e-07 0.004
1.349e-07 -0.000734375
1.35e-07 -0.010375
1.351e-07 -0.0204063
1.352e-07 -0.0288438
1.353e-07 -0.04
1.354e-07 -0.0554375
1.355e-07 -0.0723281
1.356e-07 -0.086125
1.357e-07 -0.0940313
1.358e-07 -0.1
1.359e-07 -0.106766
1.36e-07 -0.113453
1.361e-07 -0.117391
1.362e-07 -0.118359
1.363e-07 -0.12
1.364e-07 -0.123578
1.365e-07 -0.129172
1.366e-07 -0.133938
1.367e-07 -0.13675
1.368e-07 -0.14
1.369e-07 -0.143578
1.37e-07 -0.147063
1.371e-07 -0.147969
1.372e-07 -0.146156
1.373e-07 -0.144
1.374e-07 -0.141844
1.375e-07 -0.138719
1.376e-07 -0.132359
1.377e-07 -0.123875
1.378e-07 -0.116
1.379e-07 -0.110906
1.38e-07 -0.108594
1.381e-07 -0.107188
1.382e-07 -0.105578
1.383e-07 -0.104
1.384e-07 -0.103297
1.385e-07 -0.103609
1.386e-07 -0.104375
1.387e-07 -0.104734
1.388e-07 -0.104
1.389e-07 -0.101234
1.39e-07 -0.0959688
1.391e-07 -0.0875625
1.392e-07 -0.0777344
1.393e-07 -0.068
1.394e-07 -0.0600625
1.395e-07 -0.0562656
1.396e-07 -0.0564688
1.397e-07 -0.0576563
1.398e-07 -0.056
1.399e-07 -0.0500781
1.4e-07 -0.0430469
1.401e-07 -0.0379688
1.402e-07 -0.0353906
1.403e-07 -0.032
1.404e-07 -0.0254219
1.405e-07 -0.0185938
1.406e-07 -0.0145625
1.407e-07 -0.0136406
1.408e-07 -0.012
1.409e-07 -0.006375
1.41e-07 0.00065625
1.411e-07 0.0064375
1.412e-07 0.0104531
1.413e-07 0.016
1.414e-07 0.0252813
1.415e-07 0.0355781
1.416e-07 0.0432188
1.417e-07 0.0463438
1.418e-07 0.048
1.419e-07 0.0511719
1.42e-07 0.0566563
1.421e-07 0.0630625
1.422e-07 0.0681406
1.423e-07 0.072
1.424e-07 0.07475
1.425e-07 0.0780469
1.426e-07 0.0819375
1.427e-07 0.0854219
1.428e-07 0.088
1.429e-07 0.0883281
1.43e-07 0.0880156
1.431e-07 0.0881094
1.432e-07 0.0894531
1.433e-07 0.092
1.434e-07 0.0934688
1.435e-07 0.0931563
1.436e-07 0.0901719
1.437e-07 0.0863281
1.438e-07 0.084
1.439e-07 0.0830156
1.44e-07 0.0816406
1.441e-07 0.0773438
1.442e-07 0.0716563
1.443e-07 0.068
1.444e-07 0.0672969
1.445e-07 0.0661406
1.446e-07 0.0603125
1.447e-07 0.0513125
1.448e-07 0.044
1.449e-07 0.0416875
1.45e-07 0.0412188
1.451e-07 0.0373438
1.452e-07 0.0291406
1.453e-07 0.02
1.454e-07 0.0143906
1.455e-07 0.012375
1.456e-07 0.0113438
1.457e-07 0.00876563
1.458e-07 0.004
1.459e-07 -0.00132812
1.46e-07 -0.00603125
1.461e-07 -0.00960938
1.462e-07 -0.012375
1.463e-07 -0.016
1.464e-07 -0.02075
1.465e-07 -0.0258438
1.466e-07 -0.0295469
1.467e-07 -0.0310781
1.468e-07 -0.032
1.469e-07 -0.033375
1.47e-07 -0.0351406
1.471e-07 -0.0365625
1.472e-07 -0.0378125
1.473e-07 -0.04
1.474e-07 -0.042875
1.475e-07 -0.0443125
1.476e-07 -0.0429219
1.477e-07 -0.0403594
1.478e-07 -0.04
1.479e-07 -0.0436094
1.48e-07 -0.0493906
1.481e-07 -0.0537813
1.482e-07 -0.0542188
1.483e-07 -0.052
1.484e-07 -0.049875
1.485e-07 -0.0504688
1.486e-07 -0.0539531
1.487e-07 -0.0579219
1.488e-07 -0.06
1.489e-07 -0.0584219
1.49e-07 -0.054375
1.491e-07 -0.0498125
1.492e-07 -0.0474844
1.493e-07 -0.048
1.494e-07 -0.0493438
1.495e-07 -0.0491719
1.496e-07 -0.0460781
1.497e-07 -0.0420313
1.498e-07 -0.04
1.499e-07 -0.0406875
1.5e-07 -0.041125
1.501e-07 -0.0376094
1.502e-07 -0.0306719
1.503e-07 -0.024
1.504e-07 -0.0208906
1.505e-07 -0.0202813
1.506e-07 -0.0190938
1.507e-07 -0.0159531
1.508e-07 -0.012
1.509e-07 -0.00946875
1.51e-07 -0.0084375
1.511e-07 -0.00740625
1.512e-07 -0.0048125
1.513e-07 2.68221e-10
1.514e-07 0.00584375
1.515e-07 0.0105781
1.516e-07 0.0126719
1.517e-07 0.012375
1.518e-07 0.012
1.519e-07 0.0130781
1.52e-07 0.015
1.521e-07 0.0165938
1.522e-07 0.0177344
1.523e-07 0.02
1.524e-07 0.0243125
1.525e-07 0.0295938
1.526e-07 0.0338281
1.527e-07 0.0356406
1.528e-07 0.036
1.529e-07 0.0359688
1.53e-07 0.036
1.531e-07 0.0358125
1.532e-07 0.0355625
1.533e-07 0.036
1.534e-07 0.0372813
1.535e-07 0.0390781
1.536e-07 0.0406406
1.537e-07 0.0420156
1.538e-07 0.044
1.539e-07 0.045875
1.54e-07 0.0454844
1.541e-07 0.0416094
1.542e-07 0.0371094
1.543e-07 0.036
1.544e-07 0.0393906
1.545e-07 0.043375
1.546e-07 0.0430313
1.547e-07 0.0378438
1.548e-07 0.032
1.549e-07 0.0296563
1.55e-07 0.0309063
1.551e-07 0.0325781
1.552e-07 0.0316563
1.553e-07 0.028
1.554e-07 0.0235781
1.555e-07 0.020625
1.556e-07 0.0198438
1.557e-07 0.0203125
1.558e-07 0.02
1.559e-07 0.0175
1.56e-07 0.0138125
1.561e-07 0.0105781
1.562e-07 0.00892188
1.563e-07 0.008
1.564e-07 0.0065625
1.565e-07 0.004875
1.566e-07 0.00325
1.567e-07 0.00184375
1.568e-07 2.68221e-10
1.569e-07 -0.00273437
1.57e-07 -0.00620313
1.571e-07 -0.00971875
1.572e-07 -0.01175
1.573e-07 -0.012
1.574e-07 -0.0115625
1.575e-07 -0.0135781
1.576e-07 -0.0192813
1.577e-07 -0.0254375
1.578e-07 -0.028
1.579e-07 -0.0249688
1.58e-07 -0.0208125
1.581e-07 -0.0206875
1.582e-07 -0.0256719
1.583e-07 -0.032
1.584e-07 -0.0345781
1.585e-07 -0.0334375
1.586e-07 -0.0308281
1.587e-07 -0.0289844
1.588e-07 -0.028
1.589e-07 -0.0269375
1.59e-07 -0.0271563
1.591e-07 -0.0293906
1.592e-07 -0.0318438
1.593e-07 -0.032
1.594e-07 -0.0292188
1.595e-07 -0.0275
1.596e-07 -0.0297188
1.597e-07 -0.0340625
1.598e-07 -0.036
1.599e-07 -0.0327656
1.6e-07 -0.0287813
1.601e-07 -0.0287813
1.602e-07 -0.0327969
1.603e-07 -0.036
1.604e-07 -0.0334219
1.605e-07 -0.02725
1.606e-07 -0.0216719
1.607e-07 -0.0197813
1.608e-07 -0.02
1.609e-07 -0.0191875
1.61e-07 -0.0172031
1.611e-07 -0.0150313
1.612e-07 -0.0134844
1.613e-07 -0.012
1.614e-07 -0.0100938
1.615e-07 -0.0085625
1.616e-07 -0.00771875
1.617e-07 -0.0066875
1.618e-07 -0.004
1.619e-07 0.0001875
1.62e-07 0.0034375
1.621e-07 0.00365625
1.622e-07 0.0015
1.623e-07 2.68221e-10
1.624e-07 0.001625
1.625e-07 0.0056875
1.626e-07 0.00985938
1.627e-07 0.0118438
1.628e-07 0.012
1.629e-07 0.0117031
1.63e-07 0.0117188
1.631e-07 0.0123125
1.632e-07 0.0136875
1.633e-07 0.016
1.634e-07 0.0185469
1.635e-07 0.0199375
1.636e-07 0.0195938
1.637e-07 0.0188906
1.638e-07 0.02
1.639e-07 0.023375
1.64e-07 0.0269531
1.641e-07 0.0282031
1.642e-07 0.0265156
1.643e-07 0.024
1.644e-07 0.0228438
1.645e-07 0.0234063
1.646e-07 0.0243594
1.647e-07 0.0245
1.648e-07 0.024
1.649e-07 0.0235625
1.65e-07 0.0236563
1.651e-07 0.024375
1.652e-07 0.0258281
1.653e-07 0.028
1.654e-07 0.02975
1.655e-07 0.0293438
1.656e-07 0.0259688
1.657e-07 0.021875
1.658e-07 0.02
1.659e-07 0.0213438
1.66e-07 0.0235938
1.661e-07 0.0233906
1.662e-07 0.0200625
1.663e-07 0.016
1.664e-07 0.0137344
1.665e-07 0.0125938
1.666e-07 0.0108906
1.667e-07 0.0088125
1.668e-07 0.008
1.669e-07 0.00921875
1.67e-07 0.00920313
1.671e-07 0.00571875
1.672e-07 0.00115625
1.673e-07 2.68221e-10
1.674e-07 0.00404688
1.675e-07 0.00795313
1.676e-07 0.00607813
1.677e-07 -0.0011875
1.678e-07 -0.008
1.679e-07 -0.00890625
1.68e-07 -0.00573438
1.681e-07 -0.00329687
1.682e-07 -0.0045625
1.683e-07 -0.008
1.684e-07 -0.0103438
1.685e-07 -0.0115469
1.686e-07 -0.0126875
1.687e-07 -0.0143281
1.688e-07 -0.016
1.689e-07 -0.0166406
1.69e-07 -0.0163594
1.691e-07 -0.015625
1.692e-07 -0.0153281
1.693e-07 -0.016
1.694e-07 -0.0170313
1.695e-07 -0.0168438
1.696e-07 -0.0146563
1.697e-07 -0.0122031
1.698e-07 -0.012
1.699e-07 -0.0150156
1.7e-07 -0.0187969
1.701e-07 -0.0202969
1.702e-07 -0.0186094
1.703e-07 -0.016
1.704e-07 -0.0150625
1.705e-07 -0.0155625
1.706e-07 -0.0161719
1.707e-07 -0.016125
1.708e-07 -0.016
1.709e-07 -0.0164219
1.71e-07 -0.0164375
1.711e-07 -0.0151875
1.712e-07 -0.0132344
1.713e-07 -0.012
1.714e-07 -0.0125469
1.715e-07 -0.0147188
1.716e-07 -0.0171406
1.717e-07 -0.0177813
1.718e-07 -0.016
1.719e-07 -0.0128125
1.72e-07 -0.0114688
1.721e-07 -0.0133594
1.722e-07 -0.0161563
1.723e-07 -0.016
1.724e-07 -0.0110938
1.725e-07 -0.00559375
1.726e-07 -0.00385937
1.727e-07 -0.00609375
1.728e-07 -0.008
1.729e-07 -0.00579688
1.73e-07 -0.00170312
1.731e-07 0.000625
1.732e-07 0.000203125
1.733e-07 2.68221e-10
1.734e-07 0.00273438
1.735e-07 0.006625
1.736e-07 0.00840625
1.737e-07 0.00679688
1.738e-07 0.004
1.739e-07 0.00270313
1.74e-07 0.00321875
1.741e-07 0.00465625
1.742e-07 0.00617188
1.743e-07 0.008
1.744e-07 0.0103125
1.745e-07 0.0118125
1.746e-07 0.0116875
1.747e-07 0.0110625
1.748e-07 0.012
1.749e-07 0.0148125
1.75e-07 0.016375
1.751e-07 0.0145469
1.752e-07 0.0115781
1.753e-07 0.012
1.754e-07 0.0175
1.755e-07 0.0230469
1.756e-07 0.0229844
1.757e-07 0.0174063
1.758e-07 0.012
1.759e-07 0.0116563
1.76e-07 0.0145938
1.761e-07 0.0162969
1.762e-07 0.014625
1.763e-07 0.012
1.764e-07 0.0118594
1.765e-07 0.014375
1.766e-07 0.0172813
1.767e-07 0.0179531
1.768e-07 0.016
1.769e-07 0.0124688
1.77e-07 0.00914063
1.771e-07 0.00728125
1.772e-07 0.00726563
1.773e-07 0.008
1.774e-07 0.00826563
1.775e-07 0.008125
1.776e-07 0.00796875
1.777e-07 0.00804688
1.778e-07 0.008
1.779e-07 0.00717188
1.78e-07 0.00526563
1.781e-07 0.00267188
1.782e-07 0.0006875
1.783e-07 2.68221e-10
1.784e-07 0.000421875
1.785e-07 0.00046875
1.786e-07 -0.00090625
1.787e-07 -0.0029375
1.788e-07 -0.004
1.789e-07 -0.003
1.79e-07 -0.000859375
1.791e-07 0.000390625
1.792e-07 -0.000796875
1.793e-07 -0.004
1.794e-07 -0.00725
1.795e-07 -0.00845313
1.796e-07 -0.00701563
1.797e-07 -0.0046875
1.798e-07 -0.004
1.799e-07 -0.00625
1.8e-07 -0.0101719
1.801e-07 -0.0133125
1.802e-07 -0.01375
1.803e-07 -0.012
1.804e-07 -0.00970313
1.805e-07 -0.00826563
1.806e-07 -0.0079375
1.807e-07 -0.008125
1.808e-07 -0.008
1.809e-07 -0.00739063
1.81e-07 -0.00745313
1.811e-07 -0.00896875
1.812e-07 -0.0110625
1.813e-07 -0.012
1.814e-07 -0.0106875
1.815e-07 -0.00870313
1.816e-07 -0.007875
1.817e-07 -0.00825
1.818e-07 -0.008
1.819e-07 -0.0059375
1.82e-07 -0.00414062
1.821e-07 -0.00467187
1.822e-07 -0.00689063
1.823e-07 -0.008
1.824e-07 -0.00620313
1.825e-07 -0.00420312
1.826e-07 -0.00482812
1.827e-07 -0.00729688
1.828e-07 -0.008
1.829e-07 -0.00471875
1.83e-07 -0.000921875
1.831e-07 -0.000390625
1.832e-07 -0.0028125
1.833e-07 -0.004
1.834e-07 -0.00090625
1.835e-07 0.00307813
1.836e-07 0.00348438
1.837e-07 -0.0001875
1.838e-07 -0.004
1.839e-07 -0.00403125
1.84e-07 -0.0014375
1.841e-07 0.000765625
1.842e-07 0.0008125
1.843e-07 2.68221e-10
1.844e-07 0.00053125
1.845e-07 0.0026875
1.846e-07 0.00514063
1.847e-07 0.00579688
1.848e-07 0.004
1.849e-07 0.000890625
1.85e-07 -0.000578125
1.851e-07 0.00145313
1.852e-07 0.00540625
1.853e-07 0.008
1.854e-07 0.00710938
1.855e-07 0.00479688
1.856e-07 0.00396875
1.857e-07 0.0056875
1.858e-07 0.008
1.859e-07 0.00814063
1.86e-07 0.0056875
1.861e-07 0.0024375
1.862e-07 0.00145313
1.863e-07 0.004
1.864e-07 0.00867188
1.865e-07 0.0118906
1.866e-07 0.0109375
1.867e-07 0.007
1.868e-07 0.004
1.869e-07 0.00465625
1.87e-07 0.00709375
1.871e-07 0.008
1.872e-07 0.00626563
1.873e-07 0.004
1.874e-07 0.00360938
1.875e-07 0.00404688
1.876e-07 0.00334375
1.877e-07 0.001375
1.878e-07 2.68221e-10
1.879e-07 0.000875
1.88e-07 0.003
1.881e-07 0.0045625
1.882e-07 0.00464063
1.883e-07 0.004
1.884e-07 0.00379688
1.885e-07 0.004
1.886e-07 0.0038125
1.887e-07 0.00248438
1.888e-07 2.68221e-10
1.889e-07 -0.00271875
1.89e-07 -0.004125
1.891e-07 -0.00339062
1.892e-07 -0.0014375
1.893e-07 2.68221e-10
1.894e-07 -0.000125
1.895e-07 -0.00034375
1.896e-07 0.000875
1.897e-07 0.00296875
1.898e-07 0.004
1.899e-07 0.00259375
1.9e-07 0.000625
1.901e-07 -3.12497e-05
1.902e-07 0.000484375
1.903e-07 2.68221e-10
1.904e-07 -0.00304687
1.905e-07 -0.00676563
1.906e-07 -0.00846875
1.907e-07 -0.00698438
1.908e-07 -0.004
1.909e-07 -0.00201562
1.91e-07 -0.00270312
1.911e-07 -0.00560937
1.912e-07 -0.00809375
1.913e-07 -0.008
1.914e-07 -0.00529687
1.915e-07 -0.00365625
1.916e-07 -0.00545312
1.917e-07 -0.0084375
1.918e-07 -0.008
1.919e-07 -0.00217187
1.92e-07 0.00329688
1.921e-07 0.00259375
1.922e-07 -0.00339062
1.923e-07 -0.008
1.924e-07 -0.00601563
1.925e-07 -0.0014375
1.926e-07 -0.000328125
1.927e-07 -0.00409375
1.928e-07 -0.008
1.929e-07 -0.00690625
1.93e-07 -0.002375
1.931e-07 0.00142188
1.932e-07 0.00167188
1.933e-07 2.68221e-10
1.934e-07 -0.000796875
1.935e-07 -0.000421875
1.936e-07 0.000234375
1.937e-07 0.000328125
1.938e-07 2.68221e-10
1.939e-07 -0.000265625
1.94e-07 -0.00015625
1.941e-07 0.000140625
1.942e-07 0.000265625
1.943e-07 2.68221e-10
1.944e-07 -0.0004375
1.945e-07 -0.000390625
1.946e-07 0.000609375
1.947e-07 0.00234375
1.948e-07 0.004
1.949e-07 0.004375
1.95e-07 0.00204688
1.951e-07 -0.00240625
1.952e-07 -0.0054375
1.953e-07 -0.004
1.954e-07 0.00190625
1.955e-07 0.007125
1.956e-07 0.00721875
1.957e-07 0.0030625
1.958e-07 2.68221e-10
1.959e-07 0.00203125
1.96e-07 0.00635938
1.961e-07 0.0083125
1.962e-07 0.00642188
1.963e-07 0.004
1.964e-07 0.00460938
1.965e-07 0.00704688
1.966e-07 0.00807813
1.967e-07 0.00642188
1.968e-07 0.004
1.969e-07 0.00315625
1.97e-07 0.00360938
1.971e-07 0.004125
1.972e-07 0.00407813
1.973e-07 0.004
1.974e-07 0.004375
1.975e-07 0.00439063
1.976e-07 0.00323438
1.977e-07 0.00132813
1.978e-07 2.68221e-10
1.979e-07 0.00046875
1.98e-07 0.00259375
1.981e-07 0.00528125
1.982e-07 0.0071875
1.983e-07 0.008
1.984e-07 0.00765625
1.985e-07 0.00559375
1.986e-07 0.002125
1.987e-07 -0.00040625
1.988e-07 2.68221e-10
1.989e-07 0.00303125
1.99e-07 0.00465625
1.991e-07 0.00209375
1.992e-07 -0.0024375
1.993e-07 -0.004
1.994e-07 0.0001875
1.995e-07 0.00610938
1.996e-07 0.00829688
1.997e-07 0.005
1.998e-07 2.68221e-10
1.999e-07 -0.00201562
2e-07 -0.00101562
2.001e-07 0.0005625
2.002e-07 0.00075
2.003e-07 2.68221e-10
2.004e-07 -0.000171875
2.005e-07 -3.12497e-05
2.006e-07 -0.0001875
2.007e-07 -0.0004375
2.008e-07 2.68221e-10
2.009e-07 0.00110938
2.01e-07 0.00090625
2.011e-07 -0.0015
2.012e-07 -0.00407812
2.013e-07 -0.004
2.014e-07 -0.000390625
2.015e-07 0.00332813
2.016e-07 0.003375
2.017e-07 -0.000296875
2.018e-07 -0.004
2.019e-07 -0.00410937
2.02e-07 -0.00151562
2.021e-07 0.0009375
2.022e-07 0.00121875
2.023e-07 2.68221e-10
2.024e-07 -0.0011875
2.025e-07 -0.00285937
2.026e-07 -0.0055
2.027e-07 -0.00782813
2.028e-07 -0.008
2.029e-07 -0.00514062
2.03e-07 -0.0014375
2.031e-07 0.000734375
2.032e-07 0.000640625
2.033e-07 2.68221e-10
2.034e-07 0.000296875
2.035e-07 0.00040625
2.036e-07 -0.000953125
2.037e-07 -0.00309375
2.038e-07 -0.004
2.039e-07 -0.0024375
2.04e-07 -0.000421875
2.041e-07 -0.000390625
2.042e-07 -0.002375
2.043e-07 -0.004
2.044e-07 -0.003125
2.045e-07 -0.00096875
2.046e-07 0.000390625
2.047e-07 0.000265625
2.048e-07 2.68221e-10
2.049e-07 0.00071875
2.05e-07 0.000703125
2.051e-07 -0.00139062
2.052e-07 -0.00395312
2.053e-07 -0.004
2.054e-07 -0.00034375
2.055e-07 0.003375
2.056e-07 0.00329688
2.057e-07 -0.000484375
2.058e-07 -0.004
2.059e-07 -0.00371875
2.06e-07 -0.00123437
2.061e-07 0.000453125
2.062e-07 0.000203125
2.063e-07 2.68221e-10
2.064e-07 0.0016875
2.065e-07 0.003625
2.066e-07 0.00360938
2.067e-07 0.001625
2.068e-07 2.68221e-10
2.069e-07 0.000765625
2.07e-07 0.00303125
2.071e-07 0.0044375
2.072e-07 0.00323438
2.073e-07 2.68221e-10
2.074e-07 -0.00321875
2.075e-07 -0.0045
2.076e-07 -0.00298437
2.077e-07 0.0004375
2.078e-07 0.004
2.079e-07 0.0059375
2.08e-07 0.00523438
2.081e-07 0.00253125
2.082e-07 0.000203125
2.083e-07 2.68221e-10
2.084e-07 0.00192188
2.085e-07 0.00376563
2.086e-07 0.00351563
2.087e-07 0.0015
2.088e-07 2.68221e-10
2.089e-07 0.0009375
2.09e-07 0.00307813
2.091e-07 0.0043125
2.092e-07 0.00410938
2.093e-07 0.004
2.094e-07 0.00503125
2.095e-07 0.0049375
2.096e-07 0.00223438
2.097e-07 -0.000703125
2.098e-07 2.68221e-10
2.099e-07 0.00542188
2.1e-07 0.0109219
2.101e-07 0.0113594
2.102e-07 0.00617188
2.103e-07 2.68221e-10
2.104e-07 -0.00196875
2.105e-07 0.00129688
2.106e-07 0.00648438
2.107e-07 0.008125
2.108e-07 0.004
2.109e-07 -0.00351562
2.11e-07 -0.00825
2.111e-07 -0.00590625
2.112e-07 0.00157813
2.113e-07 0.008
2.114e-07 0.00810938
2.115e-07 0.0030625
2.116e-07 -0.00223437
2.117e-07 -0.00315625
2.118e-07 2.68221e-10
2.119e-07 0.003625
2.12e-07 0.00479688
2.121e-07 0.0025625
2.122e-07 -0.00125
2.123e-07 -0.004
2.124e-07 -0.0039375
2.125e-07 -0.0015
2.126e-07 0.00117188
2.127e-07 0.00173438
2.128e-07 2.68221e-10
2.129e-07 -0.00253125
2.13e-07 -0.00403125
2.131e-07 -0.00354687
2.132e-07 -0.00170312
2.133e-07 2.68221e-10
2.134e-07 0.00046875
2.135e-07 0.000171875
2.136e-07 4.68753e-05
2.137e-07 0.000265625
2.138e-07 2.68221e-10
2.139e-07 -0.00153125
2.14e-07 -0.00335937
2.141e-07 -0.00426562
2.142e-07 -0.004125
2.143e-07 -0.004
2.144e-07 -0.00446875
2.145e-07 -0.00448437
2.146e-07 -0.00309375
2.147e-07 -0.00101562
2.148e-07 2.68221e-10
2.149e-07 -0.00104687
2.15e-07 -0.0031875
2.151e-07 -0.00435937
2.152e-07 -0.003125
2.153e-07 2.68221e-10
2.154e-07 0.00320313
2.155e-07 0.00442188
2.156e-07 0.00296875
2.157e-07 0.000640625
2.158e-07 2.68221e-10
2.159e-07 0.00182813
2.16e-07 0.00376563
2.161e-07 0.00332813
2.162e-07 0.00107813
2.163e-07 2.68221e-10
2.164e-07 0.0019375
2.165e-07 0.004
2.166e-07 0.00279688
2.167e-07 -0.001125
2.168e-07 -0.004
2.169e-07 -0.0028125
2.17e-07 -0.000515625
2.171e-07 -0.000625
2.172e-07 -0.00301562
2.173e-07 -0.004
2.174e-07 -0.000921875
2.175e-07 0.00295313
2.176e-07 0.00375
2.177e-07 0.00142188
2.178e-07 2.68221e-10
2.179e-07 0.00264063
2.18e-07 0.00675
2.181e-07 0.00803125
2.182e-07 0.00490625
2.183e-07 2.68221e-10
2.184e-07 -0.00314062
2.185e-07 -0.00407812
2.186e-07 -0.00407812
2.187e-07 -0.004125
2.188e-07 -0.004
2.189e-07 -0.00290625
2.19e-07 -0.00107812
2.191e-07 0.001
2.192e-07 0.0026875
2.193e-07 0.004
2.194e-07 0.00482813
2.195e-07 0.00460938
2.196e-07 0.00315625
2.197e-07 0.00129688
2.198e-07 2.68221e-10
2.199e-07 -0.000328125
2.2e-07 -0.000109375
2.201e-07 -7.81247e-05
2.202e-07 -0.000265625
2.203e-07 2.68221e-10
2.204e-07 0.00121875
2.205e-07 0.00309375
2.206e-07 0.00467188
2.207e-07 0.00495313
2.208e-07 0.004
2.209e-07 0.00251563
2.21e-07 0.000796875
2.211e-07 -0.000765625
2.212e-07 -0.00115625
2.213e-07 2.68221e-10
2.214e-07 0.00182813
2.215e-07 0.00140625
2.216e-07 -0.00225
2.217e-07 -0.00557812
2.218e-07 -0.004
2.219e-07 0.00359375
2.22e-07 0.0107031
2.221e-07 0.0110156
2.222e-07 0.00517188
2.223e-07 2.68221e-10
2.224e-07 0.000859375
2.225e-07 0.00359375
2.226e-07 0.00259375
2.227e-07 -0.001875
2.228e-07 -0.004
2.229e-07 0.000609375
2.23e-07 0.006625
2.231e-07 0.00717188
2.232e-07 0.00154688
2.233e-07 -0.004
2.234e-07 -0.003375
2.235e-07 0.00142188
2.236e-07 0.0055
2.237e-07 0.00575
2.238e-07 0.004
2.239e-07 0.00335938
2.24e-07 0.00382813
2.241e-07 0.00373438
2.242e-07 0.00220313
2.243e-07 2.68221e-10
2.244e-07 -0.00132812
2.245e-07 -0.00090625
2.246e-07 0.00110938
2.247e-07 0.00320313
2.248e-07 0.004
2.249e-07 0.00289063
