-2.5e-08 -0.00373437
-2.49e-08 -0.00303125
-2.48e-08 0.000796875
-2.47e-08 0.004
-2.46e-08 0.00325
-2.45e-08 0.000796875
-2.44e-08 0.0001875
-2.43e-08 0.00217188
-2.42e-08 0.004
-2.41e-08 0.00295313
-2.4e-08 0.00071875
-2.39e-08 3.12503e-05
-2.38e-08 0.00175
-2.37e-08 0.004
-2.36e-08 0.00448438
-2.35e-08 0.004125
-2.34e-08 0.00425
-2.33e-08 0.0046875
-2.32e-08 0.004
-2.31e-08 0.0014375
-2.3e-08 -0.000203125
-2.29e-08 0.00109375
-2.28e-08 0.00371875
-2.27e-08 0.004
-2.26e-08 0.00025
-2.25e-08 -0.00348437
-2.24e-08 -0.0030625
-2.23e-08 0.000984375
-2.22e-08 0.004
-2.21e-08 0.00209375
-2.2e-08 -0.00226562
-2.19e-08 -0.00454687
-2.18e-08 -0.00290625
-2.17e-08 2.68221e-10
-2.16e-08 0.00090625
-2.15e-08 0.000359375
-2.14e-08 4.68753e-05
-2.13e-08 0.000359375
-2.12e-08 2.68221e-10
-2.11e-08 -0.002
-2.1e-08 -0.003875
-2.09e-08 -0.00339062
-2.08e-08 -0.00015625
-2.07e-08 0.004
-2.06e-08 0.00634375
-2.05e-08 0.00557813
-2.04e-08 0.00204688
-2.03e-08 -0.00184375
-2.02e-08 -0.004
-2.01e-08 -0.00357812
-2e-08 -0.0013125
-1.99e-08 0.00103125
-1.98e-08 0.00154688
-1.97e-08 2.68221e-10
-1.96e-08 -0.00242187
-1.95e-08 -0.00395312
-1.94e-08 -0.00359375
-1.93e-08 -0.00179687
-1.92e-08 2.68221e-10
-1.91e-08 0.0006875
-1.9e-08 0.00034375
-1.89e-08 -0.000234375
-1.88e-08 -0.0003125
-1.87e-08 2.68221e-10
-1.86e-08 0.000140625
-1.85e-08 7.81253e-05
-1.84e-08 -7.81247e-05
-1.83e-08 -0.000125
-1.82e-08 2.68221e-10
-1.81e-08 7.81253e-05
-1.8e-08 4.68753e-05
-1.79e-08 -7.81247e-05
-1.78e-08 -0.000125
-1.77e-08 2.68221e-10
-1.76e-08 0.00021875
-1.75e-08 0.000234375
-1.74e-08 -0.00034375
-1.73e-08 -0.00178125
-1.72e-08 -0.004
-1.71e-08 -0.0059375
-1.7e-08 -0.00546875
-1.69e-08 -0.00184375
-1.68e-08 0.00239063
-1.67e-08 0.004
-1.66e-08 0.00190625
-1.65e-08 -0.000125
-1.64e-08 0.00134375
-1.63e-08 0.00545313
-1.62e-08 0.008
-1.61e-08 0.00576563
-1.6e-08 0.0015625
-1.59e-08 -0.000453125
-1.58e-08 0.00128125
-1.57e-08 0.004
-1.56e-08 0.00401563
-1.55e-08 0.00154688
-1.54e-08 -0.00120312
-1.53e-08 -0.00178125
-1.52e-08 2.68221e-10
-1.51e-08 0.00257813
-1.5e-08 0.00404688
-1.49e-08 0.00346875
-1.48e-08 0.0015625
-1.47e-08 2.68221e-10
-1.46e-08 -0.000171875
-1.45e-08 0.000125
-1.44e-08 -0.000546875
-1.43e-08 -0.00234375
-1.42e-08 -0.004
-1.41e-08 -0.003875
-1.4e-08 -0.00165625
-1.39e-08 0.00164063
-1.38e-08 0.00385938
-1.37e-08 0.004
-1.36e-08 0.00228125
-1.35e-08 0.000484375
-1.34e-08 -3.12497e-05
-1.33e-08 0.000359375
-1.32e-08 2.68221e-10
-1.31e-08 -0.00198437
-1.3e-08 -0.00378125
-1.29e-08 -0.00353125
-1.28e-08 -0.00153125
-1.27e-08 2.68221e-10
-1.26e-08 -0.000859375
-1.25e-08 -0.00310937
-1.24e-08 -0.00432812
-1.23e-08 -0.003
-1.22e-08 2.68221e-10
-1.21e-08 0.00275
-1.2e-08 0.0040625
-1.19e-08 0.00365625
-1.18e-08 0.00201563
-1.17e-08 2.68221e-10
-1.16e-08 -0.00148437
-1.15e-08 -0.00103125
-1.14e-08 0.001375
-1.13e-08 0.00371875
-1.12e-08 0.004
-1.11e-08 0.00184375
-1.1e-08 4.68753e-05
-1.09e-08 0.000796875
-1.08e-08 0.00317188
-1.07e-08 0.004
-1.06e-08 0.0011875
-1.05e-08 -0.00273437
-1.04e-08 -0.00421875
-1.03e-08 -0.00242187
-1.02e-08 2.68221e-10
-1.01e-08 0.000328125
-1e-08 -0.000125
-9.9e-09 0.000796875
-9.8e-09 0.00292188
-9.7e-09 0.004
-9.6e-09 0.002375
-9.5e-09 0.000359375
-9.4e-09 0.000484375
-9.3e-09 0.00257813
-9.2e-09 0.004
-9.1e-09 0.00264063
-9e-09 0.00053125
-8.9e-09 0.00025
-8.8e-09 0.00215625
-8.7e-09 0.004
-8.6e-09 0.003375
-8.5e-09 0.001125
-8.4e-09 -0.000640625
-8.3e-09 -0.000703125
-8.2e-09 2.68221e-10
-8.1e-09 4.68753e-05
-8e-09 -6.24997e-05
-7.9e-09 0.000328125
-7.8e-09 0.000734375
-7.7e-09 2.68221e-10
-7.6e-09 -0.00175
-7.5e-09 -0.00146875
-7.4e-09 0.00242188
-7.3e-09 0.0070625
-7.2e-09 0.008
-7.1e-09 0.00325
-7e-09 -0.00248437
-6.9e-09 -0.003875
-6.8e-09 -0.000203125
-6.7e-09 0.004
-6.6e-09 0.00403125
-6.5e-09 0.001375
-6.4e-09 -0.000546875
-6.3e-09 -0.000296875
-6.2e-09 2.68221e-10
-6.1e-09 -0.00184375
-6e-09 -0.00376562
-5.9e-09 -0.00334375
-5.8e-09 -0.00109375
-5.7e-09 2.68221e-10
-5.6e-09 -0.00184375
-5.5e-09 -0.00390625
-5.4e-09 -0.00303125
-5.3e-09 0.0006875
-5.2e-09 0.004
-5.1e-09 0.00389063
-5e-09 0.00139063
-4.9e-09 -0.000828125
-4.8e-09 -0.000984375
-4.7e-09 2.68221e-10
-4.6e-09 0.00034375
-4.5e-09 0.000140625
-4.4e-09 4.68753e-05
-4.3e-09 0.0001875
-4.2e-09 2.68221e-10
-4.1e-09 -0.000703125
-4e-09 -0.000625
-3.9e-09 0.00107813
-3.8e-09 0.00328125
-3.7e-09 0.004
-3.6e-09 0.0024375
-3.5e-09 0.000484375
-3.4e-09 4.68753e-05
-3.3e-09 0.00165625
-3.2e-09 0.004
-3.1e-09 0.0050625
-3e-09 0.0045
-2.9e-09 0.00360938
-2.8e-09 0.00454688
-2.7e-09 0.008
-2.6e-09 0.0118438
-2.5e-09 0.0111719
-2.4e-09 0.00317188
-2.3e-09 -0.008125
-2.2e-09 -0.016
-2.1e-09 -0.0153281
-2e-09 -0.00845313
-1.9e-09 -0.000359375
-1.8e-09 0.00482813
-1.7e-09 0.008
-1.6e-09 0.0110469
-1.5e-09 0.0125
-1.4e-09 0.0105156
-1.3e-09 0.00651563
-1.2e-09 0.004
-1.1e-09 0.00501563
-1e-09 0.00739063
-9e-10 0.00764063
-8e-10 0.00451563
-7e-10 2.68221e-10
-6e-10 -0.00323437
-5e-10 -0.0041875
-4e-10 -0.00379687
-3e-10 -0.00351562
-2e-10 -0.004
-1e-10 -0.00454687
0 -0.0045625
1e-10 -0.003125
2e-10 -1.56247e-05
3e-10 0.004
4e-10 0.00703125
5e-10 0.00621875
6e-10 0.000921875
7e-10 -0.00521875
8e-10 -0.008
9e-10 -0.0056875
1e-09 -0.00151562
1.1e-09 0.00040625
1.2e-09 -0.0013125
1.3e-09 -0.004
1.4e-09 -0.00425
1.5e-09 -0.00171875
1.6e-09 0.00142188
1.7e-09 0.0021875
1.8e-09 2.68221e-10
1.9e-09 -0.00329687
2e-09 -0.00467187
2.1e-09 -0.00246875
2.2e-09 0.0015625
2.3e-09 0.004
2.4e-09 0.0023125
2.5e-09 -0.00190625
2.6e-09 -0.00540625
2.7e-09 -0.0058125
2.8e-09 -0.004
2.9e-09 -0.0020625
3e-09 -0.000546875
3.1e-09 0.000578125
3.2e-09 0.000921875
3.3e-09 2.68221e-10
3.4e-09 -0.00210937
3.5e-09 -0.00379687
3.6e-09 -0.0036875
3.7e-09 -0.00190625
3.8e-09 2.68221e-10
3.9e-09 0.00075
4e-09 0.000390625
4.1e-09 -0.00034375
4.2e-09 -0.00053125
4.3e-09 2.68221e-10
4.4e-09 0.00053125
4.5e-09 0.000359375
4.6e-09 -0.00053125
4.7e-09 -0.001
4.8e-09 2.68221e-10
4.9e-09 0.00234375
5e-09 0.0040625
5.1e-09 0.0031875
5.2e-09 -0.0001875
5.3e-09 -0.004
5.4e-09 -0.005875
5.5e-09 -0.00517187
5.6e-09 -0.00273437
5.7e-09 -0.000609375
5.8e-09 2.68221e-10
5.9e-09 -0.000546875
6e-09 -0.0005625
6.1e-09 0.00103125
6.2e-09 0.00320313
6.3e-09 0.004
6.4e-09 0.00239063
6.5e-09 0.000390625
6.6e-09 0.00034375
6.7e-09 0.0023125
6.8e-09 0.004
6.9e-09 0.00323438
7e-09 0.00104688
7.1e-09 -0.0005625
7.2e-09 -0.000578125
7.3e-09 2.68221e-10
7.4e-09 -6.24997e-05
7.5e-09 -0.00021875
7.6e-09 0.000546875
7.7e-09 0.00225
7.8e-09 0.004
7.9e-09 0.00471875
8e-09 0.00439063
8.1e-09 0.003625
8.2e-09 0.003375
8.3e-09 0.004
8.4e-09 0.00490625
8.5e-09 0.00473438
8.6e-09 0.0028125
8.7e-09 0.0005625
8.8e-09 2.68221e-10
8.9e-09 0.00182813
9e-09 0.00373438
9.1e-09 0.00345313
9.2e-09 0.00135938
9.3e-09 2.68221e-10
9.4e-09 0.00129688
9.5e-09 0.00342188
9.6e-09 0.00375
9.7e-09 0.00185938
9.8e-09 2.68221e-10
9.9e-09 0.00046875
1e-08 0.00273438
1.01e-08 0.004875
1.02e-08 0.00520313
1.03e-08 0.004
1.04e-08 0.00228125
1.05e-08 0.000734375
1.06e-08 -0.000734375
1.07e-08 -0.00226562
1.08e-08 -0.004
1.09e-08 -0.0054375
1.1e-08 -0.00514062
1.11e-08 -0.00232812
1.12e-08 0.00148438
1.13e-08 0.004
1.14e-08 0.00365625
1.15e-08 0.00140625
1.16e-08 -0.00110937
1.17e-08 -0.00271875
1.18e-08 -0.004
1.19e-08 -0.00571875
1.2e-08 -0.0075
1.21e-08 -0.00817188
1.22e-08 -0.006875
1.23e-08 -0.004
1.24e-08 -0.000984375
1.25e-08 0.000296875
1.26e-08 -0.000796875
1.27e-08 -0.00292187
1.28e-08 -0.004
1.29e-08 -0.00285937
1.3e-08 -0.00075
1.31e-08 0.000171875
1.32e-08 -0.00125
1.33e-08 -0.004
1.34e-08 -0.00595313
1.35e-08 -0.00540625
1.36e-08 -0.00217187
1.37e-08 0.0016875
1.38e-08 0.004
1.39e-08 0.00351563
1.4e-08 0.0013125
1.41e-08 -0.000984375
1.42e-08 -0.00253125
1.43e-08 -0.004
1.44e-08 -0.0056875
1.45e-08 -0.005375
1.46e-08 -0.00178125
1.47e-08 0.002625
1.48e-08 0.004
1.49e-08 0.000671875
1.5e-08 -0.00325
1.51e-08 -0.00332812
1.52e-08 0.000484375
1.53e-08 0.004
1.54e-08 0.00348438
1.55e-08 0.000953125
1.56e-08 -1.56247e-05
1.57e-08 0.00179688
1.58e-08 0.004
1.59e-08 0.00357813
1.6e-08 0.00125
1.61e-08 -0.000796875
1.62e-08 -0.00096875
1.63e-08 2.68221e-10
1.64e-08 0.000609375
1.65e-08 0.000359375
1.66e-08 -0.000375
1.67e-08 -0.000671875
1.68e-08 2.68221e-10
1.69e-08 0.00159375
1.7e-08 0.00332813
1.71e-08 0.0044375
1.72e-08 0.0045
1.73e-08 0.004
1.74e-08 0.0035625
1.75e-08 0.00371875
1.76e-08 0.00434375
1.77e-08 0.004625
1.78e-08 0.004
1.79e-08 0.00275
1.8e-08 0.003
1.81e-08 0.0055625
1.82e-08 0.00821875
1.83e-08 0.008
1.84e-08 0.00389063
1.85e-08 0.0003125
1.86e-08 0.00115625
1.87e-08 0.005375
1.88e-08 0.008
1.89e-08 0.00540625
1.9e-08 0.00125
1.91e-08 0.0001875
1.92e-08 0.0025625
1.93e-08 0.004
1.94e-08 0.00090625
1.95e-08 -0.003125
1.96e-08 -0.00334375
1.97e-08 0.000515625
1.98e-08 0.004
1.99e-08 0.00326563
2e-08 0.00078125
2.01e-08 0.00028125
2.02e-08 0.00239063
2.03e-08 0.004
2.04e-08 0.00198438
2.05e-08 -0.00217187
2.06e-08 -0.00504687
2.07e-08 -0.00401562
2.08e-08 2.68221e-10
2.09e-08 0.00395313
2.1e-08 0.005
2.11e-08 0.00223438
2.12e-08 -0.00184375
2.13e-08 -0.004
2.14e-08 -0.00271875
2.15e-08 -0.00053125
2.16e-08 -0.000359375
2.17e-08 -0.00239062
2.18e-08 -0.004
2.19e-08 -0.00275
2.2e-08 -0.000578125
2.21e-08 -0.000328125
2.22e-08 -0.00234375
2.23e-08 -0.004
2.24e-08 -0.00289062
2.25e-08 -0.000765625
2.26e-08 3.12503e-05
2.27e-08 -0.0005
2.28e-08 2.68221e-10
2.29e-08 0.00265625
2.3e-08 0.00439063
2.31e-08 0.00242188
2.32e-08 -0.00179687
2.33e-08 -0.004
2.34e-08 -0.00151562
2.35e-08 0.0026875
2.36e-08 0.00401563
2.37e-08 0.000828125
2.38e-08 -0.004
2.39e-08 -0.00639063
2.4e-08 -0.0054375
2.41e-08 -0.00257812
2.42e-08 -0.000390625
2.43e-08 2.68221e-10
2.44e-08 -0.00104687
2.45e-08 -0.00301562
2.46e-08 -0.00482812
2.47e-08 -0.00525
2.48e-08 -0.004
2.49e-08 -0.00182812
2.5e-08 -0.000296875
2.51e-08 -7.81247e-05
2.52e-08 -0.000453125
2.53e-08 2.68221e-10
2.54e-08 0.00179688
2.55e-08 0.003625
2.56e-08 0.0038125
2.57e-08 0.002125
2.58e-08 2.68221e-10
2.59e-08 -0.00096875
2.6e-08 -0.00053125
2.61e-08 0.000421875
2.62e-08 0.000703125
2.63e-08 2.68221e-10
2.64e-08 -0.00103125
2.65e-08 -0.0008125
2.66e-08 0.00125
2.67e-08 0.00357813
2.68e-08 0.004
2.69e-08 0.00190625
2.7e-08 6.25003e-05
2.71e-08 0.000859375
2.72e-08 0.00329688
2.73e-08 0.004
2.74e-08 0.000875
2.75e-08 -0.00303125
2.76e-08 -0.00376562
2.77e-08 -0.00040625
2.78e-08 0.004
2.79e-08 0.0058125
2.8e-08 0.0049375
2.81e-08 0.00329688
2.82e-08 0.00292188
2.83e-08 0.004
2.84e-08 0.005
2.85e-08 0.00475
2.86e-08 0.00295313
2.87e-08 0.000875
2.88e-08 2.68221e-10
2.89e-08 0.00101563
2.9e-08 0.003125
2.91e-08 0.00446875
2.92e-08 0.00335938
2.93e-08 2.68221e-10
2.94e-08 -0.00371875
2.95e-08 -0.00490625
2.96e-08 -0.00225
2.97e-08 0.00190625
2.98e-08 0.004
2.99e-08 0.00245313
3e-08 0.0003125
3.01e-08 0.00075
3.02e-08 0.00320313
3.03e-08 0.004
3.04e-08 0.00065625
3.05e-08 -0.00323437
3.06e-08 -0.00332812
3.07e-08 0.000515625
3.08e-08 0.004
3.09e-08 0.00326563
3.1e-08 0.00078125
3.11e-08 0.000296875
3.12e-08 0.00239063
3.13e-08 0.004
3.14e-08 0.00239063
3.15e-08 0.0003125
3.16e-08 0.00071875
3.17e-08 0.00314063
3.18e-08 0.004
3.19e-08 0.00090625
3.2e-08 -0.00301562
3.21e-08 -0.00376562
3.22e-08 -0.000375
3.23e-08 0.004
3.24e-08 0.00525
3.25e-08 0.00242188
3.26e-08 -0.00242187
3.27e-08 -0.00520312
3.28e-08 -0.004
3.29e-08 0.00015625
3.3e-08 0.00359375
3.31e-08 0.00328125
3.32e-08 -0.000375
3.33e-08 -0.004
3.34e-08 -0.00428125
3.35e-08 -0.00165625
3.36e-08 0.00123438
3.37e-08 0.00178125
3.38e-08 2.68221e-10
3.39e-08 -0.0023125
3.4e-08 -0.00384375
3.41e-08 -0.003875
3.42e-08 -0.002375
3.43e-08 2.68221e-10
3.44e-08 0.00225
3.45e-08 0.00367188
3.46e-08 0.00414063
3.47e-08 0.00404688
3.48e-08 0.004
3.49e-08 0.00398438
3.5e-08 0.00409375
3.51e-08 0.00378125
3.52e-08 0.00246875
3.53e-08 2.68221e-10
3.54e-08 -0.002875
3.55e-08 -0.00425
3.56e-08 -0.0031875
3.57e-08 -0.00101562
3.58e-08 2.68221e-10
3.59e-08 -0.00132812
3.6e-08 -0.00342187
3.61e-08 -0.003875
3.62e-08 -0.002125
3.63e-08 2.68221e-10
3.64e-08 0.0005625
3.65e-08 0.0001875
3.66e-08 0.000171875
3.67e-08 0.0005
3.68e-08 2.68221e-10
3.69e-08 -0.00165625
3.7e-08 -0.00142187
3.71e-08 0.002375
3.72e-08 0.007
3.73e-08 0.008
3.74e-08 0.00335938
3.75e-08 -0.00239062
3.76e-08 -0.004
3.77e-08 -0.000453125
3.78e-08 0.004
3.79e-08 0.004625
3.8e-08 0.00182813
3.81e-08 -0.0013125
3.82e-08 -0.00185937
3.83e-08 2.68221e-10
3.84e-08 0.00228125
3.85e-08 0.00371875
3.86e-08 0.00404688
3.87e-08 0.00385938
3.88e-08 0.004
3.89e-08 0.00457813
3.9e-08 0.00453125
3.91e-08 0.00304688
3.92e-08 0.000984375
3.93e-08 2.68221e-10
3.94e-08 0.0010625
3.95e-08 0.0031875
3.96e-08 0.00434375
3.97e-08 0.00307813
3.98e-08 2.68221e-10
3.99e-08 -0.00260937
4e-08 -0.00189062
4.01e-08 0.00264063
4.02e-08 0.00732813
4.03e-08 0.008
4.04e-08 0.003375
4.05e-08 -0.00234375
4.06e-08 -0.00421875
4.07e-08 -0.000953125
4.08e-08 0.004
4.09e-08 0.00621875
4.1e-08 0.0051875
4.11e-08 0.00301563
4.12e-08 0.00245313
4.13e-08 0.004
4.14e-08 0.00584375
4.15e-08 0.00545313
4.16e-08 0.0018125
4.17e-08 -0.00246875
4.18e-08 -0.004
4.19e-08 -0.00126562
4.2e-08 0.00270313
4.21e-08 0.0041875
4.22e-08 0.00232813
4.23e-08 2.68221e-10
4.24e-08 0.00028125
4.25e-08 0.00273438
4.26e-08 0.00475
4.27e-08 0.00379688
4.28e-08 2.68221e-10
4.29e-08 -0.00420312
4.3e-08 -0.00523437
4.31e-08 -0.00178125
4.32e-08 0.0028125
4.33e-08 0.004
4.34e-08 0.000109375
4.35e-08 -0.0036875
4.36e-08 -0.00253125
4.37e-08 0.002125
4.38e-08 0.004
4.39e-08 -0.000828125
4.4e-08 -0.00676563
4.41e-08 -0.00701563
4.42e-08 -0.00123437
4.43e-08 0.004
4.44e-08 0.00275
4.45e-08 -0.0020625
4.46e-08 -0.00446875
4.47e-08 -0.00146875
4.48e-08 0.004
4.49e-08 0.00692188
4.5e-08 0.00578125
4.51e-08 0.00209375
4.52e-08 -0.0005
4.53e-08 2.68221e-10
4.54e-08 0.00275
4.55e-08 0.0044375
4.56e-08 0.00248438
4.57e-08 -0.00165625
4.58e-08 -0.004
4.59e-08 -0.00185937
4.6e-08 0.00235938
4.61e-08 0.00454688
4.62e-08 0.00295313
4.63e-08 2.68221e-10
4.64e-08 -0.0010625
4.65e-08 -0.0005
4.66e-08 0.000140625
4.67e-08 7.81253e-05
4.68e-08 2.68221e-10
4.69e-08 0.000625
4.7e-08 0.000578125
4.71e-08 -0.00107812
4.72e-08 -0.00329687
4.73e-08 -0.004
4.74e-08 -0.001875
4.75e-08 0.00204688
4.76e-08 0.0055
4.77e-08 0.006125
4.78e-08 0.004
4.79e-08 0.00090625
4.8e-08 -0.000421875
4.81e-08 0.00103125
4.82e-08 0.00345313
4.83e-08 0.004
4.84e-08 0.00125
4.85e-08 -0.002625
4.86e-08 -0.00454687
4.87e-08 -0.00309375
4.88e-08 2.68221e-10
4.89e-08 0.0018125
4.9e-08 0.00115625
4.91e-08 -0.00128125
4.92e-08 -0.0034375
4.93e-08 -0.004
4.94e-08 -0.00278125
4.95e-08 -0.00084375
4.96e-08 0.000515625
4.97e-08 0.000609375
4.98e-08 2.68221e-10
4.99e-08 -0.000390625
5e-08 -0.00021875
5.01e-08 0.000171875
5.02e-08 0.00028125
5.03e-08 2.68221e-10
5.04e-08 -0.000375
5.05e-08 -0.000265625
5.06e-08 0.00040625
5.07e-08 0.0008125
5.08e-08 2.68221e-10
5.09e-08 -0.00207812
5.1e-08 -0.00379687
5.11e-08 -0.00364062
5.12e-08 -0.0018125
5.13e-08 2.68221e-10
5.14e-08 0.000390625
5.15e-08 3.12503e-05
5.16e-08 0.000296875
5.17e-08 0.00184375
5.18e-08 0.004
5.19e-08 0.00525
5.2e-08 0.00484375
5.21e-08 0.00295313
5.22e-08 0.00096875
5.23e-08 2.68221e-10
5.24e-08 0.000109375
5.25e-08 0.000265625
5.26e-08 -0.00065625
5.27e-08 -0.00248437
5.28e-08 -0.004
5.29e-08 -0.00375
5.3e-08 -0.00157812
5.31e-08 0.00157813
5.32e-08 0.00376563
5.33e-08 0.004
5.34e-08 0.00245313
5.35e-08 0.000609375
5.36e-08 -0.000203125
5.37e-08 2.68221e-10
5.38e-08 2.68221e-10
5.39e-08 -0.000921875
5.4e-08 -0.0008125
5.41e-08 0.00146875
5.42e-08 0.00407813
5.43e-08 0.004
5.44e-08 0.000125
5.45e-08 -0.00353125
5.46e-08 -0.00307812
5.47e-08 0.000921875
5.48e-08 0.004
5.49e-08 0.00239063
5.5e-08 -0.00201562
5.51e-08 -0.005
5.52e-08 -0.0038125
5.53e-08 2.68221e-10
5.54e-08 0.00309375
5.55e-08 0.00423438
5.56e-08 0.00359375
5.57e-08 0.00195313
5.58e-08 2.68221e-10
5.59e-08 -0.00153125
5.6e-08 -0.00109375
5.61e-08 0.00151563
5.62e-08 0.00404688
5.63e-08 0.004
5.64e-08 0.00075
5.65e-08 -0.0029375
5.66e-08 -0.00417187
5.67e-08 -0.0024375
5.68e-08 2.68221e-10
5.69e-08 0.000765625
5.7e-08 0.000234375
5.71e-08 0.000109375
5.72e-08 0.00154688
5.73e-08 0.004
5.74e-08 0.0056875
5.75e-08 0.00514063
5.76e-08 0.00246875
5.77e-08 2.68221e-10
5.78e-08 2.68221e-10
5.79e-08 0.00254688
5.8e-08 0.00432813
5.81e-08 0.0025
5.82e-08 -0.00165625
5.83e-08 -0.004
5.84e-08 -0.00171875
5.85e-08 0.00245313
5.86e-08 0.00442188
5.87e-08 0.00275
5.88e-08 2.68221e-10
5.89e-08 -0.00071875
5.9e-08 -0.000171875
5.91e-08 -0.000375
5.92e-08 -0.00209375
5.93e-08 -0.004
5.94e-08 -0.00401562
5.95e-08 -0.00175
5.96e-08 0.00176563
5.97e-08 0.00409375
5.98e-08 0.004
5.99e-08 0.00182813
6e-08 7.81253e-05
6.01e-08 0.00065625
6.02e-08 0.00284375
6.03e-08 0.004
6.04e-08 0.002375
6.05e-08 0.00034375
6.06e-08 0.0005
6.07e-08 0.00264063
6.08e-08 0.004
6.09e-08 0.0024375
6.1e-08 0.000375
6.11e-08 0.000546875
6.12e-08 0.00276563
6.13e-08 0.004
6.14e-08 0.0016875
6.15e-08 -0.002375
6.16e-08 -0.00478125
6.17e-08 -0.0035
6.18e-08 2.68221e-10
6.19e-08 0.0029375
6.2e-08 0.00415625
6.21e-08 0.00364063
6.22e-08 0.00201563
6.23e-08 2.68221e-10
6.24e-08 -0.00154687
6.25e-08 -0.00109375
6.26e-08 0.00148438
6.27e-08 0.00398438
6.28e-08 0.004
6.29e-08 0.00084375
6.3e-08 -0.002875
6.31e-08 -0.00429687
6.32e-08 -0.00267187
6.33e-08 2.68221e-10
6.34e-08 0.00121875
6.35e-08 0.000640625
6.36e-08 -0.000484375
6.37e-08 -0.000734375
6.38e-08 2.68221e-10
6.39e-08 0.000796875
6.4e-08 0.000625
6.41e-08 -0.00090625
6.42e-08 -0.00285937
6.43e-08 -0.004
6.44e-08 -0.00340625
6.45e-08 -0.00134375
6.46e-08 0.00121875
6.47e-08 0.00304688
6.48e-08 0.004
6.49e-08 0.00432813
6.5e-08 0.00426563
6.51e-08 0.003625
6.52e-08 0.00220313
6.53e-08 2.68221e-10
6.54e-08 -0.00248437
6.55e-08 -0.00396875
6.56e-08 -0.00360937
6.57e-08 -0.00182812
6.58e-08 2.68221e-10
6.59e-08 0.000609375
6.6e-08 0.00028125
6.61e-08 -0.000125
6.62e-08 -0.000109375
6.63e-08 2.68221e-10
6.64e-08 -0.000109375
6.65e-08 -0.000109375
6.66e-08 0.00021875
6.67e-08 0.000484375
6.68e-08 2.68221e-10
6.69e-08 -0.00154687
6.7e-08 -0.00340625
6.71e-08 -0.00429687
6.72e-08 -0.00309375
6.73e-08 2.68221e-10
6.74e-08 0.00340625
6.75e-08 0.0046875
6.76e-08 0.00253125
6.77e-08 -0.001375
6.78e-08 -0.004
6.79e-08 -0.00345312
6.8e-08 -0.00115625
6.81e-08 0.000609375
6.82e-08 0.000640625
6.83e-08 2.68221e-10
6.84e-08 9.37503e-05
6.85e-08 0.000265625
6.86e-08 -0.000734375
6.87e-08 -0.00267187
6.88e-08 -0.004
6.89e-08 -0.00328125
6.9e-08 -0.00121875
6.91e-08 0.00096875
6.92e-08 0.0025625
6.93e-08 0.004
6.94e-08 0.00535938
6.95e-08 0.005125
6.96e-08 0.00220313
6.97e-08 -0.00175
6.98e-08 -0.004
6.99e-08 -0.00303125
7e-08 -0.00084375
7.01e-08 0.00015625
7.02e-08 -0.00025
7.03e-08 2.68221e-10
7.04e-08 0.002125
7.05e-08 0.004
7.06e-08 0.00307813
7.07e-08 -0.0005
7.08e-08 -0.004
7.09e-08 -0.0044375
7.1e-08 -0.0018125
7.11e-08 0.0015625
7.12e-08 0.0025
7.13e-08 2.68221e-10
7.14e-08 -0.00446875
7.15e-08 -0.00771875
7.16e-08 -0.00732813
7.17e-08 -0.00378125
7.18e-08 2.68221e-10
7.19e-08 0.00145313
7.2e-08 0.00071875
7.21e-08 -0.000484375
7.22e-08 -0.0006875
7.23e-08 2.68221e-10
7.24e-08 0.0004375
7.25e-08 0.00025
7.26e-08 -0.000265625
7.27e-08 -0.000453125
7.28e-08 2.68221e-10
7.29e-08 0.000671875
7.3e-08 0.000578125
7.31e-08 -0.000953125
7.32e-08 -0.00298437
7.33e-08 -0.004
7.34e-08 -0.00298437
7.35e-08 -0.000953125
7.36e-08 0.000578125
7.37e-08 0.000671875
7.38e-08 2.68221e-10
7.39e-08 -0.000390625
7.4e-08 -0.00021875
7.41e-08 0.000171875
7.42e-08 0.00028125
7.43e-08 2.68221e-10
7.44e-08 -0.000375
7.45e-08 -0.000265625
7.46e-08 0.00040625
7.47e-08 0.0008125
7.48e-08 2.68221e-10
7.49e-08 -0.00214062
7.5e-08 -0.00384375
7.51e-08 -0.00353125
7.52e-08 -0.00159375
7.53e-08 2.68221e-10
7.54e-08 -6.24997e-05
7.55e-08 -0.0003125
7.56e-08 0.000875
7.57e-08 0.003
7.58e-08 0.004
7.59e-08 0.00245313
7.6e-08 0.0004375
7.61e-08 0.0003125
7.62e-08 0.00225
7.63e-08 0.004
7.64e-08 0.00325
7.65e-08 0.0010625
7.66e-08 -0.000609375
7.67e-08 -0.000671875
7.68e-08 2.68221e-10
7.69e-08 1.56253e-05
7.7e-08 -9.37497e-05
7.71e-08 0.000390625
7.72e-08 0.000890625
7.73e-08 2.68221e-10
7.74e-08 -0.00251562
7.75e-08 -0.00414062
7.76e-08 -0.00301562
7.77e-08 -0.0005625
7.78e-08 2.68221e-10
7.79e-08 -0.00264062
7.8e-08 -0.0045625
7.81e-08 -0.00198437
7.82e-08 0.003875
7.83e-08 0.008
7.84e-08 0.00642188
7.85e-08 0.002
7.86e-08 -0.000890625
7.87e-08 -0.000640625
7.88e-08 2.68221e-10
7.89e-08 -0.00179687
7.9e-08 -0.00385937
7.91e-08 -0.0030625
7.92e-08 0.000625
7.93e-08 0.004
7.94e-08 0.00389063
7.95e-08 0.00139063
7.96e-08 -0.000828125
7.97e-08 -0.00103125
7.98e-08 2.68221e-10
7.99e-08 0.00096875
8e-08 0.00270313
8.01e-08 0.00565625
8.02e-08 0.00814063
8.03e-08 0.008
8.04e-08 0.00445313
8.05e-08 0.00084375
8.06e-08 0.000171875
8.07e-08 0.00226563
8.08e-08 0.004
8.09e-08 0.0028125
8.1e-08 0.000625
8.11e-08 0.00015625
8.12e-08 0.00201563
8.13e-08 0.004
8.14e-08 0.003625
8.15e-08 0.0013125
8.16e-08 -0.000953125
8.17e-08 -0.0013125
8.18e-08 2.68221e-10
8.19e-08 0.001375
8.2e-08 0.001
8.21e-08 -0.0014375
8.22e-08 -0.00389062
8.23e-08 -0.004
8.24e-08 -0.000890625
8.25e-08 0.00284375
8.26e-08 0.00425
8.27e-08 0.0025625
8.28e-08 2.68221e-10
8.29e-08 -0.000875
8.3e-08 -0.000390625
8.31e-08 4.68753e-05
8.32e-08 -0.000140625
8.33e-08 2.68221e-10
8.34e-08 0.00140625
8.35e-08 0.00326563
8.36e-08 0.00432813
8.37e-08 0.00426563
8.38e-08 0.004
8.39e-08 0.00420313
8.4e-08 0.00428125
8.41e-08 0.003375
8.42e-08 0.00160938
8.43e-08 2.68221e-10
8.44e-08 -0.00053125
8.45e-08 -0.00025
8.46e-08 0.000109375
8.47e-08 0.000125
8.48e-08 2.68221e-10
8.49e-08 0.000125
8.5e-08 0.000109375
8.51e-08 -0.00021875
8.52e-08 -0.00046875
8.53e-08 2.68221e-10
8.54e-08 0.00142188
8.55e-08 0.00321875
8.56e-08 0.0045625
8.57e-08 0.00475
8.58e-08 0.004
8.59e-08 0.00314063
8.6e-08 0.00342188
8.61e-08 0.00478125
8.62e-08 0.00554688
8.63e-08 0.004
8.64e-08 -1.56247e-05
8.65e-08 -0.00348437
8.66e-08 -0.00348437
8.67e-08 -1.56247e-05
8.68e-08 0.004
8.69e-08 0.0055625
8.7e-08 0.004875
8.71e-08 0.00334375
8.72e-08 0.00190625
8.73e-08 2.68221e-10
8.74e-08 -0.00276562
8.75e-08 -0.00434375
8.76e-08 -0.0028125
8.77e-08 0.000890625
8.78e-08 0.004
8.79e-08 0.00451563
8.8e-08 0.0040625
8.81e-08 0.0045
8.82e-08 0.00525
8.83e-08 0.004
8.84e-08 -0.000296875
8.85e-08 -0.00375
8.86e-08 -0.002875
8.87e-08 0.00125
8.88e-08 0.004
8.89e-08 0.00232813
8.9e-08 4.68753e-05
8.91e-08 0.001375
8.92e-08 0.00565625
8.93e-08 0.008
8.94e-08 0.00451563
8.95e-08 -0.00157812
8.96e-08 -0.00504687
8.97e-08 -0.00353125
8.98e-08 2.68221e-10
8.99e-08 0.00142188
9e-08 0.000703125
9.01e-08 -0.00034375
9.02e-08 -0.000390625
9.03e-08 2.68221e-10
9.04e-08 -0.0001875
9.05e-08 -0.000203125
9.06e-08 0.000484375
9.07e-08 0.00103125
9.08e-08 2.68221e-10
9.09e-08 -0.00260937
9.1e-08 -0.00428125
9.11e-08 -0.002875
9.12e-08 0.00084375
9.13e-08 0.004
9.14e-08 0.00404688
9.15e-08 0.00154688
9.16e-08 -0.0011875
9.17e-08 -0.00175
9.18e-08 2.68221e-10
9.19e-08 0.00246875
9.2e-08 0.00396875
9.21e-08 0.00360938
9.22e-08 0.00184375
9.23e-08 2.68221e-10
9.24e-08 -0.00084375
9.25e-08 -0.00046875
9.26e-08 0.000390625
9.27e-08 0.000640625
9.28e-08 2.68221e-10
9.29e-08 -0.000890625
9.3e-08 -0.000703125
9.31e-08 0.0010625
9.32e-08 0.0031875
9.33e-08 0.004
9.34e-08 0.00267188
9.35e-08 0.0006875
9.36e-08 -0.00015625
9.37e-08 0.000203125
9.38e-08 2.68221e-10
9.39e-08 -0.0019375
9.4e-08 -0.00378125
9.41e-08 -0.0034375
9.42e-08 -0.00134375
9.43e-08 2.68221e-10
9.44e-08 -0.0008125
9.45e-08 -0.000953125
9.46e-08 0.00192188
9.47e-08 0.0061875
9.48e-08 0.008
9.49e-08 0.00504688
9.5e-08 0.001
9.51e-08 0.000328125
9.52e-08 0.00389063
9.53e-08 0.008
9.54e-08 0.00798438
9.55e-08 0.003375
9.56e-08 -0.00326562
9.57e-08 -0.00760938
9.58e-08 -0.008
9.59e-08 -0.0051875
9.6e-08 -0.0015
9.61e-08 0.00096875
9.62e-08 0.001125
9.63e-08 2.68221e-10
9.64e-08 -0.0006875
9.65e-08 -0.00040625
9.66e-08 0.000390625
9.67e-08 0.000671875
9.68e-08 2.68221e-10
9.69e-08 -0.000953125
9.7e-08 -0.00075
9.71e-08 0.00114063
9.72e-08 0.003375
9.73e-08 0.004
9.74e-08 0.00210938
9.75e-08 0.00021875
9.76e-08 0.000578125
9.77e-08 0.00271875
9.78e-08 0.004
9.79e-08 0.00246875
9.8e-08 0.00040625
9.81e-08 0.000453125
9.82e-08 0.00259375
9.83e-08 0.004
9.84e-08 0.0020625
9.85e-08 -0.00201562
9.86e-08 -0.00540625
9.87e-08 -0.00585938
9.88e-08 -0.004
9.89e-08 -0.00170312
9.9e-08 -0.000265625
9.91e-08 6.25003e-05
9.92e-08 -0.000125
9.93e-08 2.68221e-10
9.94e-08 0.000609375
9.95e-08 0.000546875
9.96e-08 -0.00096875
9.97e-08 -0.0030625
9.98e-08 -0.004
9.99e-08 -0.00279687
1e-07 -0.000796875
1.001e-07 0.0003125
1.002e-07 0.000125
1.003e-07 2.68221e-10
1.004e-07 0.00120313
1.005e-07 0.00320313
1.006e-07 0.00440625
1.007e-07 0.00326563
1.008e-07 2.68221e-10
1.009e-07 -0.003625
1.01e-07 -0.00482812
1.011e-07 -0.00235937
1.012e-07 0.0016875
1.013e-07 0.004
1.014e-07 0.00276563
1.015e-07 0.000546875
1.016e-07 0.000375
1.017e-07 0.0024375
1.018e-07 0.004
1.019e-07 0.00259375
1.02e-07 0.00046875
1.021e-07 0.000421875
1.022e-07 0.00253125
1.023e-07 0.004
1.024e-07 0.00253125
1.025e-07 0.0004375
1.026e-07 0.000453125
1.027e-07 0.00259375
1.028e-07 0.004
1.029e-07 0.002
1.03e-07 -0.0020625
1.031e-07 -0.00526562
1.032e-07 -0.00557812
1.033e-07 -0.004
1.034e-07 -0.00228125
1.035e-07 -0.000703125
1.036e-07 0.00078125
1.037e-07 0.0013125
1.038e-07 2.68221e-10
1.039e-07 -0.00279687
1.04e-07 -0.004375
1.041e-07 -0.00276562
1.042e-07 0.00101563
1.043e-07 0.004
1.044e-07 0.003875
1.045e-07 0.0014375
1.046e-07 -0.0010625
1.047e-07 -0.00146875
1.048e-07 2.68221e-10
1.049e-07 0.00140625
1.05e-07 0.001
1.051e-07 -0.001375
1.052e-07 -0.00373437
1.053e-07 -0.004
1.054e-07 -0.00139062
1.055e-07 0.00246875
1.056e-07 0.004875
1.057e-07 0.0038125
1.058e-07 2.68221e-10
1.059e-07 -0.00390625
1.06e-07 -0.00496875
1.061e-07 -0.00229687
1.062e-07 0.00176563
1.063e-07 0.004
1.064e-07 0.00284375
1.065e-07 0.000625
1.066e-07 0.000171875
1.067e-07 0.00204688
1.068e-07 0.004
1.069e-07 0.00340625
1.07e-07 0.00114063
1.071e-07 -0.000625
1.072e-07 -0.00065625
1.073e-07 2.68221e-10
1.074e-07 -0.000109375
1.075e-07 -0.0001875
1.076e-07 0.000515625
1.077e-07 0.00109375
1.078e-07 2.68221e-10
1.079e-07 -0.00285937
1.08e-07 -0.00448437
1.081e-07 -0.0024375
1.082e-07 0.00171875
1.083e-07 0.004
1.084e-07 0.00171875
1.085e-07 -0.00245312
1.086e-07 -0.00446875
1.087e-07 -0.00285937
1.088e-07 2.68221e-10
1.089e-07 0.00135938
1.09e-07 0.0028125
1.091e-07 0.00589063
1.092e-07 0.00875
1.093e-07 0.008
1.094e-07 0.00225
1.095e-07 -0.00307812
1.096e-07 -0.00315625
1.097e-07 0.00114063
1.098e-07 0.004
1.099e-07 0.00128125
1.1e-07 -0.00295312
1.101e-07 -0.00339062
1.102e-07 0.000546875
1.103e-07 0.004
1.104e-07 0.00235938
1.105e-07 -0.00210937
1.106e-07 -0.00470312
1.107e-07 -0.00317187
1.108e-07 2.68221e-10
1.109e-07 0.00135938
1.11e-07 0.0006875
1.111e-07 -0.00046875
1.112e-07 -0.00065625
1.113e-07 2.68221e-10
1.114e-07 0.00046875
1.115e-07 0.000296875
1.116e-07 -0.000390625
1.117e-07 -0.000734375
1.118e-07 2.68221e-10
1.119e-07 0.00192188
1.12e-07 0.00367188
1.121e-07 0.00379688
1.122e-07 0.00217188
1.123e-07 2.68221e-10
1.124e-07 -0.00159375
1.125e-07 -0.0031875
1.126e-07 -0.00503125
1.127e-07 -0.00585938
1.128e-07 -0.004
1.129e-07 0.000859375
1.13e-07 0.0061875
1.131e-07 0.00884375
1.132e-07 0.00745313
1.133e-07 0.004
1.134e-07 0.00110938
1.135e-07 -4.68747e-05
1.136e-07 0.000140625
1.137e-07 0.000453125
1.138e-07 2.68221e-10
1.139e-07 -0.00140625
1.14e-07 -0.00321875
1.141e-07 -0.00460937
1.142e-07 -0.00485937
1.143e-07 -0.004
1.144e-07 -0.00248437
1.145e-07 -0.000765625
1.146e-07 0.00071875
1.147e-07 0.001125
1.148e-07 2.68221e-10
1.149e-07 -0.00217187
1.15e-07 -0.00382812
1.151e-07 -0.00370312
1.152e-07 -0.00196875
1.153e-07 2.68221e-10
1.154e-07 0.000828125
1.155e-07 0.000453125
1.156e-07 -0.00040625
1.157e-07 -0.00065625
1.158e-07 2.68221e-10
1.159e-07 0.000875
1.16e-07 0.0006875
1.161e-07 -0.00107812
1.162e-07 -0.00320312
1.163e-07 -0.004
1.164e-07 -0.00273437
1.165e-07 -0.000765625
1.166e-07 0.000296875
1.167e-07 0.000125
1.168e-07 2.68221e-10
1.169e-07 0.00114063
1.17e-07 0.00317188
1.171e-07 0.00448438
1.172e-07 0.00342188
1.173e-07 2.68221e-10
1.174e-07 -0.0039375
1.175e-07 -0.00504687
1.176e-07 -0.00204687
1.177e-07 0.00232813
1.178e-07 0.004
1.179e-07 0.0010625
1.18e-07 -0.00298437
1.181e-07 -0.00370312
1.182e-07 -0.000203125
1.183e-07 0.004
1.184e-07 0.00470313
1.185e-07 0.00198438
1.186e-07 -0.001625
1.187e-07 -0.003625
1.188e-07 -0.004
1.189e-07 -0.003625
1.19e-07 -0.001625
1.191e-07 0.00198438
1.192e-07 0.00470313
1.193e-07 0.004
1.194e-07 -0.000203125
1.195e-07 -0.00370312
1.196e-07 -0.00298437
1.197e-07 0.0010625
1.198e-07 0.004
1.199e-07 0.00228125
1.2e-07 -0.00209375
1.201e-07 -0.00495312
1.202e-07 -0.00371875
1.203e-07 2.68221e-10
1.204e-07 0.00292188
1.205e-07 0.00410938
1.206e-07 0.00379688
1.207e-07 0.00239063
1.208e-07 2.68221e-10
1.209e-07 -0.00295312
1.21e-07 -0.00432812
1.211e-07 -0.003
1.212e-07 -0.000609375
1.213e-07 2.68221e-10
1.214e-07 -0.00214062
1.215e-07 -0.004
1.216e-07 -0.00296875
1.217e-07 -0.000328125
1.218e-07 2.68221e-10
1.219e-07 -0.00389062
1.22e-07 -0.0076875
1.221e-07 -0.00665625
1.222e-07 -0.00109375
1.223e-07 0.004
1.224e-07 0.00410938
1.225e-07 0.00129688
1.226e-07 -0.000328125
1.227e-07 0.00129688
1.228e-07 0.004
1.229e-07 0.00434375
1.23e-07 0.00189063
1.231e-07 -0.00179687
1.232e-07 -0.0040625
1.233e-07 -0.004
1.234e-07 -0.00228125
1.235e-07 -0.000515625
1.236e-07 6.25003e-05
1.237e-07 -0.000296875
1.238e-07 2.68221e-10
1.239e-07 0.00184375
1.24e-07 0.0036875
1.241e-07 0.003625
1.242e-07 0.00173438
1.243e-07 2.68221e-10
1.244e-07 -6.24997e-05
1.245e-07 0.00021875
1.246e-07 -0.0008125
1.247e-07 -0.00285937
1.248e-07 -0.004
1.249e-07 -0.00282812
1.25e-07 -0.00071875
1.251e-07 0.000125
1.252e-07 -0.00134375
1.253e-07 -0.004
1.254e-07 -0.005625
1.255e-07 -0.00507812
1.256e-07 -0.00267187
1.257e-07 -0.000421875
1.258e-07 2.68221e-10
1.259e-07 -0.0016875
1.26e-07 -0.00359375
1.261e-07 -0.0038125
1.262e-07 -0.00207812
1.263e-07 2.68221e-10
1.264e-07 0.000671875
1.265e-07 0.000296875
1.266e-07 -6.24997e-05
1.267e-07 4.68753e-05
1.268e-07 2.68221e-10
1.269e-07 -0.00110937
1.27e-07 -0.00303125
1.271e-07 -0.00482812
1.272e-07 -0.00525
1.273e-07 -0.004
1.274e-07 -0.00171875
1.275e-07 -0.0001875
1.276e-07 -0.00034375
1.277e-07 -0.00101562
1.278e-07 2.68221e-10
1.279e-07 0.0030625
1.28e-07 0.00464063
1.281e-07 0.002125
1.282e-07 -0.00234375
1.283e-07 -0.004
1.284e-07 -0.00046875
1.285e-07 0.00353125
1.286e-07 0.0026875
1.287e-07 -0.0029375
1.288e-07 -0.008
1.289e-07 -0.00735938
1.29e-07 -0.002625
1.291e-07 0.00170313
1.292e-07 0.0021875
1.293e-07 2.68221e-10
1.294e-07 -0.001625
1.295e-07 -0.00107812
1.296e-07 0.00126563
1.297e-07 0.00346875
1.298e-07 0.004
1.299e-07 0.00248438
1.3e-07 0.00059375
1.301e-07 -9.37497e-05
1.302e-07 0.000296875
1.303e-07 2.68221e-10
1.304e-07 -0.00217187
1.305e-07 -0.00392187
1.306e-07 -0.00329687
1.307e-07 -0.0010625
1.308e-07 2.68221e-10
1.309e-07 -0.00184375
1.31e-07 -0.00392187
1.311e-07 -0.00301562
1.312e-07 0.00071875
1.313e-07 0.004
1.314e-07 0.00375
1.315e-07 -0.000984375
1.316e-07 -0.00595313
1.317e-07 -0.00903125
1.318e-07 -0.012
1.319e-07 -0.01175
1.32e-07 -0.00995313
1.321e-07 -0.00470312
1.322e-07 0.000109375
1.323e-07 2.68221e-10
1.324e-07 0.00120313
1.325e-07 0.014875
1.326e-07 0.0548906
1.327e-07 0.115969
1.328e-07 0.184
1.329e-07 0.239047
1.33e-07 0.275
1.331e-07 0.288813
1.332e-07 0.285328
1.333e-07 0.276
1.334e-07 0.259938
1.335e-07 0.248391
1.336e-07 0.239031
1.337e-07 0.230156
1.338e-07 0.22
1.339e-07 0.199859
1.34e-07 0.172906
1.341e-07 0.137672
1.342e-07 0.101203
1.343e-07 0.068
1.344e-07 0.0409844
1.345e-07 0.0199688
1.346e-07 0.00515625
1.347e-07 -0.00210937
1.348e-07 -0.004
1.349e-07 -0.000609375
1.35e-07 0.00125
1.351e-07 -0.0025
1.352e-07 -0.01175
1.353e-07 -0.024
1.354e-07 -0.0344531
1.355e-07 -0.0454219
1.356e-07 -0.0592813
1.357e-07 -0.0741719
1.358e-07 -0.088
1.359e-07 -0.0970781
1.36e-07 -0.102203
1.361e-07 -0.105891
1.362e-07 -0.110156
1.363e-07 -0.116
1.364e-07 -0.121219
1.365e-07 -0.125984
1.366e-07 -0.1295
1.367e-07 -0.132156
1.368e-07 -0.136
1.369e-07 -0.140125
1.37e-07 -0.145438
1.371e-07 -0.150016
1.372e-07 -0.152047
1.373e-07 -0.152
1.374e-07 -0.149328
1.375e-07 -0.145984
1.376e-07 -0.141875
1.377e-07 -0.137266
1.378e-07 -0.132
1.379e-07 -0.125422
1.38e-07 -0.118938
1.381e-07 -0.113359
1.382e-07 -0.109859
1.383e-07 -0.108
1.384e-07 -0.106641
1.385e-07 -0.105016
1.386e-07 -0.102875
1.387e-07 -0.101031
1.388e-07 -0.1
1.389e-07 -0.0995156
1.39e-07 -0.0979063
1.391e-07 -0.0934219
1.392e-07 -0.0868594
1.393e-07 -0.08
1.394e-07 -0.0743281
1.395e-07 -0.0700469
1.396e-07 -0.0657813
1.397e-07 -0.0610938
1.398e-07 -0.056
1.399e-07 -0.0514375
1.4e-07 -0.0487813
1.401e-07 -0.0474844
1.402e-07 -0.045375
1.403e-07 -0.04
1.404e-07 -0.0313125
1.405e-07 -0.023
1.406e-07 -0.0182188
1.407e-07 -0.0172031
1.408e-07 -0.016
1.409e-07 -0.0111875
1.41e-07 -0.00390625
1.411e-07 0.0033125
1.412e-07 0.0081875
1.413e-07 0.012
1.414e-07 0.0165938
1.415e-07 0.0215
1.416e-07 0.0262031
1.417e-07 0.0305625
1.418e-07 0.036
1.419e-07 0.04275
1.42e-07 0.0492656
1.421e-07 0.0540781
1.422e-07 0.0569063
1.423e-07 0.06
1.424e-07 0.0646875
1.425e-07 0.0718594
1.426e-07 0.0799219
1.427e-07 0.0855938
1.428e-07 0.088
1.429e-07 0.0871406
1.43e-07 0.0870625
1.431e-07 0.0895625
1.432e-07 0.0934375
1.433e-07 0.096
1.434e-07 0.0939219
1.435e-07 0.089875
1.436e-07 0.0866719
1.437e-07 0.0863438
1.438e-07 0.088
1.439e-07 0.0880938
1.44e-07 0.0860313
1.441e-07 0.0815469
1.442e-07 0.076375
1.443e-07 0.072
1.444e-07 0.0684063
1.445e-07 0.0655156
1.446e-07 0.0622188
1.447e-07 0.0588438
1.448e-07 0.056
1.449e-07 0.0535938
1.45e-07 0.0504375
1.451e-07 0.0449219
1.452e-07 0.0381563
1.453e-07 0.032
1.454e-07 0.0279844
1.455e-07 0.0254063
1.456e-07 0.0221719
1.457e-07 0.0175625
1.458e-07 0.012
1.459e-07 0.00690625
1.46e-07 0.00223438
1.461e-07 -0.00223437
1.462e-07 -0.00570313
1.463e-07 -0.008
1.464e-07 -0.00942188
1.465e-07 -0.0129219
1.466e-07 -0.0198438
1.467e-07 -0.027375
1.468e-07 -0.032
1.469e-07 -0.0313281
1.47e-07 -0.0287344
1.471e-07 -0.0282656
1.472e-07 -0.0313594
1.473e-07 -0.036
1.474e-07 -0.0387344
1.475e-07 -0.03975
1.476e-07 -0.0404844
1.477e-07 -0.0419844
1.478e-07 -0.044
1.479e-07 -0.0450469
1.48e-07 -0.044625
1.481e-07 -0.0432813
1.482e-07 -0.042625
1.483e-07 -0.044
1.484e-07 -0.0472813
1.485e-07 -0.0507813
1.486e-07 -0.0525781
1.487e-07 -0.052375
1.488e-07 -0.052
1.489e-07 -0.0528125
1.49e-07 -0.0549063
1.491e-07 -0.0567656
1.492e-07 -0.0570313
1.493e-07 -0.056
1.494e-07 -0.0541406
1.495e-07 -0.0526563
1.496e-07 -0.0512969
1.497e-07 -0.0498281
1.498e-07 -0.048
1.499e-07 -0.0451719
1.5e-07 -0.0417656
1.501e-07 -0.0382813
1.502e-07 -0.0362188
1.503e-07 -0.036
1.504e-07 -0.0362656
1.505e-07 -0.0344063
1.506e-07 -0.0286875
1.507e-07 -0.0213906
1.508e-07 -0.016
1.509e-07 -0.0147656
1.51e-07 -0.01575
1.511e-07 -0.0154844
1.512e-07 -0.0124844
1.513e-07 -0.008
1.514e-07 -0.00432812
1.515e-07 -0.00145312
1.516e-07 0.0016875
1.517e-07 0.00504688
1.518e-07 0.008
1.519e-07 0.00971875
1.52e-07 0.0110625
1.521e-07 0.0131875
1.522e-07 0.0162656
1.523e-07 0.02
1.524e-07 0.0234531
1.525e-07 0.0265156
1.526e-07 0.0294063
1.527e-07 0.0324063
1.528e-07 0.036
1.529e-07 0.0391719
1.53e-07 0.0404219
1.531e-07 0.038875
1.532e-07 0.0364063
1.533e-07 0.036
1.534e-07 0.0386875
1.535e-07 0.0425156
1.536e-07 0.0445625
1.537e-07 0.0442188
1.538e-07 0.044
1.539e-07 0.0454688
1.54e-07 0.0474844
1.541e-07 0.0477344
1.542e-07 0.045875
1.543e-07 0.044
1.544e-07 0.0435938
1.545e-07 0.0440938
1.546e-07 0.0432813
1.547e-07 0.0402031
1.548e-07 0.036
1.549e-07 0.0324844
1.55e-07 0.0314531
1.551e-07 0.0329063
1.552e-07 0.0351094
1.553e-07 0.036
1.554e-07 0.0342031
1.555e-07 0.030375
1.556e-07 0.0257188
1.557e-07 0.0221563
1.558e-07 0.02
1.559e-07 0.0184688
1.56e-07 0.0169219
1.561e-07 0.0149375
1.562e-07 0.0131406
1.563e-07 0.012
1.564e-07 0.0112656
1.565e-07 0.009625
1.566e-07 0.00584375
1.567e-07 0.000765625
1.568e-07 -0.004
1.569e-07 -0.00678125
1.57e-07 -0.00779688
1.571e-07 -0.0083125
1.572e-07 -0.00957813
1.573e-07 -0.012
1.574e-07 -0.0144844
1.575e-07 -0.015875
1.576e-07 -0.0157656
1.577e-07 -0.0152344
1.578e-07 -0.016
1.579e-07 -0.0186563
1.58e-07 -0.0223594
1.581e-07 -0.0251719
1.582e-07 -0.0255156
1.583e-07 -0.024
1.584e-07 -0.0224531
1.585e-07 -0.0228125
1.586e-07 -0.0256563
1.587e-07 -0.0293906
1.588e-07 -0.032
1.589e-07 -0.0319219
1.59e-07 -0.0295469
1.591e-07 -0.0266094
1.592e-07 -0.0257656
1.593e-07 -0.028
1.594e-07 -0.0320469
1.595e-07 -0.0353438
1.596e-07 -0.0358594
1.597e-07 -0.0339531
1.598e-07 -0.032
1.599e-07 -0.0315
1.6e-07 -0.0319375
1.601e-07 -0.0315781
1.602e-07 -0.0298906
1.603e-07 -0.028
1.604e-07 -0.0272188
1.605e-07 -0.0277031
1.606e-07 -0.0280625
1.607e-07 -0.0268906
1.608e-07 -0.024
1.609e-07 -0.020125
1.61e-07 -0.0169531
1.611e-07 -0.0155156
1.612e-07 -0.0157031
1.613e-07 -0.016
1.614e-07 -0.0151094
1.615e-07 -0.0131875
1.616e-07 -0.0109219
1.617e-07 -0.00923438
1.618e-07 -0.008
1.619e-07 -0.00670313
1.62e-07 -0.00501562
1.621e-07 -0.00298437
1.622e-07 -0.00128125
1.623e-07 2.68221e-10
1.624e-07 0.00104688
1.625e-07 0.0026875
1.626e-07 0.00559375
1.627e-07 0.00904688
1.628e-07 0.012
1.629e-07 0.0131875
1.63e-07 0.0126563
1.631e-07 0.0113125
1.632e-07 0.0107813
1.633e-07 0.012
1.634e-07 0.0147344
1.635e-07 0.0182813
1.636e-07 0.0214219
1.637e-07 0.0231875
1.638e-07 0.024
1.639e-07 0.0242344
1.64e-07 0.0241406
1.641e-07 0.0237188
1.642e-07 0.0234531
1.643e-07 0.024
1.644e-07 0.0249531
1.645e-07 0.0247969
1.646e-07 0.0226406
1.647e-07 0.0202031
1.648e-07 0.02
1.649e-07 0.0228906
1.65e-07 0.0267031
1.651e-07 0.0284375
1.652e-07 0.0269063
1.653e-07 0.024
1.654e-07 0.02225
1.655e-07 0.0229688
1.656e-07 0.0250781
1.657e-07 0.0259688
1.658e-07 0.024
1.659e-07 0.0196719
1.66e-07 0.0164219
1.661e-07 0.0165469
1.662e-07 0.0189219
1.663e-07 0.02
1.664e-07 0.0172813
1.665e-07 0.0133281
1.666e-07 0.0117031
1.667e-07 0.0134844
1.668e-07 0.016
1.669e-07 0.015875
1.67e-07 0.0135313
1.671e-07 0.0107969
1.672e-07 0.00915625
1.673e-07 0.008
1.674e-07 0.00620313
1.675e-07 0.00460938
1.676e-07 0.00364063
1.677e-07 0.0025625
1.678e-07 2.68221e-10
1.679e-07 -0.00414062
1.68e-07 -0.00740625
1.681e-07 -0.00775
1.682e-07 -0.00567188
1.683e-07 -0.004
1.684e-07 -0.00515625
1.685e-07 -0.00934375
1.686e-07 -0.0144531
1.687e-07 -0.0170156
1.688e-07 -0.016
1.689e-07 -0.0127813
1.69e-07 -0.0112969
1.691e-07 -0.0137344
1.692e-07 -0.0180156
1.693e-07 -0.02
1.694e-07 -0.0171719
1.695e-07 -0.0130938
1.696e-07 -0.01225
1.697e-07 -0.0156875
1.698e-07 -0.02
1.699e-07 -0.0212344
1.7e-07 -0.0205
1.701e-07 -0.0200781
1.702e-07 -0.0205
1.703e-07 -0.02
1.704e-07 -0.016875
1.705e-07 -0.0131875
1.706e-07 -0.0116719
1.707e-07 -0.0132813
1.708e-07 -0.016
1.709e-07 -0.0172656
1.71e-07 -0.0167813
1.711e-07 -0.01525
1.712e-07 -0.0135781
1.713e-07 -0.012
1.714e-07 -0.0106875
1.715e-07 -0.0110313
1.716e-07 -0.0134375
1.717e-07 -0.0159219
1.718e-07 -0.016
1.719e-07 -0.0127813
1.72e-07 -0.00915625
1.721e-07 -0.00775
1.722e-07 -0.008375
1.723e-07 -0.008
1.724e-07 -0.0046875
1.725e-07 -0.001
1.726e-07 -6.24997e-05
1.727e-07 -0.00207812
1.728e-07 -0.004
1.729e-07 -0.00314062
1.73e-07 -0.00084375
1.731e-07 0.000109375
1.732e-07 -0.00151562
1.733e-07 -0.004
1.734e-07 -0.00470312
1.735e-07 -0.00229687
1.736e-07 0.00254688
1.737e-07 0.00670313
1.738e-07 0.008
1.739e-07 0.0063125
1.74e-07 0.0043125
1.741e-07 0.0045
1.742e-07 0.00660938
1.743e-07 0.008
1.744e-07 0.00654688
1.745e-07 0.00435938
1.746e-07 0.00454688
1.747e-07 0.00784375
1.748e-07 0.012
1.749e-07 0.0142813
1.75e-07 0.0155156
1.751e-07 0.0168125
1.752e-07 0.0175313
1.753e-07 0.016
1.754e-07 0.0116094
1.755e-07 0.00821875
1.756e-07 0.00904688
1.757e-07 0.0130625
1.758e-07 0.016
1.759e-07 0.0146875
1.76e-07 0.0124063
1.761e-07 0.0127969
1.762e-07 0.0153594
1.763e-07 0.016
1.764e-07 0.0120938
1.765e-07 0.00835938
1.766e-07 0.00934375
1.767e-07 0.0138594
1.768e-07 0.016
1.769e-07 0.0116563
1.77e-07 0.00560938
1.771e-07 0.0043125
1.772e-07 0.00940625
1.773e-07 0.016
1.774e-07 0.0178906
1.775e-07 0.0147656
1.776e-07 0.00946875
1.777e-07 0.00567188
1.778e-07 0.004
1.779e-07 0.0033125
1.78e-07 0.00359375
1.781e-07 0.00453125
1.782e-07 0.00501563
1.783e-07 0.004
1.784e-07 0.00165625
1.785e-07 0.000109375
1.786e-07 0.000453125
1.787e-07 0.00126563
1.788e-07 2.68221e-10
1.789e-07 -0.00407812
1.79e-07 -0.00757813
1.791e-07 -0.0071875
1.792e-07 -0.00335937
1.793e-07 2.68221e-10
1.794e-07 -0.000359375
1.795e-07 -0.00282812
1.796e-07 -0.00440625
1.797e-07 -0.0040625
1.798e-07 -0.004
1.799e-07 -0.00645313
1.8e-07 -0.0102969
1.801e-07 -0.0130781
1.802e-07 -0.0132969
1.803e-07 -0.012
1.804e-07 -0.0106563
1.805e-07 -0.00904688
1.806e-07 -0.0066875
1.807e-07 -0.00453125
1.808e-07 -0.004
1.809e-07 -0.00565625
1.81e-07 -0.00751563
1.811e-07 -0.00790625
1.812e-07 -0.00735938
1.813e-07 -0.008
1.814e-07 -0.0105938
1.815e-07 -0.0123281
1.816e-07 -0.0106406
1.817e-07 -0.006625
1.818e-07 -0.004
1.819e-07 -0.00570313
1.82e-07 -0.0100469
1.821e-07 -0.0131094
1.822e-07 -0.0121094
1.823e-07 -0.008
1.824e-07 -0.0035
1.825e-07 -0.000515625
1.826e-07 6.25003e-05
1.827e-07 -0.00146875
1.828e-07 -0.004
1.829e-07 -0.00646875
1.83e-07 -0.00790625
1.831e-07 -0.00784375
1.832e-07 -0.00635938
1.833e-07 -0.004
1.834e-07 -0.00154687
1.835e-07 -7.81247e-05
1.836e-07 -0.000296875
1.837e-07 -0.00198437
1.838e-07 -0.004
1.839e-07 -0.00515625
1.84e-07 -0.00479687
1.841e-07 -0.00301562
1.842e-07 -0.00104687
1.843e-07 2.68221e-10
1.844e-07 -9.37497e-05
1.845e-07 -0.00025
1.846e-07 0.0005625
1.847e-07 0.00228125
1.848e-07 0.004
1.849e-07 0.00465625
1.85e-07 0.00432813
1.851e-07 0.00375
1.852e-07 0.003625
1.853e-07 0.004
1.854e-07 0.00425
1.855e-07 0.00415625
1.856e-07 0.00378125
1.857e-07 0.0035625
1.858e-07 0.004
1.859e-07 0.00521875
1.86e-07 0.00707813
1.861e-07 0.00878125
1.862e-07 0.00920313
1.863e-07 0.008
1.864e-07 0.00576563
1.865e-07 0.00415625
1.866e-07 0.00426563
1.867e-07 0.00596875
1.868e-07 0.008
1.869e-07 0.00892188
1.87e-07 0.00851563
1.871e-07 0.00746875
1.872e-07 0.00710938
1.873e-07 0.008
1.874e-07 0.00932813
1.875e-07 0.00910938
1.876e-07 0.00623438
1.877e-07 0.00234375
1.878e-07 2.68221e-10
1.879e-07 0.00075
1.88e-07 0.00298438
1.881e-07 0.0044375
1.882e-07 0.00429688
1.883e-07 0.004
1.884e-07 0.00507813
1.885e-07 0.00714063
1.886e-07 0.00846875
1.887e-07 0.00739063
1.888e-07 0.004
1.889e-07 0.000140625
1.89e-07 -0.000921875
1.891e-07 0.0018125
1.892e-07 0.00496875
1.893e-07 0.004
1.894e-07 -0.00228125
1.895e-07 -0.00757813
1.896e-07 -0.00625
1.897e-07 3.12503e-05
1.898e-07 0.004
1.899e-07 0.0008125
1.9e-07 -0.00353125
1.901e-07 -0.002125
1.902e-07 0.0043125
1.903e-07 0.008
1.904e-07 0.00285938
1.905e-07 -0.00528125
1.906e-07 -0.00834375
1.907e-07 -0.00446875
1.908e-07 2.68221e-10
1.909e-07 -0.0014375
1.91e-07 -0.00607813
1.911e-07 -0.00846875
1.912e-07 -0.00657813
1.913e-07 -0.004
1.914e-07 -0.00470312
1.915e-07 -0.007125
1.916e-07 -0.00795313
1.917e-07 -0.00617188
1.918e-07 -0.004
1.919e-07 -0.00370312
1.92e-07 -0.00410937
1.921e-07 -0.00334375
1.922e-07 -0.00139062
1.923e-07 2.68221e-10
1.924e-07 -0.0008125
1.925e-07 -0.00295312
1.926e-07 -0.0046875
1.927e-07 -0.00482812
1.928e-07 -0.004
1.929e-07 -0.00345312
1.93e-07 -0.00367187
1.931e-07 -0.00434375
1.932e-07 -0.00460937
1.933e-07 -0.004
1.934e-07 -0.00260937
1.935e-07 -0.0008125
1.936e-07 0.0006875
1.937e-07 0.000984375
1.938e-07 2.68221e-10
1.939e-07 -0.00142187
1.94e-07 -0.00109375
1.941e-07 0.001625
1.942e-07 0.0043125
1.943e-07 0.004
1.944e-07 -4.68747e-05
1.945e-07 -0.00364062
1.946e-07 -0.00296875
1.947e-07 0.00114063
1.948e-07 0.004
1.949e-07 0.0019375
1.95e-07 -0.00235937
1.951e-07 -0.00442187
1.952e-07 -0.00267187
1.953e-07 2.68221e-10
1.954e-07 0.00034375
1.955e-07 -0.000140625
1.956e-07 0.000921875
1.957e-07 0.00320313
1.958e-07 0.004
1.959e-07 0.00175
1.96e-07 -0.0001875
1.961e-07 0.00140625
1.962e-07 0.00553125
1.963e-07 0.008
1.964e-07 0.00570313
1.965e-07 0.00153125
1.966e-07 -0.00040625
1.967e-07 0.00129688
1.968e-07 0.004
1.969e-07 0.0045625
1.97e-07 0.00403125
1.971e-07 0.00459375
1.972e-07 0.00653125
1.973e-07 0.008
1.974e-07 0.007
1.975e-07 0.00489063
1.976e-07 0.00364063
1.977e-07 0.0038125
1.978e-07 0.004
1.979e-07 0.00320313
1.98e-07 0.00325
1.981e-07 0.005375
1.982e-07 0.0079375
1.983e-07 0.008
1.984e-07 0.00432813
1.985e-07 0.000609375
1.986e-07 0.000671875
1.987e-07 0.00440625
1.988e-07 0.008
1.989e-07 0.00790625
1.99e-07 0.00535938
1.991e-07 0.00325
1.992e-07 0.00323438
1.993e-07 0.004
1.994e-07 0.003375
1.995e-07 0.00123438
1.996e-07 -0.00103125
1.997e-07 -0.0015625
1.998e-07 2.68221e-10
1.999e-07 0.00259375
2e-07 0.00409375
2.001e-07 0.00329688
2.002e-07 0.00120313
2.003e-07 2.68221e-10
2.004e-07 0.00103125
2.005e-07 0.0031875
2.006e-07 0.00425
2.007e-07 0.00285938
2.008e-07 2.68221e-10
2.009e-07 -0.00207812
2.01e-07 -0.00139062
2.011e-07 0.00176563
2.012e-07 0.00446875
2.013e-07 0.004
2.014e-07 -0.000390625
2.015e-07 -0.00596875
2.016e-07 -0.00904688
2.017e-07 -0.00776563
2.018e-07 -0.004
2.019e-07 -0.00078125
2.02e-07 0.000328125
2.021e-07 -0.00053125
2.022e-07 -0.00225
2.023e-07 -0.004
2.024e-07 -0.00514062
2.025e-07 -0.00479687
2.026e-07 -0.00295312
2.027e-07 -0.000921875
2.028e-07 2.68221e-10
2.029e-07 -0.000390625
2.03e-07 -0.00046875
2.031e-07 0.000921875
2.032e-07 0.0030625
2.033e-07 0.004
2.034e-07 0.00201563
2.035e-07 -0.00189062
2.036e-07 -0.00573438
2.037e-07 -0.0076875
2.038e-07 -0.008
2.039e-07 -0.00740625
2.04e-07 -0.00545312
2.041e-07 -0.00228125
2.042e-07 0.0001875
2.043e-07 2.68221e-10
2.044e-07 -0.00317187
2.045e-07 -0.00685938
2.046e-07 -0.00832813
2.047e-07 -0.00675
2.048e-07 -0.004
2.049e-07 -0.00242187
2.05e-07 -0.0030625
2.051e-07 -0.00504687
2.052e-07 -0.00585938
2.053e-07 -0.004
2.054e-07 -0.000453125
2.055e-07 0.00090625
2.056e-07 -0.00210937
2.057e-07 -0.00673438
2.058e-07 -0.008
2.059e-07 -0.00335937
2.06e-07 0.00245313
2.061e-07 0.00373438
2.062e-07 -0.000109375
2.063e-07 -0.004
2.064e-07 -0.00334375
2.065e-07 -0.000796875
2.066e-07 -0.000453125
2.067e-07 -0.00275
2.068e-07 -0.004
2.069e-07 -0.001125
2.07e-07 0.00290625
2.071e-07 0.00376563
2.072e-07 0.00034375
2.073e-07 -0.004
2.074e-07 -0.00507812
2.075e-07 -0.00229687
2.076e-07 0.00215625
2.077e-07 0.00470313
2.078e-07 0.004
2.079e-07 0.0008125
2.08e-07 -0.0028125
2.081e-07 -0.00459375
2.082e-07 -0.00332812
2.083e-07 2.68221e-10
2.084e-07 0.00323438
2.085e-07 0.00440625
2.086e-07 0.00310938
2.087e-07 0.000953125
2.088e-07 2.68221e-10
2.089e-07 0.001125
2.09e-07 0.003125
2.091e-07 0.00445313
2.092e-07 0.00442188
2.093e-07 0.004
2.094e-07 0.00407813
2.095e-07 0.00423438
2.096e-07 0.00339063
2.097e-07 0.00157813
2.098e-07 2.68221e-10
2.099e-07 -1.56247e-05
2.1e-07 0.00221875
2.101e-07 0.00590625
2.102e-07 0.00845313
2.103e-07 0.008
2.104e-07 0.00440625
2.105e-07 0.000921875
2.106e-07 -1.56247e-05
2.107e-07 0.000734375
2.108e-07 2.68221e-10
2.109e-07 -0.00345312
2.11e-07 -0.00507812
2.111e-07 -0.00129687
2.112e-07 0.00520313
2.113e-07 0.008
2.114e-07 0.0030625
2.115e-07 -0.005
2.116e-07 -0.009125
2.117e-07 -0.006125
2.118e-07 2.68221e-10
2.119e-07 0.0033125
2.12e-07 0.00198438
2.121e-07 -0.0020625
2.122e-07 -0.00476562
2.123e-07 -0.004
2.124e-07 -0.0004375
2.125e-07 0.00309375
2.126e-07 0.00403125
2.127e-07 0.00221875
2.128e-07 2.68221e-10
2.129e-07 -0.000421875
2.13e-07 1.56253e-05
2.131e-07 -0.00059375
2.132e-07 -0.00248437
2.133e-07 -0.004
2.134e-07 -0.00340625
2.135e-07 -0.00120312
2.136e-07 0.000875
2.137e-07 0.00120313
2.138e-07 2.68221e-10
2.139e-07 -0.00139062
2.14e-07 -0.00103125
2.141e-07 0.00151563
2.142e-07 0.00409375
2.143e-07 0.004
2.144e-07 0.000484375
2.145e-07 -0.00315625
2.146e-07 -0.00376562
2.147e-07 -0.00157812
2.148e-07 2.68221e-10
2.149e-07 -0.00157812
2.15e-07 -0.00376562
2.151e-07 -0.00315625
2.152e-07 0.000484375
2.153e-07 0.004
2.154e-07 0.00409375
2.155e-07 0.00153125
2.156e-07 -0.0010625
2.157e-07 -0.0014375
2.158e-07 2.68221e-10
2.159e-07 0.00123438
2.16e-07 0.000890625
2.161e-07 -0.00121875
2.162e-07 -0.0034375
2.163e-07 -0.004
2.164e-07 -0.00242187
2.165e-07 -0.00046875
2.166e-07 -0.000140625
2.167e-07 -0.00182812
2.168e-07 -0.004
2.169e-07 -0.00478125
2.17e-07 -0.004375
2.171e-07 -0.00379687
2.172e-07 -0.00376562
2.173e-07 -0.004
2.174e-07 -0.0034375
2.175e-07 -0.00146875
2.176e-07 0.00159375
2.177e-07 0.003875
2.178e-07 0.004
2.179e-07 0.00196875
2.18e-07 0.000171875
2.181e-07 0.000484375
2.182e-07 0.0025
2.183e-07 0.004
2.184e-07 0.00303125
2.185e-07 0.000828125
2.186e-07 -0.000296875
2.187e-07 0.0010625
2.188e-07 0.004
2.189e-07 0.00603125
2.19e-07 0.00545313
2.191e-07 0.00209375
2.192e-07 -0.00182812
2.193e-07 -0.004
2.194e-07 -0.00335937
2.195e-07 -0.001125
2.196e-07 0.0006875
2.197e-07 0.00084375
2.198e-07 2.68221e-10
2.199e-07 -0.0004375
2.2e-07 -0.000234375
2.201e-07 0.000140625
2.202e-07 0.0001875
2.203e-07 2.68221e-10
2.204e-07 -7.81247e-05
2.205e-07 -4.68747e-05
2.206e-07 3.12503e-05
2.207e-07 4.68753e-05
2.208e-07 2.68221e-10
2.209e-07 -0.000140625
2.21e-07 -0.000109375
2.211e-07 0.000171875
2.212e-07 0.000328125
2.213e-07 2.68221e-10
2.214e-07 -0.0006875
2.215e-07 -0.00059375
2.216e-07 0.00096875
2.217e-07 0.00303125
2.218e-07 0.004
2.219e-07 0.00284375
2.22e-07 0.000828125
2.221e-07 -0.000421875
2.222e-07 -0.00034375
2.223e-07 2.68221e-10
2.224e-07 -0.00034375
2.225e-07 -0.000421875
2.226e-07 0.000859375
2.227e-07 0.00289063
2.228e-07 0.004
2.229e-07 0.00289063
2.23e-07 0.000859375
2.231e-07 -0.000421875
2.232e-07 -0.00034375
2.233e-07 2.68221e-10
2.234e-07 -0.00034375
2.235e-07 -0.000421875
2.236e-07 0.000828125
2.237e-07 0.00282813
2.238e-07 0.004
2.239e-07 0.00309375
2.24e-07 0.001
2.241e-07 -0.000671875
2.242e-07 -0.000828125
2.243e-07 2.68221e-10
2.244e-07 0.000640625
2.245e-07 0.000390625
2.246e-07 -0.00046875
2.247e-07 -0.00084375
2.248e-07 2.68221e-10
2.249e-07 0.00184375
