-2.5e-08 -0.000351562
-2.49e-08 5.46876e-05
-2.48e-08 -8.59374e-05
-2.47e-08 1.3411e-10
-2.46e-08 0.0010625
-2.45e-08 0.00196094
-2.44e-08 0.00157813
-2.43e-08 0.000390625
-2.42e-08 1.3411e-10
-2.41e-08 0.00119531
-2.4e-08 0.00215625
-2.39e-08 0.00116406
-2.38e-08 -0.00103125
-2.37e-08 -0.002
-2.36e-08 -0.000296875
-2.35e-08 0.00169531
-2.34e-08 0.00139844
-2.33e-08 -0.000804687
-2.32e-08 -0.002
-2.31e-08 -0.000195312
-2.3e-08 0.00185156
-2.29e-08 0.00105469
-2.28e-08 -0.00208594
-2.27e-08 -0.004
-2.26e-08 -0.00199219
-2.25e-08 0.001125
-2.24e-08 0.00175
-2.23e-08 -0.000390625
-2.22e-08 -0.002
-2.21e-08 -0.000421875
-2.2e-08 0.00171875
-2.19e-08 0.00117969
-2.18e-08 -0.00188281
-2.17e-08 -0.004
-2.16e-08 -0.00234375
-2.15e-08 0.000867188
-2.14e-08 0.00216406
-2.13e-08 0.000421875
-2.12e-08 -0.002
-2.11e-08 -0.0023125
-2.1e-08 -0.000890625
-2.09e-08 0.000546875
-2.08e-08 0.0006875
-2.07e-08 1.3411e-10
-2.06e-08 -0.000375
-2.05e-08 -0.000210937
-2.04e-08 0.000179688
-2.03e-08 0.000289063
-2.02e-08 1.3411e-10
-2.01e-08 -0.000414062
-2e-08 -0.000335937
-1.99e-08 0.000515625
-1.98e-08 0.00157813
-1.97e-08 0.002
-1.96e-08 0.00133594
-1.95e-08 0.0003125
-1.94e-08 -3.90624e-05
-1.93e-08 0.000726563
-1.92e-08 0.002
-1.91e-08 0.00275781
-1.9e-08 0.0025
-1.89e-08 0.001375
-1.88e-08 0.000289063
-1.87e-08 1.3411e-10
-1.86e-08 0.000625
-1.85e-08 0.00159375
-1.84e-08 0.00221875
-1.83e-08 0.00221875
-1.82e-08 0.002
-1.81e-08 0.00198438
-1.8e-08 0.00207031
-1.79e-08 0.00176563
-1.78e-08 0.0009375
-1.77e-08 1.3411e-10
-1.76e-08 -0.000460937
-1.75e-08 -0.0003125
-1.74e-08 0.000351563
-1.73e-08 0.00122656
-1.72e-08 0.002
-1.71e-08 0.00220313
-1.7e-08 0.00108594
-1.69e-08 -0.00132031
-1.68e-08 -0.00350781
-1.67e-08 -0.004
-1.66e-08 -0.00219531
-1.65e-08 0.000695313
-1.64e-08 0.00291406
-1.63e-08 0.00319531
-1.62e-08 0.002
-1.61e-08 0.000578125
-1.6e-08 -4.68749e-05
-1.59e-08 0.000195313
-1.58e-08 0.0005
-1.57e-08 1.3411e-10
-1.56e-08 -0.00128125
-1.55e-08 -0.00211719
-1.54e-08 -0.00146094
-1.53e-08 0.000375
-1.52e-08 0.002
-1.51e-08 0.00205469
-1.5e-08 0.00078125
-1.49e-08 -0.000585937
-1.48e-08 -0.00084375
-1.47e-08 1.3411e-10
-1.46e-08 0.0011875
-1.45e-08 0.00196094
-1.44e-08 0.00182031
-1.43e-08 0.000953125
-1.42e-08 1.3411e-10
-1.41e-08 -0.000460937
-1.4e-08 -0.000296875
-1.39e-08 0.000289063
-1.38e-08 0.0010625
-1.37e-08 0.002
-1.36e-08 0.00284375
-1.35e-08 0.00265625
-1.34e-08 0.000984375
-1.33e-08 -0.00108594
-1.32e-08 -0.002
-1.31e-08 -0.00114844
-1.3e-08 -0.000117187
-1.29e-08 -0.000398437
-1.28e-08 -0.00161719
-1.27e-08 -0.002
-1.26e-08 -0.000375
-1.25e-08 0.00157031
-1.24e-08 0.00175
-1.23e-08 -7.03124e-05
-1.22e-08 -0.002
-1.21e-08 -0.00204687
-1.2e-08 -0.000742187
-1.19e-08 0.000414063
-1.18e-08 0.000484375
-1.17e-08 1.3411e-10
-1.16e-08 -0.000148437
-1.15e-08 -4.68749e-05
-1.14e-08 -9.37499e-05
-1.13e-08 -0.000242187
-1.12e-08 1.3411e-10
-1.11e-08 0.000875
-1.1e-08 0.00178125
-1.09e-08 0.00196875
-1.08e-08 0.00120313
-1.07e-08 1.3411e-10
-1.06e-08 -0.000984375
-1.05e-08 -0.00171875
-1.04e-08 -0.00232031
-1.03e-08 -0.00251562
-1.02e-08 -0.002
-1.01e-08 -0.0008125
-1e-08 -4.68749e-05
-9.9e-09 -0.000273437
-9.8e-09 -0.00071875
-9.7e-09 1.3411e-10
-9.6e-09 0.00225781
-9.5e-09 0.00399219
-9.4e-09 0.00325
-9.3e-09 0.000453125
-9.2e-09 -0.002
-9.1e-09 -0.00207812
-9e-09 -0.000703125
-8.9e-09 0.00021875
-8.8e-09 5.46876e-05
-8.7e-09 1.3411e-10
-8.6e-09 0.001125
-8.5e-09 0.00202344
-8.4e-09 0.00142188
-8.3e-09 5.46876e-05
-8.2e-09 1.3411e-10
-8.1e-09 0.00214844
-8e-09 0.00402344
-7.9e-09 0.00305469
-7.8e-09 -0.000546875
-7.7e-09 -0.004
-7.6e-09 -0.00445313
-7.5e-09 -0.00186719
-7.4e-09 0.00165625
-7.3e-09 0.00321094
-7.2e-09 0.002
-7.1e-09 -0.000664062
-7e-09 -0.00222656
-6.9e-09 -0.00108594
-6.8e-09 0.0018125
-6.7e-09 0.004
-6.6e-09 0.0035625
-6.5e-09 0.00125781
-6.4e-09 -0.000867187
-6.3e-09 -0.00114844
-6.2e-09 1.3411e-10
-6.1e-09 0.000929688
-6e-09 0.000625
-5.9e-09 -0.000789062
-5.8e-09 -0.00204687
-5.7e-09 -0.002
-5.6e-09 -0.0004375
-5.5e-09 0.00142188
-5.4e-09 0.00214844
-5.3e-09 0.00132813
-5.2e-09 1.3411e-10
-5.1e-09 -0.000546875
-5e-09 -0.00028125
-4.9e-09 0.000179688
-4.8e-09 0.00025
-4.7e-09 1.3411e-10
-4.6e-09 -0.000210937
-4.5e-09 -0.000125
-4.4e-09 0.000132813
-4.3e-09 0.000234375
-4.2e-09 1.3411e-10
-4.1e-09 -0.000429687
-4e-09 -0.000367187
-3.9e-09 0.000640625
-3.8e-09 0.00185156
-3.7e-09 0.002
-3.6e-09 0.000507813
-3.5e-09 -0.00133594
-3.4e-09 -0.00230469
-3.3e-09 -0.00222656
-3.2e-09 -0.002
-3.1e-09 -0.00213281
-3e-09 -0.00128906
-2.9e-09 0.00192188
-2.8e-09 0.00650781
-2.7e-09 0.01
-2.6e-09 0.00986719
-2.5e-09 0.00546875
-2.4e-09 -0.00161719
-2.3e-09 -0.00754688
-2.2e-09 -0.01
-2.1e-09 -0.00817969
-2e-09 -0.00317188
-1.9e-09 0.00297656
-1.8e-09 0.0075625
-1.7e-09 0.01
-1.6e-09 0.0106797
-1.5e-09 0.0103906
-1.4e-09 0.00955469
-1.3e-09 0.00867969
-1.2e-09 0.008
-1.1e-09 0.00710938
-1e-09 0.00530469
-9e-10 0.00242969
-8e-10 0.000125
-7e-10 1.3411e-10
-6e-10 0.002
-5e-10 0.00386719
-4e-10 0.00335938
-3e-10 0.000625
-2e-10 -0.002
-1e-10 -0.00221875
0 -0.000820312
1e-10 0.000445313
2e-10 0.0005
3e-10 1.3411e-10
4e-10 8.59376e-05
5e-10 0.000179688
6e-10 -0.000492187
7e-10 -0.00159375
8e-10 -0.002
9e-10 -0.00110937
1e-09 -0.000132812
1.1e-09 -0.000304687
1.2e-09 -0.00139844
1.3e-09 -0.002
1.4e-09 -0.001125
1.5e-09 -7.81249e-05
1.6e-09 -0.000476562
1.7e-09 -0.00232031
1.8e-09 -0.004
1.9e-09 -0.00415625
2e-09 -0.00394531
2.1e-09 -0.00446094
2.2e-09 -0.0050625
2.3e-09 -0.004
2.4e-09 -0.000695312
2.5e-09 0.00189844
2.6e-09 0.00103125
2.7e-09 -0.00271875
2.8e-09 -0.006
2.9e-09 -0.00584375
3e-09 -0.00335938
3.1e-09 -0.00121875
3.2e-09 -0.00108594
3.3e-09 -0.002
3.4e-09 -0.00226562
3.5e-09 -0.00208594
3.6e-09 -0.00214062
3.7e-09 -0.002375
3.8e-09 -0.002
3.9e-09 -0.000664062
4e-09 0.000171875
4.1e-09 -0.000671875
4.2e-09 -0.00264062
4.3e-09 -0.004
4.4e-09 -0.00335938
4.5e-09 -0.00123437
4.6e-09 0.000976563
4.7e-09 0.00199219
4.8e-09 0.002
4.9e-09 0.00178125
5e-09 0.00185156
5.1e-09 0.00214844
5.2e-09 0.00228125
5.3e-09 0.002
5.4e-09 0.00124219
5.5e-09 0.000351563
5.6e-09 -0.000234375
5.7e-09 -0.000273437
5.8e-09 1.3411e-10
5.9e-09 0.000132813
6e-09 6.25001e-05
6.1e-09 -3.90624e-05
6.2e-09 -6.24999e-05
6.3e-09 1.3411e-10
6.4e-09 0.000296875
6.5e-09 0.00125781
6.6e-09 0.002875
6.7e-09 0.004125
6.8e-09 0.004
6.9e-09 0.00227344
7e-09 0.000460938
7.1e-09 1.56251e-05
7.2e-09 0.000976563
7.3e-09 0.002
7.4e-09 0.00197656
7.5e-09 0.00182031
7.6e-09 0.00253906
7.7e-09 0.00373438
7.8e-09 0.004
7.9e-09 0.00242188
8e-09 0.000476563
8.1e-09 0.000101563
8.2e-09 0.00175
8.3e-09 0.004
8.4e-09 0.00503125
8.5e-09 0.00460156
8.6e-09 0.00342188
8.7e-09 0.00245313
8.8e-09 0.002
8.9e-09 0.00184375
9e-09 0.00191406
9.1e-09 0.00210938
9.2e-09 0.00220313
9.3e-09 0.002
9.4e-09 0.00160156
9.5e-09 0.00167969
9.6e-09 0.00246875
9.7e-09 0.00345313
9.8e-09 0.004
9.9e-09 0.00385938
1e-08 0.00379688
1.01e-08 0.00441406
1.02e-08 0.00545313
1.03e-08 0.006
1.04e-08 0.00492969
1.05e-08 0.00194531
1.06e-08 -0.00198437
1.07e-08 -0.00442969
1.08e-08 -0.004
1.09e-08 -0.00109375
1.1e-08 0.00153906
1.11e-08 0.00164844
1.12e-08 -0.000390625
1.13e-08 -0.002
1.14e-08 -0.00105469
1.15e-08 0.00113281
1.16e-08 0.00224219
1.17e-08 0.00139844
1.18e-08 1.3411e-10
1.19e-08 -0.000210937
1.2e-08 4.68751e-05
1.21e-08 -0.00046875
1.22e-08 -0.00160937
1.23e-08 -0.002
1.24e-08 -0.000859375
1.25e-08 0.000109375
1.26e-08 -0.000734375
1.27e-08 -0.00282031
1.28e-08 -0.004
1.29e-08 -0.00277344
1.3e-08 -0.000710937
1.31e-08 9.37501e-05
1.32e-08 -0.000875
1.33e-08 -0.002
1.34e-08 -0.00160937
1.35e-08 -0.000429687
1.36e-08 7.81263e-06
1.37e-08 -0.000835937
1.38e-08 -0.002
1.39e-08 -0.0023125
1.4e-08 -0.00210937
1.41e-08 -0.00207812
1.42e-08 -0.00225
1.43e-08 -0.002
1.44e-08 -0.001
1.45e-08 -0.000117187
1.46e-08 -0.000203125
1.47e-08 -0.00116406
1.48e-08 -0.002
1.49e-08 -0.00177344
1.5e-08 -0.00065625
1.51e-08 0.000539063
1.52e-08 0.000820313
1.53e-08 1.3411e-10
1.54e-08 -0.00133594
1.55e-08 -0.00207812
1.56e-08 -0.001625
1.57e-08 -0.0005625
1.58e-08 1.3411e-10
1.59e-08 -0.00034375
1.6e-08 -0.000421875
1.61e-08 0.000851563
1.62e-08 0.00286719
1.63e-08 0.004
1.64e-08 0.00301563
1.65e-08 0.00090625
1.66e-08 -0.000492187
1.67e-08 7.03126e-05
1.68e-08 0.002
1.69e-08 0.00373438
1.7e-08 0.00428125
1.71e-08 0.00347656
1.72e-08 0.00232813
1.73e-08 0.002
1.74e-08 0.0028125
1.75e-08 0.00380469
1.76e-08 0.0038125
1.77e-08 0.00284375
1.78e-08 0.002
1.79e-08 0.00213281
1.8e-08 0.00225
1.81e-08 0.00134375
1.82e-08 6.25001e-05
1.83e-08 1.3411e-10
1.84e-08 0.0019375
1.85e-08 0.00378125
1.86e-08 0.00347656
1.87e-08 0.00140625
1.88e-08 1.3411e-10
1.89e-08 0.00107813
1.9e-08 0.00321094
1.91e-08 0.00415625
1.92e-08 0.00321875
1.93e-08 0.002
1.94e-08 0.00225
1.95e-08 0.00347656
1.96e-08 0.00414063
1.97e-08 0.00342188
1.98e-08 0.002
1.99e-08 0.000921875
2e-08 0.000234375
2.01e-08 -0.0003125
2.02e-08 -0.00053125
2.03e-08 1.3411e-10
2.04e-08 0.00128125
2.05e-08 0.00207813
2.06e-08 0.00152344
2.07e-08 0.000320313
2.08e-08 1.3411e-10
2.09e-08 0.00122656
2.1e-08 0.00217188
2.11e-08 0.00117188
2.12e-08 -0.001
2.13e-08 -0.002
2.14e-08 -0.000453125
2.15e-08 0.00157031
2.16e-08 0.00163281
2.17e-08 -0.00034375
2.18e-08 -0.002
2.19e-08 -0.00122656
2.2e-08 0.00104688
2.21e-08 0.00238281
2.22e-08 0.00110156
2.23e-08 -0.002
2.24e-08 -0.00464063
2.25e-08 -0.00494531
2.26e-08 -0.00259375
2.27e-08 0.000484375
2.28e-08 0.002
2.29e-08 0.000757813
2.3e-08 -0.00235937
2.31e-08 -0.00528906
2.32e-08 -0.00585938
2.33e-08 -0.004
2.34e-08 -0.00121094
2.35e-08 0.000164063
2.36e-08 -0.000703125
2.37e-08 -0.00221094
2.38e-08 -0.002
2.39e-08 0.000515625
2.4e-08 0.00229688
2.41e-08 0.00059375
2.42e-08 -0.00347656
2.43e-08 -0.006
2.44e-08 -0.00396875
2.45e-08 0.000234375
2.46e-08 0.00275
2.47e-08 0.0019375
2.48e-08 1.3411e-10
2.49e-08 -0.000382812
2.5e-08 -2.34374e-05
2.51e-08 -0.000492187
2.52e-08 -0.00174219
2.53e-08 -0.002
2.54e-08 7.03126e-05
2.55e-08 0.00294531
2.56e-08 0.00439844
2.57e-08 0.00359375
2.58e-08 0.002
2.59e-08 0.0013125
2.6e-08 0.00164844
2.61e-08 0.00219531
2.62e-08 0.00228125
2.63e-08 0.002
2.64e-08 0.00158594
2.65e-08 0.000679688
2.66e-08 -0.00084375
2.67e-08 -0.00207812
2.68e-08 -0.002
2.69e-08 -0.000359375
2.7e-08 0.00147656
2.71e-08 0.00207813
2.72e-08 0.00120313
2.73e-08 1.3411e-10
2.74e-08 -0.0003125
2.75e-08 -0.000109375
2.76e-08 -0.000109375
2.77e-08 -0.0003125
2.78e-08 1.3411e-10
2.79e-08 0.00121875
2.8e-08 0.00205469
2.81e-08 0.00148438
2.82e-08 0.000210938
2.83e-08 1.3411e-10
2.84e-08 0.0016875
2.85e-08 0.00360156
2.86e-08 0.00374219
2.87e-08 0.00192188
2.88e-08 1.3411e-10
2.89e-08 -0.0001875
2.9e-08 0.00115625
2.91e-08 0.00258594
2.92e-08 0.00282031
2.93e-08 0.002
2.94e-08 0.000984375
2.95e-08 0.00021875
2.96e-08 -0.000171875
2.97e-08 -0.000210937
2.98e-08 1.3411e-10
2.99e-08 0.000242188
3e-08 0.00015625
3.01e-08 -0.000226562
3.02e-08 -0.000429687
3.03e-08 1.3411e-10
3.04e-08 0.00104688
3.05e-08 0.00189844
3.06e-08 0.00180469
3.07e-08 0.000882813
3.08e-08 1.3411e-10
3.09e-08 -0.000132812
3.1e-08 -7.81237e-06
3.11e-08 -0.000203125
3.12e-08 -0.00046875
3.13e-08 1.3411e-10
3.14e-08 0.0014375
3.15e-08 0.00225
3.16e-08 0.0011875
3.17e-08 -0.000929687
3.18e-08 -0.002
3.19e-08 -0.000726562
3.2e-08 0.0013125
3.21e-08 0.00207813
3.22e-08 0.00110156
3.23e-08 1.3411e-10
3.24e-08 0.000398438
3.25e-08 0.00157031
3.26e-08 0.002
3.27e-08 0.00114063
3.28e-08 1.3411e-10
3.29e-08 -0.000296875
3.3e-08 -0.000101562
3.31e-08 -0.000117187
3.32e-08 -0.000320312
3.33e-08 1.3411e-10
3.34e-08 0.00116406
3.35e-08 0.00204688
3.36e-08 0.00151563
3.37e-08 -0.000265625
3.38e-08 -0.002
3.39e-08 -0.00250781
3.4e-08 -0.00221875
3.41e-08 -0.00196094
3.42e-08 -0.00203906
3.43e-08 -0.002
3.44e-08 -0.00127344
3.45e-08 -0.000351562
3.46e-08 0.000140625
3.47e-08 6.25001e-05
3.48e-08 1.3411e-10
3.49e-08 0.000554688
3.5e-08 0.00153125
3.51e-08 0.00232813
3.52e-08 0.00244531
3.53e-08 0.002
3.54e-08 0.00123438
3.55e-08 0.000375
3.56e-08 -0.000367187
3.57e-08 -0.0005625
3.58e-08 1.3411e-10
3.59e-08 0.00105469
3.6e-08 0.00189063
3.61e-08 0.00186719
3.62e-08 0.00102344
3.63e-08 1.3411e-10
3.64e-08 -0.000507812
3.65e-08 -0.000289062
3.66e-08 0.000296875
3.67e-08 0.00053125
3.68e-08 1.3411e-10
3.69e-08 -0.00107031
3.7e-08 -0.00191406
3.71e-08 -0.00183594
3.72e-08 -0.0009375
3.73e-08 1.3411e-10
3.74e-08 0.000304688
3.75e-08 0.000132813
3.76e-08 -3.12499e-05
3.77e-08 7.81263e-06
3.78e-08 1.3411e-10
3.79e-08 -0.000210937
3.8e-08 -0.000210937
3.81e-08 0.000367188
3.82e-08 0.00130469
3.83e-08 0.002
3.84e-08 0.00185156
3.85e-08 0.000742188
3.86e-08 -0.00078125
3.87e-08 -0.0013125
3.88e-08 1.3411e-10
3.89e-08 0.002625
3.9e-08 0.00416406
3.91e-08 0.00310156
3.92e-08 0.000773438
3.93e-08 1.3411e-10
3.94e-08 0.00201563
3.95e-08 0.00400781
3.96e-08 0.00289063
3.97e-08 -0.0009375
3.98e-08 -0.004
3.99e-08 -0.00317188
4e-08 0.000226563
4.01e-08 0.00310938
4.02e-08 0.00338281
4.03e-08 0.002
4.04e-08 0.000890625
4.05e-08 0.000265625
4.06e-08 -0.000414062
4.07e-08 -0.00132031
4.08e-08 -0.002
4.09e-08 -0.00180469
4.1e-08 -0.000742187
4.11e-08 0.000734375
4.12e-08 0.00178125
4.13e-08 0.002
4.14e-08 0.00140625
4.15e-08 0.0004375
4.16e-08 -0.000320312
4.17e-08 -0.000421875
4.18e-08 1.3411e-10
4.19e-08 0.000445313
4.2e-08 0.000296875
4.21e-08 -0.000445312
4.22e-08 -0.000867187
4.23e-08 1.3411e-10
4.24e-08 0.00210938
4.25e-08 0.0038125
4.26e-08 0.00360156
4.27e-08 0.00174219
4.28e-08 1.3411e-10
4.29e-08 -0.000273437
4.3e-08 3.12501e-05
4.31e-08 -0.000476562
4.32e-08 -0.00165625
4.33e-08 -0.002
4.34e-08 -0.000445312
4.35e-08 0.00146875
4.36e-08 0.0019375
4.37e-08 0.000882813
4.38e-08 1.3411e-10
4.39e-08 0.000460938
4.4e-08 0.00059375
4.41e-08 -0.00125
4.42e-08 -0.00425781
4.43e-08 -0.006
4.44e-08 -0.00458594
4.45e-08 -0.00146875
4.46e-08 0.000890625
4.47e-08 0.00103906
4.48e-08 1.3411e-10
4.49e-08 -0.000476562
4.5e-08 -0.000242187
4.51e-08 0.000117188
4.52e-08 0.000132813
4.53e-08 1.3411e-10
4.54e-08 8.59376e-05
4.55e-08 8.59376e-05
4.56e-08 -0.000210937
4.57e-08 -0.000429687
4.58e-08 1.3411e-10
4.59e-08 0.00110156
4.6e-08 0.00194531
4.61e-08 0.00171875
4.62e-08 0.000695313
4.63e-08 1.3411e-10
4.64e-08 0.000484375
4.65e-08 0.00153906
4.66e-08 0.00217969
4.67e-08 0.00210156
4.68e-08 0.002
4.69e-08 0.00233594
4.7e-08 0.00233594
4.71e-08 0.0013125
4.72e-08 4.68751e-05
4.73e-08 1.3411e-10
4.74e-08 0.00176563
4.75e-08 0.00363281
4.76e-08 0.00374219
4.77e-08 0.00196094
4.78e-08 1.3411e-10
4.79e-08 -0.000539062
4.8e-08 -0.000171875
4.81e-08 -0.000125
4.82e-08 -0.000960937
4.83e-08 -0.002
4.84e-08 -0.00205469
4.85e-08 -0.000890625
4.86e-08 0.000875
4.87e-08 0.00201563
4.88e-08 0.002
4.89e-08 0.00105469
4.9e-08 0.000140625
4.91e-08 0.000140625
4.92e-08 0.00105469
4.93e-08 0.002
4.94e-08 0.00201563
4.95e-08 0.000875
4.96e-08 -0.00090625
4.97e-08 -0.00208594
4.98e-08 -0.002
4.99e-08 -0.000890625
5e-08 -7.03124e-05
5.01e-08 -0.000289062
5.02e-08 -0.000773437
5.03e-08 1.3411e-10
5.04e-08 0.00246094
5.05e-08 0.00415625
5.06e-08 0.00295313
5.07e-08 -0.000140625
5.08e-08 -0.002
5.09e-08 -0.00059375
5.1e-08 0.0015625
5.11e-08 0.00145313
5.12e-08 -0.000765625
5.13e-08 -0.002
5.14e-08 0.000132813
5.15e-08 0.00315625
5.16e-08 0.00379688
5.17e-08 0.00173438
5.18e-08 1.3411e-10
5.19e-08 0.00117188
5.2e-08 0.003375
5.21e-08 0.00374219
5.22e-08 0.0018125
5.23e-08 1.3411e-10
5.24e-08 0.000453125
5.25e-08 0.00173438
5.26e-08 0.00157813
5.27e-08 -0.000304687
5.28e-08 -0.002
5.29e-08 -0.00171875
5.3e-08 -0.000476562
5.31e-08 1.56251e-05
5.32e-08 -0.000875
5.33e-08 -0.002
5.34e-08 -0.00189844
5.35e-08 -0.00071875
5.36e-08 0.0005625
5.37e-08 0.00084375
5.38e-08 1.3411e-10
5.39e-08 -0.00123437
5.4e-08 -0.002
5.41e-08 -0.00176562
5.42e-08 -0.000835937
5.43e-08 1.3411e-10
5.44e-08 0.0001875
5.45e-08 1.56251e-05
5.46e-08 0.000125
5.47e-08 0.000882813
5.48e-08 0.002
5.49e-08 0.0026875
5.5e-08 0.00246094
5.51e-08 0.00139844
5.52e-08 0.000320313
5.53e-08 1.3411e-10
5.54e-08 0.000648438
5.55e-08 0.00166406
5.56e-08 0.00208594
5.57e-08 0.00140625
5.58e-08 1.3411e-10
5.59e-08 -0.00136719
5.6e-08 -0.00203906
5.61e-08 -0.0018125
5.62e-08 -0.000984375
5.63e-08 1.3411e-10
5.64e-08 0.000867188
5.65e-08 0.00165625
5.66e-08 0.00234375
5.67e-08 0.00257031
5.68e-08 0.002
5.69e-08 0.00053125
5.7e-08 -0.00125781
5.71e-08 -0.00253906
5.72e-08 -0.00270312
5.73e-08 -0.002
5.74e-08 -0.00096875
5.75e-08 -0.000195312
5.76e-08 4.68751e-05
5.77e-08 -4.68749e-05
5.78e-08 1.3411e-10
5.79e-08 0.000367188
5.8e-08 0.000296875
5.81e-08 -0.000546875
5.82e-08 -0.00110156
5.83e-08 1.3411e-10
5.84e-08 0.00276563
5.85e-08 0.00435938
5.86e-08 0.00267188
5.87e-08 -0.000679687
5.88e-08 -0.002
5.89e-08 0.0005625
5.9e-08 0.00357031
5.91e-08 0.00311719
5.92e-08 -0.000734375
5.93e-08 -0.004
5.94e-08 -0.00304688
5.95e-08 0.000398438
5.96e-08 0.00272656
5.97e-08 0.00202344
5.98e-08 1.3411e-10
5.99e-08 -0.00071875
6e-08 -0.000320312
6.01e-08 3.12501e-05
6.02e-08 -0.000109375
6.03e-08 1.3411e-10
6.04e-08 0.00103125
6.05e-08 0.00192969
6.06e-08 0.00166406
6.07e-08 0.0005625
6.08e-08 1.3411e-10
6.09e-08 0.000765625
6.1e-08 0.00178906
6.11e-08 0.00178906
6.12e-08 0.000765625
6.13e-08 1.3411e-10
6.14e-08 0.0005625
6.15e-08 0.00165625
6.16e-08 0.00194531
6.17e-08 0.0010625
6.18e-08 1.3411e-10
6.19e-08 -0.000210937
6.2e-08 -3.90624e-05
6.21e-08 -0.000195312
6.22e-08 -0.000476562
6.23e-08 1.3411e-10
6.24e-08 0.0015
6.25e-08 0.00229688
6.26e-08 0.00110156
6.27e-08 -0.00109375
6.28e-08 -0.002
6.29e-08 -0.000390625
6.3e-08 0.00160938
6.31e-08 0.00160938
6.32e-08 -0.000390625
6.33e-08 -0.002
6.34e-08 -0.00107031
6.35e-08 0.00111719
6.36e-08 0.00227344
6.37e-08 0.00146094
6.38e-08 1.3411e-10
6.39e-08 -0.000476562
6.4e-08 -0.000203125
6.41e-08 -1.56249e-05
6.42e-08 -0.000164062
6.43e-08 1.3411e-10
6.44e-08 0.00113281
6.45e-08 0.00307813
6.46e-08 0.00472656
6.47e-08 0.00450781
6.48e-08 0.002
6.49e-08 -0.00175
6.5e-08 -0.00404688
6.51e-08 -0.00314844
6.52e-08 -0.000179687
6.53e-08 0.002
6.54e-08 0.00136719
6.55e-08 -0.0009375
6.56e-08 -0.00252344
6.57e-08 -0.00189844
6.58e-08 1.3411e-10
6.59e-08 0.00121094
6.6e-08 0.000765625
6.61e-08 -0.000875
6.62e-08 -0.00215625
6.63e-08 -0.002
6.64e-08 -0.000390625
6.65e-08 0.0014375
6.66e-08 0.00214063
6.67e-08 0.00132813
6.68e-08 1.3411e-10
6.69e-08 -0.000617187
6.7e-08 -0.000328125
6.71e-08 0.00025
6.72e-08 0.000382813
6.73e-08 1.3411e-10
6.74e-08 -0.000421875
6.75e-08 -0.000328125
6.76e-08 0.00046875
6.77e-08 0.00146875
6.78e-08 0.002
6.79e-08 0.00157031
6.8e-08 0.00053125
6.81e-08 -0.000414062
6.82e-08 -0.000585937
6.83e-08 1.3411e-10
6.84e-08 0.000914063
6.85e-08 0.00173438
6.86e-08 0.00215625
6.87e-08 0.00217188
6.88e-08 0.002
6.89e-08 0.00163281
6.9e-08 0.000703125
6.91e-08 -0.000859375
6.92e-08 -0.00209375
6.93e-08 -0.002
6.94e-08 -0.0003125
6.95e-08 0.00151563
6.96e-08 0.00198438
6.97e-08 0.00100781
6.98e-08 1.3411e-10
6.99e-08 7.03126e-05
7e-08 0.00021875
7.01e-08 -0.000640625
7.02e-08 -0.00192187
7.03e-08 -0.002
7.04e-08 -1.56249e-05
7.05e-08 0.0018125
7.06e-08 0.00139063
7.07e-08 -0.000757812
7.08e-08 -0.002
7.09e-08 -0.000585937
7.1e-08 0.0015
7.11e-08 0.00167969
7.12e-08 -0.000273437
7.13e-08 -0.002
7.14e-08 -0.00126562
7.15e-08 0.000976563
7.16e-08 0.0025
7.17e-08 0.00189844
7.18e-08 1.3411e-10
7.19e-08 -0.00150781
7.2e-08 -0.00205469
7.21e-08 -0.00189844
7.22e-08 -0.00173437
7.23e-08 -0.002
7.24e-08 -0.00246875
7.25e-08 -0.00242969
7.26e-08 -0.00129687
7.27e-08 0.000492188
7.28e-08 0.002
7.29e-08 0.00242969
7.3e-08 0.00217969
7.31e-08 0.00196094
7.32e-08 0.00203125
7.33e-08 0.002
7.34e-08 0.00132031
7.35e-08 0.000390625
7.36e-08 -0.00025
7.37e-08 -0.000289062
7.38e-08 1.3411e-10
7.39e-08 0.000171875
7.4e-08 0.000101563
7.41e-08 -0.000101562
7.42e-08 -0.000171875
7.43e-08 1.3411e-10
7.44e-08 0.000289063
7.45e-08 0.000210938
7.46e-08 -0.000351562
7.47e-08 -0.000703125
7.48e-08 1.3411e-10
7.49e-08 0.00186719
7.5e-08 0.00360938
7.51e-08 0.00390625
7.52e-08 0.00289844
7.53e-08 0.002
7.54e-08 0.00213281
7.55e-08 0.00229688
7.56e-08 0.00125781
7.57e-08 -0.000671875
7.58e-08 -0.002
7.59e-08 -0.0015625
7.6e-08 -0.000398437
7.61e-08 -3.12499e-05
7.62e-08 -0.000929687
7.63e-08 -0.002
7.64e-08 -0.00186719
7.65e-08 -0.000734375
7.66e-08 0.000585938
7.67e-08 0.0014375
7.68e-08 0.002
7.69e-08 0.00248438
7.7e-08 0.002375
7.71e-08 0.00139063
7.72e-08 0.00025
7.73e-08 1.3411e-10
7.74e-08 0.000953125
7.75e-08 0.00194531
7.76e-08 0.00159375
7.77e-08 -0.000148437
7.78e-08 -0.002
7.79e-08 -0.00266406
7.8e-08 -0.00236719
7.81e-08 -0.00175781
7.82e-08 -0.00110156
7.83e-08 1.3411e-10
7.84e-08 0.00164844
7.85e-08 0.00235156
7.86e-08 0.00110938
7.87e-08 -0.00104687
7.88e-08 -0.002
7.89e-08 -0.000617187
7.9e-08 0.00139063
7.91e-08 0.00196875
7.92e-08 0.00090625
7.93e-08 1.3411e-10
7.94e-08 0.000734375
7.95e-08 0.00185938
7.96e-08 0.00152344
7.97e-08 -0.000359375
7.98e-08 -0.002
7.99e-08 -0.00175781
8e-08 -0.000546875
8.01e-08 0.000148438
8.02e-08 -3.12499e-05
8.03e-08 1.3411e-10
8.04e-08 0.00108594
8.05e-08 0.00202344
8.06e-08 0.00146094
8.07e-08 -0.00040625
8.08e-08 -0.002
8.09e-08 -0.0019375
8.1e-08 -0.000703125
8.11e-08 0.000453125
8.12e-08 0.00059375
8.13e-08 1.3411e-10
8.14e-08 -0.00046875
8.15e-08 -0.000296875
8.16e-08 0.00034375
8.17e-08 0.000640625
8.18e-08 1.3411e-10
8.19e-08 -0.00133594
8.2e-08 -0.00214844
8.21e-08 -0.00144531
8.22e-08 0.000382813
8.23e-08 0.002
8.24e-08 0.00214844
8.25e-08 0.000867188
8.26e-08 -0.000757812
8.27e-08 -0.00119531
8.28e-08 1.3411e-10
8.29e-08 0.0019375
8.3e-08 0.00254688
8.31e-08 0.000875
8.32e-08 -0.00148437
8.33e-08 -0.002
8.34e-08 0.0004375
8.35e-08 0.00330469
8.36e-08 0.00374219
8.37e-08 0.00169531
8.38e-08 1.3411e-10
8.39e-08 0.00104688
8.4e-08 0.00324219
8.41e-08 0.00398438
8.42e-08 0.00285156
8.43e-08 0.002
8.44e-08 0.003125
8.45e-08 0.00421094
8.46e-08 0.00291406
8.47e-08 -0.000132812
8.48e-08 -0.002
8.49e-08 -0.00065625
8.5e-08 0.0015
8.51e-08 0.00158594
8.52e-08 -0.000492187
8.53e-08 -0.002
8.54e-08 -0.000648437
8.55e-08 0.00147656
8.56e-08 0.00165625
8.57e-08 -0.00034375
8.58e-08 -0.002
8.59e-08 -0.000945312
8.6e-08 0.00121875
8.61e-08 0.0020625
8.62e-08 0.00101563
8.63e-08 1.3411e-10
8.64e-08 0.00071875
8.65e-08 0.0018125
8.66e-08 0.00157031
8.67e-08 0.00028125
8.68e-08 1.3411e-10
8.69e-08 0.00192969
8.7e-08 0.00385156
8.71e-08 0.00326563
8.72e-08 0.000429688
8.73e-08 -0.002
8.74e-08 -0.00184375
8.75e-08 -0.000484375
8.76e-08 -0.000140625
8.77e-08 -0.00123437
8.78e-08 -0.002
8.79e-08 -0.00075
8.8e-08 0.00128125
8.81e-08 0.00214844
8.82e-08 0.00125781
8.83e-08 1.3411e-10
8.84e-08 -0.000148437
8.85e-08 7.03126e-05
8.86e-08 -0.000429687
8.87e-08 -0.00151562
8.88e-08 -0.002
8.89e-08 -0.00108594
8.9e-08 -0.000101562
8.91e-08 -0.000398437
8.92e-08 -0.00161719
8.93e-08 -0.002
8.94e-08 -0.000445312
8.95e-08 0.00146875
8.96e-08 0.00192969
8.97e-08 0.000851563
8.98e-08 1.3411e-10
8.99e-08 0.00075
9e-08 0.00185938
9.01e-08 0.00157813
9.02e-08 -0.00025
9.03e-08 -0.002
9.04e-08 -0.00205469
9.05e-08 -0.000773437
9.06e-08 0.000523438
9.07e-08 0.000710938
9.08e-08 1.3411e-10
9.09e-08 -0.000625
9.1e-08 -0.000445312
9.11e-08 0.000570313
9.12e-08 0.00164844
9.13e-08 0.002
9.14e-08 0.001375
9.15e-08 0.000351563
9.16e-08 -0.000132812
9.17e-08 0.00053125
9.18e-08 0.002
9.19e-08 0.00317188
9.2e-08 0.00284375
9.21e-08 0.000820313
9.22e-08 -0.00136719
9.23e-08 -0.002
9.24e-08 -0.0005
9.25e-08 0.0014375
9.26e-08 0.00198438
9.27e-08 0.000960938
9.28e-08 1.3411e-10
9.29e-08 0.000523438
9.3e-08 0.00165625
9.31e-08 0.00188281
9.32e-08 0.00090625
9.33e-08 1.3411e-10
9.34e-08 0.000414063
9.35e-08 0.00155469
9.36e-08 0.00210156
9.37e-08 0.00138281
9.38e-08 1.3411e-10
9.39e-08 -0.00108594
9.4e-08 -0.00178906
9.41e-08 -0.00224219
9.42e-08 -0.00238281
9.43e-08 -0.002
9.44e-08 -0.000984375
9.45e-08 -0.000164062
9.46e-08 -8.59374e-05
9.47e-08 -0.000351562
9.48e-08 1.3411e-10
9.49e-08 0.00127344
9.5e-08 0.00209375
9.51e-08 0.00142969
9.52e-08 0.000101563
9.53e-08 1.3411e-10
9.54e-08 0.0019375
9.55e-08 0.00383594
9.56e-08 0.00333594
9.57e-08 0.000570313
9.58e-08 -0.002
9.59e-08 -0.00217969
9.6e-08 -0.000773437
9.61e-08 0.000335938
9.62e-08 0.000257813
9.63e-08 1.3411e-10
9.64e-08 0.000765625
9.65e-08 0.00177344
9.66e-08 0.00182813
9.67e-08 0.000867188
9.68e-08 1.3411e-10
9.69e-08 0.000132813
9.7e-08 0.000242188
9.71e-08 -0.000625
9.72e-08 -0.001875
9.73e-08 -0.002
9.74e-08 -0.000242187
9.75e-08 0.00160938
9.76e-08 0.00172656
9.77e-08 0.000460938
9.78e-08 1.3411e-10
9.79e-08 0.00172656
9.8e-08 0.00367188
9.81e-08 0.00351563
9.82e-08 0.00146094
9.83e-08 1.3411e-10
9.84e-08 0.000867188
9.85e-08 0.0020625
9.86e-08 0.00107031
9.87e-08 -0.00185156
9.88e-08 -0.004
9.89e-08 -0.00310938
9.9e-08 -0.000867187
9.91e-08 0.000179688
9.92e-08 -0.000773437
9.93e-08 -0.002
9.94e-08 -0.00157031
9.95e-08 -0.000390625
9.96e-08 -7.03124e-05
9.97e-08 -0.00102344
9.98e-08 -0.002
9.99e-08 -0.001625
1e-07 -0.000515625
1.001e-07 0.000203125
1.002e-07 0.000132813
1.003e-07 1.3411e-10
1.004e-07 0.000390625
1.005e-07 0.000367188
1.006e-07 -0.00071875
1.007e-07 -0.00201562
1.008e-07 -0.002
1.009e-07 -0.000109375
1.01e-07 0.00172656
1.011e-07 0.00157813
1.012e-07 -0.000375
1.013e-07 -0.002
1.014e-07 -0.00141406
1.015e-07 0.000804688
1.016e-07 0.00282813
1.017e-07 0.00311719
1.018e-07 0.002
1.019e-07 0.000679688
1.02e-07 2.34376e-05
1.021e-07 7.03126e-05
1.022e-07 0.000257813
1.023e-07 1.3411e-10
1.024e-07 -0.00084375
1.025e-07 -0.00176562
1.026e-07 -0.00202344
1.027e-07 -0.00128125
1.028e-07 1.3411e-10
1.029e-07 0.000921875
1.03e-07 0.000625
1.031e-07 -0.000804687
1.032e-07 -0.00207812
1.033e-07 -0.002
1.034e-07 -0.0003125
1.035e-07 0.00151563
1.036e-07 0.00199219
1.037e-07 0.00100781
1.038e-07 1.3411e-10
1.039e-07 0.000289063
1.04e-07 0.0014375
1.041e-07 0.00225781
1.042e-07 0.00221875
1.043e-07 0.002
1.044e-07 0.00225
1.045e-07 0.00228125
1.046e-07 0.00138281
1.047e-07 0.000179688
1.048e-07 1.3411e-10
1.049e-07 0.00125781
1.05e-07 0.00217188
1.051e-07 0.00121094
1.052e-07 -0.00090625
1.053e-07 -0.002
1.054e-07 -0.000664062
1.055e-07 0.00142188
1.056e-07 0.00188281
1.057e-07 0.000148438
1.058e-07 -0.002
1.059e-07 -0.00232812
1.06e-07 -0.000984375
1.061e-07 0.000765625
1.062e-07 0.00172656
1.063e-07 0.002
1.064e-07 0.00196094
1.065e-07 0.000921875
1.066e-07 -0.00120312
1.067e-07 -0.00276562
1.068e-07 -0.002
1.069e-07 0.0011875
1.07e-07 0.00378125
1.071e-07 0.00321875
1.072e-07 0.000210938
1.073e-07 -0.002
1.074e-07 -0.00103125
1.075e-07 0.00125
1.076e-07 0.00192188
1.077e-07 0.000140625
1.078e-07 -0.002
1.079e-07 -0.00207031
1.08e-07 -0.000734375
1.081e-07 0.000328125
1.082e-07 0.000265625
1.083e-07 1.3411e-10
1.084e-07 0.000671875
1.085e-07 0.0016875
1.086e-07 0.002
1.087e-07 0.00121094
1.088e-07 1.3411e-10
1.089e-07 -0.000640625
1.09e-07 -0.000414062
1.091e-07 0.000460938
1.092e-07 0.00138281
1.093e-07 0.002
1.094e-07 0.00215625
1.095e-07 0.0020625
1.096e-07 0.00196094
1.097e-07 0.00196094
1.098e-07 0.002
1.099e-07 0.00192969
1.1e-07 0.0019375
1.101e-07 0.00210156
1.102e-07 0.00222656
1.103e-07 0.002
1.104e-07 0.00122656
1.105e-07 0.00034375
1.106e-07 -0.000210937
1.107e-07 -0.000234375
1.108e-07 1.3411e-10
1.109e-07 0.000140625
1.11e-07 7.81251e-05
1.111e-07 -7.81249e-05
1.112e-07 -0.000125
1.113e-07 1.3411e-10
1.114e-07 0.000234375
1.115e-07 0.000164063
1.116e-07 -0.000257812
1.117e-07 -0.000507812
1.118e-07 1.3411e-10
1.119e-07 0.00128125
1.12e-07 0.00207813
1.121e-07 0.00149219
1.122e-07 0.000242188
1.123e-07 1.3411e-10
1.124e-07 0.00154688
1.125e-07 0.00345313
1.126e-07 0.00397656
1.127e-07 0.00294531
1.128e-07 0.002
1.129e-07 0.00248438
1.13e-07 0.00366406
1.131e-07 0.003875
1.132e-07 0.00235938
1.133e-07 1.3411e-10
1.134e-07 -0.00174219
1.135e-07 -0.00224219
1.136e-07 -0.00164844
1.137e-07 -0.000703125
1.138e-07 1.3411e-10
1.139e-07 0.00025
1.14e-07 0.000125
1.141e-07 -7.81249e-05
1.142e-07 -0.000101562
1.143e-07 1.3411e-10
1.144e-07 9.37501e-05
1.145e-07 5.46876e-05
1.146e-07 -6.24999e-05
1.147e-07 -0.000109375
1.148e-07 1.3411e-10
1.149e-07 0.000179688
1.15e-07 0.000132813
1.151e-07 -0.000234375
1.152e-07 -0.000460937
1.153e-07 1.3411e-10
1.154e-07 0.00117188
1.155e-07 0.002
1.156e-07 0.00163281
1.157e-07 0.00053125
1.158e-07 1.3411e-10
1.159e-07 0.000765625
1.16e-07 0.00178906
1.161e-07 0.00177344
1.162e-07 0.000734375
1.163e-07 1.3411e-10
1.164e-07 0.000632813
1.165e-07 0.00171094
1.166e-07 0.001875
1.167e-07 0.000929688
1.168e-07 1.3411e-10
1.169e-07 3.12501e-05
1.17e-07 0.000171875
1.171e-07 -0.000539062
1.172e-07 -0.00172656
1.173e-07 -0.002
1.174e-07 -0.000507812
1.175e-07 0.00139844
1.176e-07 0.00211719
1.177e-07 0.00125
1.178e-07 1.3411e-10
1.179e-07 -0.000328125
1.18e-07 -7.03124e-05
1.181e-07 -0.0001875
1.182e-07 -0.00104687
1.183e-07 -0.002
1.184e-07 -0.002
1.185e-07 -0.000898437
1.186e-07 0.000898438
1.187e-07 0.00264844
1.188e-07 0.004
1.189e-07 0.00448438
1.19e-07 0.00325781
1.191e-07 0.000429688
1.192e-07 -0.00197656
1.193e-07 -0.002
1.194e-07 0.000640625
1.195e-07 0.00339063
1.196e-07 0.00375781
1.197e-07 0.00178906
1.198e-07 1.3411e-10
1.199e-07 0.000414063
1.2e-07 0.00169531
1.201e-07 0.00164844
1.202e-07 -0.000171875
1.203e-07 -0.002
1.204e-07 -0.001875
1.205e-07 -0.000617187
1.206e-07 0.00021875
1.207e-07 8.59376e-05
1.208e-07 1.3411e-10
1.209e-07 0.000898438
1.21e-07 0.00184375
1.211e-07 0.00175781
1.212e-07 0.000742188
1.213e-07 1.3411e-10
1.214e-07 0.000476563
1.215e-07 0.00159375
1.216e-07 0.00207813
1.217e-07 0.00132813
1.218e-07 1.3411e-10
1.219e-07 -0.0008125
1.22e-07 -0.00053125
1.221e-07 0.000617188
1.222e-07 0.00171875
1.223e-07 0.002
1.224e-07 0.001125
1.225e-07 -0.000835937
1.226e-07 -0.00311719
1.227e-07 -0.00436719
1.228e-07 -0.004
1.229e-07 -0.00228906
1.23e-07 -0.000554687
1.231e-07 0.00021875
1.232e-07 7.03126e-05
1.233e-07 1.3411e-10
1.234e-07 0.000765625
1.235e-07 0.00174219
1.236e-07 0.00192969
1.237e-07 0.00107031
1.238e-07 1.3411e-10
1.239e-07 -0.000375
1.24e-07 -0.000171875
1.241e-07 3.12501e-05
1.242e-07 -1.56249e-05
1.243e-07 1.3411e-10
1.244e-07 0.000289063
1.245e-07 0.000265625
1.246e-07 -0.000492187
1.247e-07 -0.00153906
1.248e-07 -0.002
1.249e-07 -0.00136719
1.25e-07 -0.000382812
1.251e-07 0.000132813
1.252e-07 3.12501e-05
1.253e-07 1.3411e-10
1.254e-07 0.000671875
1.255e-07 0.00165625
1.256e-07 0.00211719
1.257e-07 0.00146875
1.258e-07 1.3411e-10
1.259e-07 -0.00145312
1.26e-07 -0.00210156
1.261e-07 -0.00171875
1.262e-07 -0.00078125
1.263e-07 1.3411e-10
1.264e-07 0.00015625
1.265e-07 1.3411e-10
1.266e-07 0.000125
1.267e-07 0.000859375
1.268e-07 0.002
1.269e-07 0.00283594
1.27e-07 0.002625
1.271e-07 0.001125
1.272e-07 -0.000757812
1.273e-07 -0.002
1.274e-07 -0.00214062
1.275e-07 -0.00198437
1.276e-07 -0.00228125
1.277e-07 -0.00264062
1.278e-07 -0.002
1.279e-07 4.68751e-05
1.28e-07 0.00178906
1.281e-07 0.00160156
1.282e-07 -0.00028125
1.283e-07 -0.002
1.284e-07 -0.00185937
1.285e-07 -0.000578125
1.286e-07 0.0001875
1.287e-07 -0.000523437
1.288e-07 -0.002
1.289e-07 -0.00284375
1.29e-07 -0.00257812
1.291e-07 -0.00135937
1.292e-07 0.000273438
1.293e-07 0.002
1.294e-07 0.00325
1.295e-07 0.00289844
1.296e-07 0.000710938
1.297e-07 -0.00157812
1.298e-07 -0.002
1.299e-07 -5.46874e-05
1.3e-07 0.00177344
1.301e-07 0.00155469
1.302e-07 -0.000460937
1.303e-07 -0.002
1.304e-07 -0.000226562
1.305e-07 0.00167969
1.306e-07 0.00173438
1.307e-07 -0.000125
1.308e-07 -0.002
1.309e-07 -0.000640625
1.31e-07 0.00200781
1.311e-07 0.00576563
1.312e-07 0.0125234
1.313e-07 0.026
1.314e-07 0.0472891
1.315e-07 0.0712656
1.316e-07 0.0907109
1.317e-07 0.0995234
1.318e-07 0.1
1.319e-07 0.0941484
1.32e-07 0.084375
1.321e-07 0.0706641
1.322e-07 0.0581641
1.323e-07 0.052
1.324e-07 0.0527344
1.325e-07 0.059625
1.326e-07 0.067375
1.327e-07 0.0719609
1.328e-07 0.074
1.329e-07 0.0721797
1.33e-07 0.0658125
1.331e-07 0.0528516
1.332e-07 0.0362813
1.333e-07 0.02
1.334e-07 0.0070625
1.335e-07 -0.00211719
1.336e-07 -0.00992969
1.337e-07 -0.0181172
1.338e-07 -0.028
1.339e-07 -0.0373125
1.34e-07 -0.0452734
1.341e-07 -0.0494453
1.342e-07 -0.0503828
1.343e-07 -0.052
1.344e-07 -0.0536953
1.345e-07 -0.0567969
1.346e-07 -0.0582969
1.347e-07 -0.0564297
1.348e-07 -0.052
1.349e-07 -0.0439609
1.35e-07 -0.0319688
1.351e-07 -0.0153047
1.352e-07 0.00242188
1.353e-07 0.018
1.354e-07 0.0265469
1.355e-07 0.0270234
1.356e-07 0.0195938
1.357e-07 0.00994531
1.358e-07 0.004
1.359e-07 0.00174219
1.36e-07 0.00128125
1.361e-07 -0.00286719
1.362e-07 -0.0117188
1.363e-07 -0.022
1.364e-07 -0.0309063
1.365e-07 -0.0373438
1.366e-07 -0.0428281
1.367e-07 -0.0478047
1.368e-07 -0.052
1.369e-07 -0.0540078
1.37e-07 -0.0552813
1.371e-07 -0.0568359
1.372e-07 -0.0590547
1.373e-07 -0.062
1.374e-07 -0.0644609
1.375e-07 -0.0678359
1.376e-07 -0.0722891
1.377e-07 -0.0766406
1.378e-07 -0.08
1.379e-07 -0.0805781
1.38e-07 -0.0792734
1.381e-07 -0.0766406
1.382e-07 -0.0734922
1.383e-07 -0.07
1.384e-07 -0.0659609
1.385e-07 -0.0628516
1.386e-07 -0.0615391
1.387e-07 -0.0622734
1.388e-07 -0.064
1.389e-07 -0.0644141
1.39e-07 -0.0654688
1.391e-07 -0.0661094
1.392e-07 -0.0660313
1.393e-07 -0.066
1.394e-07 -0.0640078
1.395e-07 -0.0627266
1.396e-07 -0.0611953
1.397e-07 -0.057375
1.398e-07 -0.048
1.399e-07 -0.0283594
1.4e-07 0.00447656
1.401e-07 0.0486016
1.402e-07 0.090625
1.403e-07 0.122
1.404e-07 0.133203
1.405e-07 0.128016
1.406e-07 0.110563
1.407e-07 0.0909844
1.408e-07 0.076
1.409e-07 0.063125
1.41e-07 0.0541406
1.411e-07 0.0452734
1.412e-07 0.0347109
1.413e-07 0.022
1.414e-07 0.00774219
1.415e-07 -0.0040625
1.416e-07 -0.0104688
1.417e-07 -0.0117656
1.418e-07 -0.012
1.419e-07 -0.0118203
1.42e-07 -0.0123047
1.421e-07 -0.0107109
1.422e-07 -0.00648438
1.423e-07 -0.002
1.424e-07 0.00116406
1.425e-07 0.00117188
1.426e-07 -0.00142969
1.427e-07 -0.00439844
1.428e-07 -0.006
1.429e-07 -0.00540625
1.43e-07 -0.00228906
1.431e-07 0.00217188
1.432e-07 0.00638281
1.433e-07 0.01
1.434e-07 0.0116719
1.435e-07 0.0103438
1.436e-07 0.004875
1.437e-07 -0.00328906
1.438e-07 -0.012
1.439e-07 -0.0189922
1.44e-07 -0.0252031
1.441e-07 -0.0305703
1.442e-07 -0.03425
1.443e-07 -0.036
1.444e-07 -0.0334766
1.445e-07 -0.0289922
1.446e-07 -0.0228438
1.447e-07 -0.0159688
1.448e-07 -0.008
1.449e-07 0.00260938
1.45e-07 0.0150781
1.451e-07 0.02875
1.452e-07 0.041625
1.453e-07 0.054
1.454e-07 0.0635156
1.455e-07 0.0694453
1.456e-07 0.0689609
1.457e-07 0.0626094
1.458e-07 0.054
1.459e-07 0.0440859
1.46e-07 0.0357891
1.461e-07 0.0280234
1.462e-07 0.0207969
1.463e-07 0.014
1.464e-07 0.00725
1.465e-07 0.00189844
1.466e-07 -0.00157031
1.467e-07 -0.00263281
1.468e-07 -0.002
1.469e-07 -0.00107031
1.47e-07 -0.00222656
1.471e-07 -0.00629688
1.472e-07 -0.0115078
1.473e-07 -0.016
1.474e-07 -0.018875
1.475e-07 -0.0227109
1.476e-07 -0.0302656
1.477e-07 -0.0403438
1.478e-07 -0.05
1.479e-07 -0.0553672
1.48e-07 -0.056625
1.481e-07 -0.0551875
1.482e-07 -0.0532109
1.483e-07 -0.052
1.484e-07 -0.0509766
1.485e-07 -0.0522891
1.486e-07 -0.0560234
1.487e-07 -0.0605234
1.488e-07 -0.064
1.489e-07 -0.0637344
1.49e-07 -0.0616328
1.491e-07 -0.0582578
1.492e-07 -0.0543906
1.493e-07 -0.05
1.494e-07 -0.0439688
1.495e-07 -0.0384141
1.496e-07 -0.0339531
1.497e-07 -0.0304609
1.498e-07 -0.026
1.499e-07 -0.0185469
1.5e-07 -0.00909375
1.501e-07 0.000796875
1.502e-07 0.00849219
1.503e-07 0.014
1.504e-07 0.0174375
1.505e-07 0.0194141
1.506e-07 0.0203047
1.507e-07 0.0212734
1.508e-07 0.024
1.509e-07 0.0281406
1.51e-07 0.0333281
1.511e-07 0.0382266
1.512e-07 0.0420625
1.513e-07 0.046
1.514e-07 0.0494297
1.515e-07 0.0517734
1.516e-07 0.0514609
1.517e-07 0.0488359
1.518e-07 0.046
1.519e-07 0.0439453
1.52e-07 0.0426563
1.521e-07 0.0410078
1.522e-07 0.0391172
1.523e-07 0.038
1.524e-07 0.0381406
1.525e-07 0.0383203
1.526e-07 0.0371797
1.527e-07 0.0351875
1.528e-07 0.034
1.529e-07 0.0346328
1.53e-07 0.0357188
1.531e-07 0.0357344
1.532e-07 0.0351641
1.533e-07 0.036
1.534e-07 0.0389063
1.535e-07 0.0417266
1.536e-07 0.0411953
1.537e-07 0.0365547
1.538e-07 0.03
1.539e-07 0.0242266
1.54e-07 0.0198281
1.541e-07 0.0161953
1.542e-07 0.0129922
1.543e-07 0.01
1.544e-07 0.0083125
1.545e-07 0.00775781
1.546e-07 0.00845313
1.547e-07 0.0100313
1.548e-07 0.012
1.549e-07 0.0144453
1.55e-07 0.0167734
1.551e-07 0.0192109
1.552e-07 0.0221484
1.553e-07 0.026
1.554e-07 0.0297266
1.555e-07 0.031
1.556e-07 0.0279219
1.557e-07 0.0223906
1.558e-07 0.018
1.559e-07 0.0161719
1.56e-07 0.0151172
1.561e-07 0.0119453
1.562e-07 0.00721875
1.563e-07 0.004
1.564e-07 0.00459375
1.565e-07 0.00713281
1.566e-07 0.00799219
1.567e-07 0.00517188
1.568e-07 1.3411e-10
1.569e-07 -0.00457031
1.57e-07 -0.00735938
1.571e-07 -0.0084375
1.572e-07 -0.00839063
1.573e-07 -0.008
1.574e-07 -0.00774219
1.575e-07 -0.00778906
1.576e-07 -0.00832031
1.577e-07 -0.00910938
1.578e-07 -0.01
1.579e-07 -0.0115156
1.58e-07 -0.0141016
1.581e-07 -0.0181172
1.582e-07 -0.0229219
1.583e-07 -0.028
1.584e-07 -0.0322734
1.585e-07 -0.035125
1.586e-07 -0.0365547
1.587e-07 -0.0376641
1.588e-07 -0.04
1.589e-07 -0.0428672
1.59e-07 -0.0444609
1.591e-07 -0.0425469
1.592e-07 -0.0380391
1.593e-07 -0.034
1.594e-07 -0.0320781
1.595e-07 -0.0319766
1.596e-07 -0.0315391
1.597e-07 -0.0298672
1.598e-07 -0.028
1.599e-07 -0.0272188
1.6e-07 -0.0277031
1.601e-07 -0.0280859
1.602e-07 -0.0269688
1.603e-07 -0.024
1.604e-07 -0.0197266
1.605e-07 -0.0156094
1.606e-07 -0.0127813
1.607e-07 -0.011875
1.608e-07 -0.012
1.609e-07 -0.0118828
1.61e-07 -0.0109609
1.611e-07 -0.00892188
1.612e-07 -0.0059375
1.613e-07 -0.002
1.614e-07 0.00235938
1.615e-07 0.00636719
1.616e-07 0.00925781
1.617e-07 0.0108047
1.618e-07 0.012
1.619e-07 0.0130781
1.62e-07 0.0138906
1.621e-07 0.0138203
1.622e-07 0.0129297
1.623e-07 0.012
1.624e-07 0.0114688
1.625e-07 0.0116641
1.626e-07 0.0123203
1.627e-07 0.0130859
1.628e-07 0.014
1.629e-07 0.015125
1.63e-07 0.0169219
1.631e-07 0.019125
1.632e-07 0.0204453
1.633e-07 0.02
1.634e-07 0.0178516
1.635e-07 0.0161406
1.636e-07 0.0164609
1.637e-07 0.0184141
1.638e-07 0.02
1.639e-07 0.0192969
1.64e-07 0.017125
1.641e-07 0.0152109
1.642e-07 0.0149609
1.643e-07 0.016
1.644e-07 0.0169219
1.645e-07 0.0166719
1.646e-07 0.0151406
1.647e-07 0.0132813
1.648e-07 0.012
1.649e-07 0.0118047
1.65e-07 0.0119688
1.651e-07 0.0118125
1.652e-07 0.0115234
1.653e-07 0.012
1.654e-07 0.0139375
1.655e-07 0.0166875
1.656e-07 0.0190078
1.657e-07 0.0199844
1.658e-07 0.02
1.659e-07 0.0195078
1.66e-07 0.0187031
1.661e-07 0.0170859
1.662e-07 0.0147188
1.663e-07 0.012
1.664e-07 0.00950781
1.665e-07 0.008125
1.666e-07 0.00810938
1.667e-07 0.00903125
1.668e-07 0.01
1.669e-07 0.0101172
1.67e-07 0.00899219
1.671e-07 0.00691406
1.672e-07 0.00501563
1.673e-07 0.004
1.674e-07 0.00398438
1.675e-07 0.004125
1.676e-07 0.00361719
1.677e-07 0.00263281
1.678e-07 0.002
1.679e-07 0.00214063
1.68e-07 0.00227344
1.681e-07 0.00133594
1.682e-07 -0.000460937
1.683e-07 -0.002
1.684e-07 -0.00249219
1.685e-07 -0.0031875
1.686e-07 -0.00527344
1.687e-07 -0.00808594
1.688e-07 -0.01
1.689e-07 -0.00992969
1.69e-07 -0.00967969
1.691e-07 -0.0108906
1.692e-07 -0.0130156
1.693e-07 -0.014
1.694e-07 -0.0121328
1.695e-07 -0.00916406
1.696e-07 -0.00746875
1.697e-07 -0.00817969
1.698e-07 -0.01
1.699e-07 -0.0108203
1.7e-07 -0.0104375
1.701e-07 -0.00967188
1.702e-07 -0.00948438
1.703e-07 -0.01
1.704e-07 -0.0107656
1.705e-07 -0.0116797
1.706e-07 -0.0122422
1.707e-07 -0.0117656
1.708e-07 -0.01
1.709e-07 -0.00746875
1.71e-07 -0.00596875
1.711e-07 -0.00653906
1.712e-07 -0.0085
1.713e-07 -0.01
1.714e-07 -0.00949219
1.715e-07 -0.00735938
1.716e-07 -0.00484375
1.717e-07 -0.003125
1.718e-07 -0.002
1.719e-07 -0.00096875
1.72e-07 -0.000195312
1.721e-07 -7.81237e-06
1.722e-07 -0.000164062
1.723e-07 1.3411e-10
1.724e-07 0.000539063
1.725e-07 0.0005
1.726e-07 -0.000882812
1.727e-07 -0.00288281
1.728e-07 -0.004
1.729e-07 -0.00321094
1.73e-07 -0.00114844
1.731e-07 0.000882813
1.732e-07 0.00182813
1.733e-07 0.002
1.734e-07 0.00210938
1.735e-07 0.00208594
1.736e-07 0.00178906
1.737e-07 0.00157031
1.738e-07 0.002
1.739e-07 0.00313281
1.74e-07 0.00397656
1.741e-07 0.00364844
1.742e-07 0.00255469
1.743e-07 0.002
1.744e-07 0.00265625
1.745e-07 0.00370313
1.746e-07 0.00392969
1.747e-07 0.00305469
1.748e-07 0.002
1.749e-07 0.00178125
1.75e-07 0.00197656
1.751e-07 0.0018125
1.752e-07 0.00100781
1.753e-07 1.3411e-10
1.754e-07 -0.0004375
1.755e-07 -0.000289062
1.756e-07 0.000296875
1.757e-07 0.0010625
1.758e-07 0.002
1.759e-07 0.00326563
1.76e-07 0.00502344
1.761e-07 0.00696094
1.762e-07 0.00813281
1.763e-07 0.008
1.764e-07 0.00650781
1.765e-07 0.00470313
1.766e-07 0.00354688
1.767e-07 0.00350781
1.768e-07 0.004
1.769e-07 0.00400781
1.77e-07 0.00291406
1.771e-07 0.000953125
1.772e-07 -0.000398437
1.773e-07 1.3411e-10
1.774e-07 0.00208594
1.775e-07 0.00378125
1.776e-07 0.00360938
1.777e-07 0.00228125
1.778e-07 0.002
1.779e-07 0.00392969
1.78e-07 0.00585156
1.781e-07 0.00524219
1.782e-07 0.00235156
1.783e-07 1.3411e-10
1.784e-07 0.00053125
1.785e-07 0.00289063
1.786e-07 0.00450781
1.787e-07 0.003875
1.788e-07 0.002
1.789e-07 0.000625
1.79e-07 0.000101563
1.791e-07 -0.000195312
1.792e-07 -0.000875
1.793e-07 -0.002
1.794e-07 -0.00309375
1.795e-07 -0.003875
1.796e-07 -0.00398438
1.797e-07 -0.00328125
1.798e-07 -0.002
1.799e-07 -0.000679687
1.8e-07 2.34376e-05
1.801e-07 -0.000210937
1.802e-07 -0.00109375
1.803e-07 -0.002
1.804e-07 -0.00236719
1.805e-07 -0.00219531
1.806e-07 -0.00183594
1.807e-07 -0.00171094
1.808e-07 -0.002
1.809e-07 -0.002625
1.81e-07 -0.00353906
1.811e-07 -0.00442969
1.812e-07 -0.00469531
1.813e-07 -0.004
1.814e-07 -0.00239062
1.815e-07 -0.00065625
1.816e-07 0.000429688
1.817e-07 0.000492188
1.818e-07 1.3411e-10
1.819e-07 -0.00034375
1.82e-07 -0.000242187
1.821e-07 0.000265625
1.822e-07 0.00103906
1.823e-07 0.002
1.824e-07 0.00275781
1.825e-07 0.00254688
1.826e-07 0.0011875
1.827e-07 -0.000125
1.828e-07 1.3411e-10
1.829e-07 0.00183594
1.83e-07 0.00367188
1.831e-07 0.00372656
1.832e-07 0.00192969
1.833e-07 1.3411e-10
1.834e-07 -0.000265625
1.835e-07 0.00104688
1.836e-07 0.00276563
1.837e-07 0.00372656
1.838e-07 0.004
1.839e-07 0.004125
1.84e-07 0.00409375
1.841e-07 0.00377344
1.842e-07 0.0035625
1.843e-07 0.004
1.844e-07 0.00484375
1.845e-07 0.00470313
1.846e-07 0.00282813
1.847e-07 0.000578125
1.848e-07 1.3411e-10
1.849e-07 0.00180469
1.85e-07 0.00376563
1.851e-07 0.00342188
1.852e-07 0.000710938
1.853e-07 -0.002
1.854e-07 -0.00232031
1.855e-07 -0.000875
1.856e-07 0.0005
1.857e-07 0.00059375
1.858e-07 1.3411e-10
1.859e-07 -0.000101562
1.86e-07 7.81263e-06
1.861e-07 -0.000210937
1.862e-07 -0.000484375
1.863e-07 1.3411e-10
1.864e-07 0.00140625
1.865e-07 0.00221875
1.866e-07 0.00124219
1.867e-07 -0.000789062
1.868e-07 -0.002
1.869e-07 -0.00128125
1.87e-07 -0.000140625
1.871e-07 -0.000453125
1.872e-07 -0.0023125
1.873e-07 -0.004
1.874e-07 -0.0038125
1.875e-07 -0.00259375
1.876e-07 -0.00177344
1.877e-07 -0.00188281
1.878e-07 -0.002
1.879e-07 -0.00119531
1.88e-07 -0.000226562
1.881e-07 -0.000125
1.882e-07 -0.00105469
1.883e-07 -0.002
1.884e-07 -0.00189062
1.885e-07 -0.00071875
1.886e-07 0.000585938
1.887e-07 0.00090625
1.888e-07 1.3411e-10
1.889e-07 -0.00171094
1.89e-07 -0.0034375
1.891e-07 -0.00432031
1.892e-07 -0.00375
1.893e-07 -0.002
1.894e-07 -6.24999e-05
1.895e-07 0.000492188
1.896e-07 -0.000921875
1.897e-07 -0.00303906
1.898e-07 -0.004
1.899e-07 -0.00285156
1.9e-07 -0.000835937
1.901e-07 0.000398438
1.902e-07 0.000304688
1.903e-07 1.3411e-10
1.904e-07 0.000625
1.905e-07 0.00167969
1.906e-07 0.0019375
1.907e-07 0.0010625
1.908e-07 1.3411e-10
1.909e-07 -0.00025
1.91e-07 -7.81249e-05
1.911e-07 -0.000117187
1.912e-07 -0.000304687
1.913e-07 1.3411e-10
1.914e-07 0.000859375
1.915e-07 0.000734375
1.916e-07 -0.00124219
1.917e-07 -0.00360156
1.918e-07 -0.004
1.919e-07 -0.00120312
1.92e-07 0.00259375
1.921e-07 0.004625
1.922e-07 0.00384375
1.923e-07 0.002
1.924e-07 0.00127344
1.925e-07 0.00165625
1.926e-07 0.00210938
1.927e-07 0.00204688
1.928e-07 0.002
1.929e-07 0.00264063
1.93e-07 0.00360156
1.931e-07 0.00417188
1.932e-07 0.004125
1.933e-07 0.004
1.934e-07 0.00415625
1.935e-07 0.00417969
1.936e-07 0.00363281
1.937e-07 0.00271094
1.938e-07 0.002
1.939e-07 0.00196094
1.94e-07 0.00204688
1.941e-07 0.00175781
1.942e-07 0.00145313
1.943e-07 0.002
1.944e-07 0.00378125
1.945e-07 0.00550781
1.946e-07 0.00605469
1.947e-07 0.00573438
1.948e-07 0.006
1.949e-07 0.00746875
1.95e-07 0.00835156
1.951e-07 0.00692188
1.952e-07 0.00396875
1.953e-07 0.002
1.954e-07 0.00279688
1.955e-07 0.00505469
1.956e-07 0.00632031
1.957e-07 0.00553906
1.958e-07 0.004
1.959e-07 0.00341406
1.96e-07 0.00372656
1.961e-07 0.00407813
1.962e-07 0.00403125
1.963e-07 0.004
1.964e-07 0.00436719
1.965e-07 0.00438281
1.966e-07 0.00329688
1.967e-07 0.00148438
1.968e-07 1.3411e-10
1.969e-07 -0.000367187
1.97e-07 -0.000140625
1.971e-07 -4.68749e-05
1.972e-07 -0.0001875
1.973e-07 1.3411e-10
1.974e-07 0.00096875
1.975e-07 0.00186719
1.976e-07 0.00179688
1.977e-07 0.000851563
1.978e-07 1.3411e-10
1.979e-07 -7.81237e-06
1.98e-07 0.000132813
1.981e-07 -0.000421875
1.982e-07 -0.00146094
1.983e-07 -0.002
1.984e-07 -0.00134375
1.985e-07 -0.000304687
1.986e-07 -3.90624e-05
1.987e-07 -0.000867187
1.988e-07 -0.002
1.989e-07 -0.00242969
1.99e-07 -0.00221094
1.991e-07 -0.00188281
1.992e-07 -0.00185156
1.993e-07 -0.002
1.994e-07 -0.00200781
1.995e-07 -0.00199219
1.996e-07 -0.00207031
1.997e-07 -0.00214062
1.998e-07 -0.002
1.999e-07 -0.00166406
2e-07 -0.00171094
2.001e-07 -0.00247656
2.002e-07 -0.00349219
2.003e-07 -0.004
2.004e-07 -0.00355469
2.005e-07 -0.00251562
2.006e-07 -0.00164844
2.007e-07 -0.00154687
2.008e-07 -0.002
2.009e-07 -0.00240625
2.01e-07 -0.00226562
2.011e-07 -0.00167187
2.012e-07 -0.00136719
2.013e-07 -0.002
2.014e-07 -0.00364063
2.015e-07 -0.00542969
2.016e-07 -0.00625
2.017e-07 -0.00557031
2.018e-07 -0.004
2.019e-07 -0.00255469
2.02e-07 -0.00192187
2.021e-07 -0.00222656
2.022e-07 -0.00308594
2.023e-07 -0.004
2.024e-07 -0.00450781
2.025e-07 -0.00435156
2.026e-07 -0.00355469
2.027e-07 -0.00261719
2.028e-07 -0.002
2.029e-07 -0.00185937
2.03e-07 -0.00194531
2.031e-07 -0.002
2.032e-07 -0.00196875
2.033e-07 -0.002
2.034e-07 -0.00213281
2.035e-07 -0.00214062
2.036e-07 -0.00177344
2.037e-07 -0.000984375
2.038e-07 1.3411e-10
2.039e-07 0.000695313
2.04e-07 0.000445313
2.041e-07 -0.000609375
2.042e-07 -0.00116406
2.043e-07 1.3411e-10
2.044e-07 0.00263281
2.045e-07 0.00424219
2.046e-07 0.00290625
2.047e-07 -0.000203125
2.048e-07 -0.002
2.049e-07 -0.000476562
2.05e-07 0.00267969
2.051e-07 0.00457813
2.052e-07 0.00385156
2.053e-07 0.002
2.054e-07 0.00117969
2.055e-07 0.001625
2.056e-07 0.00217188
2.057e-07 0.00163281
2.058e-07 1.3411e-10
2.059e-07 -0.00175781
2.06e-07 -0.00238281
2.061e-07 -0.00121875
2.062e-07 0.000773438
2.063e-07 0.002
2.064e-07 0.0015
2.065e-07 0.000382813
2.066e-07 3.90626e-05
2.067e-07 0.000382813
2.068e-07 1.3411e-10
2.069e-07 -0.00175781
2.07e-07 -0.00257031
2.071e-07 -0.000585937
2.072e-07 0.00271094
2.073e-07 0.004
2.074e-07 0.0015
2.075e-07 -0.00147656
2.076e-07 -0.00133594
2.077e-07 0.00173438
2.078e-07 0.004
2.079e-07 0.00236719
2.08e-07 -0.000875
2.081e-07 -0.00211719
2.082e-07 -0.000304687
2.083e-07 0.002
2.084e-07 0.00192969
2.085e-07 0.000554688
2.086e-07 3.12501e-05
2.087e-07 0.00102344
2.088e-07 0.002
2.089e-07 0.00141406
2.09e-07 0.000304688
2.091e-07 0.000132813
2.092e-07 0.00110938
2.093e-07 0.002
2.094e-07 0.00160156
2.095e-07 0.000460938
2.096e-07 -0.000179687
2.097e-07 0.000484375
2.098e-07 0.002
2.099e-07 0.003125
2.1e-07 0.0028125
2.101e-07 0.000890625
2.102e-07 -0.00123437
2.103e-07 -0.002
2.104e-07 -0.000773437
2.105e-07 0.00120313
2.106e-07 0.00233594
2.107e-07 0.00221875
2.108e-07 0.002
2.109e-07 0.00249219
2.11e-07 0.00251563
2.111e-07 0.000960938
2.112e-07 -0.00122656
2.113e-07 -0.002
2.114e-07 -0.000304687
2.115e-07 0.00170313
2.116e-07 0.00146875
2.117e-07 -0.00119531
2.118e-07 -0.004
2.119e-07 -0.00453125
2.12e-07 -0.00307813
2.121e-07 -0.00114844
2.122e-07 -0.000164062
2.123e-07 1.3411e-10
2.124e-07 0.000148438
2.125e-07 0.00015625
2.126e-07 -0.0003125
2.127e-07 -0.00117969
2.128e-07 -0.002
2.129e-07 -0.00235156
2.13e-07 -0.00224219
2.131e-07 -0.00173437
2.132e-07 -0.000960937
2.133e-07 1.3411e-10
2.134e-07 0.000953125
2.135e-07 0.00177344
2.136e-07 0.00211719
2.137e-07 0.00152344
2.138e-07 1.3411e-10
2.139e-07 -0.00182812
2.14e-07 -0.0024375
2.141e-07 -0.00110156
2.142e-07 0.00103125
2.143e-07 0.002
2.144e-07 0.000757813
2.145e-07 -0.00128125
2.146e-07 -0.0021875
2.147e-07 -0.00133594
2.148e-07 1.3411e-10
2.149e-07 0.000335938
2.15e-07 6.25001e-05
2.151e-07 0.00021875
2.152e-07 0.00109375
2.153e-07 0.002
2.154e-07 0.002125
2.155e-07 0.00200781
2.156e-07 0.00215625
2.157e-07 0.00239063
2.158e-07 0.002
2.159e-07 0.000507813
2.16e-07 -0.00133594
2.161e-07 -0.002375
2.162e-07 -0.00179687
2.163e-07 1.3411e-10
2.164e-07 0.00185938
2.165e-07 0.00242188
2.166e-07 0.00120313
2.167e-07 -0.000773437
2.168e-07 -0.002
2.169e-07 -0.00161719
2.17e-07 -0.000492187
2.171e-07 0.000171875
2.172e-07 4.68751e-05
2.173e-07 1.3411e-10
2.174e-07 0.000820313
2.175e-07 0.00178906
2.176e-07 0.00185156
2.177e-07 0.000921875
2.178e-07 1.3411e-10
2.179e-07 -4.68749e-05
2.18e-07 0.000101563
2.181e-07 -0.000398437
2.182e-07 -0.00142187
2.183e-07 -0.002
2.184e-07 -0.00139062
2.185e-07 -0.000382812
2.186e-07 9.37501e-05
2.187e-07 -6.24999e-05
2.188e-07 1.3411e-10
2.189e-07 0.00090625
2.19e-07 0.00184375
2.191e-07 0.00179688
2.192e-07 0.0008125
2.193e-07 1.3411e-10
2.194e-07 0.000335938
2.195e-07 0.00144531
2.196e-07 0.00232031
2.197e-07 0.00239063
2.198e-07 0.002
2.199e-07 0.00155469
2.2e-07 0.000664063
2.201e-07 -0.000859375
2.202e-07 -0.00210937
2.203e-07 -0.002
2.204e-07 -0.000234375
2.205e-07 0.00157813
2.206e-07 0.001875
2.207e-07 0.000796875
2.208e-07 1.3411e-10
2.209e-07 0.000726563
2.21e-07 0.00179688
2.211e-07 0.00167969
2.212e-07 0.00053125
2.213e-07 1.3411e-10
2.214e-07 0.00113281
2.215e-07 0.002125
2.216e-07 0.00117969
2.217e-07 -0.001
2.218e-07 -0.002
2.219e-07 -0.000328125
2.22e-07 0.00171094
2.221e-07 0.00139063
2.222e-07 -0.00138281
2.223e-07 -0.004
2.224e-07 -0.00374219
2.225e-07 -0.00139062
2.226e-07 0.00096875
2.227e-07 0.00188281
2.228e-07 0.002
2.229e-07 0.00235156
2.23e-07 0.00233594
2.231e-07 0.00130469
2.232e-07 2.34376e-05
2.233e-07 1.3411e-10
2.234e-07 0.00182813
2.235e-07 0.00369531
2.236e-07 0.00361719
2.237e-07 0.00171875
2.238e-07 1.3411e-10
2.239e-07 -9.37499e-05
2.24e-07 0.000164063
2.241e-07 -0.000703125
2.242e-07 -0.00211719
2.243e-07 -0.002
2.244e-07 0.000773438
2.245e-07 0.00354688
2.246e-07 0.00345313
2.247e-07 0.000609375
2.248e-07 -0.002
2.249e-07 -0.00185937
