-2.5e-07 2.68221e-10
-2.4975e-07 2.68221e-10
-2.495e-07 2.68221e-10
-2.4925e-07 -0.004
-2.49e-07 2.68221e-10
-2.4875e-07 0.004
-2.485e-07 2.68221e-10
-2.4825e-07 2.68221e-10
-2.48e-07 2.68221e-10
-2.4775e-07 2.68221e-10
-2.475e-07 2.68221e-10
-2.4725e-07 2.68221e-10
-2.47e-07 2.68221e-10
-2.4675e-07 2.68221e-10
-2.465e-07 2.68221e-10
-2.4625e-07 0.004
-2.46e-07 2.68221e-10
-2.4575e-07 2.68221e-10
-2.455e-07 0.004
-2.4525e-07 -0.008
-2.45e-07 0.004
-2.4475e-07 2.68221e-10
-2.445e-07 0.004
-2.4425e-07 -0.004
-2.44e-07 2.68221e-10
-2.4375e-07 0.004
-2.435e-07 2.68221e-10
-2.4325e-07 2.68221e-10
-2.43e-07 -0.004
-2.4275e-07 2.68221e-10
-2.425e-07 2.68221e-10
-2.4225e-07 2.68221e-10
-2.42e-07 2.68221e-10
-2.4175e-07 -0.004
-2.415e-07 2.68221e-10
-2.4125e-07 2.68221e-10
-2.41e-07 -0.004
-2.4075e-07 2.68221e-10
-2.405e-07 0.004
-2.4025e-07 -0.004
-2.4e-07 0.004
-2.3975e-07 -0.004
-2.395e-07 0.004
-2.3925e-07 2.68221e-10
-2.39e-07 0.004
-2.3875e-07 2.68221e-10
-2.385e-07 0.004
-2.3825e-07 -0.004
-2.38e-07 0.004
-2.3775e-07 -0.004
-2.375e-07 0.008
-2.3725e-07 -0.004
-2.37e-07 0.004
-2.3675e-07 2.68221e-10
-2.365e-07 2.68221e-10
-2.3625e-07 -0.004
-2.36e-07 -0.004
-2.3575e-07 2.68221e-10
-2.355e-07 -0.004
-2.3525e-07 -0.008
-2.35e-07 2.68221e-10
-2.3475e-07 0.004
-2.345e-07 2.68221e-10
-2.3425e-07 2.68221e-10
-2.34e-07 2.68221e-10
-2.3375e-07 2.68221e-10
-2.335e-07 0.004
-2.3325e-07 2.68221e-10
-2.33e-07 2.68221e-10
-2.3275e-07 2.68221e-10
-2.325e-07 2.68221e-10
-2.3225e-07 0.004
-2.32e-07 2.68221e-10
-2.3175e-07 -0.004
-2.315e-07 -0.004
-2.3125e-07 0.004
-2.31e-07 0.004
-2.3075e-07 0.004
-2.305e-07 0.004
-2.3025e-07 0.004
-2.3e-07 -0.004
-2.2975e-07 -0.004
-2.295e-07 0.004
-2.2925e-07 -0.004
-2.29e-07 0.004
-2.2875e-07 -0.004
-2.285e-07 2.68221e-10
-2.2825e-07 2.68221e-10
-2.28e-07 0.004
-2.2775e-07 2.68221e-10
-2.275e-07 -0.004
-2.2725e-07 -0.004
-2.27e-07 0.004
-2.2675e-07 2.68221e-10
-2.265e-07 -0.004
-2.2625e-07 -0.004
-2.26e-07 2.68221e-10
-2.2575e-07 0.004
-2.255e-07 2.68221e-10
-2.2525e-07 2.68221e-10
-2.25e-07 -0.004
-2.2475e-07 2.68221e-10
-2.245e-07 2.68221e-10
-2.2425e-07 -0.004
-2.24e-07 0.004
-2.2375e-07 -0.008
-2.235e-07 2.68221e-10
-2.2325e-07 2.68221e-10
-2.23e-07 2.68221e-10
-2.2275e-07 2.68221e-10
-2.225e-07 2.68221e-10
-2.2225e-07 2.68221e-10
-2.22e-07 0.004
-2.2175e-07 2.68221e-10
-2.215e-07 2.68221e-10
-2.2125e-07 2.68221e-10
-2.21e-07 -0.004
-2.2075e-07 2.68221e-10
-2.205e-07 2.68221e-10
-2.2025e-07 2.68221e-10
-2.2e-07 0.004
-2.1975e-07 2.68221e-10
-2.195e-07 2.68221e-10
-2.1925e-07 0.004
-2.19e-07 -0.004
-2.1875e-07 0.004
-2.185e-07 -0.004
-2.1825e-07 0.008
-2.18e-07 0.004
-2.1775e-07 2.68221e-10
-2.175e-07 2.68221e-10
-2.1725e-07 0.004
-2.17e-07 2.68221e-10
-2.1675e-07 -0.004
-2.165e-07 2.68221e-10
-2.1625e-07 2.68221e-10
-2.16e-07 2.68221e-10
-2.1575e-07 2.68221e-10
-2.155e-07 2.68221e-10
-2.1525e-07 -0.004
-2.15e-07 0.004
-2.1475e-07 2.68221e-10
-2.145e-07 2.68221e-10
-2.1425e-07 2.68221e-10
-2.14e-07 2.68221e-10
-2.1375e-07 0.004
-2.135e-07 -0.004
-2.1325e-07 0.008
-2.13e-07 2.68221e-10
-2.1275e-07 0.004
-2.125e-07 -0.004
-2.1225e-07 0.004
-2.12e-07 0.004
-2.1175e-07 -0.004
-2.115e-07 2.68221e-10
-2.1125e-07 -0.008
-2.11e-07 2.68221e-10
-2.1075e-07 -0.004
-2.105e-07 2.68221e-10
-2.1025e-07 2.68221e-10
-2.1e-07 0.008
-2.0975e-07 2.68221e-10
-2.095e-07 2.68221e-10
-2.0925e-07 -0.004
-2.09e-07 2.68221e-10
-2.0875e-07 -0.004
-2.085e-07 0.004
-2.0825e-07 -0.004
-2.08e-07 0.004
-2.0775e-07 2.68221e-10
-2.075e-07 2.68221e-10
-2.0725e-07 2.68221e-10
-2.07e-07 0.004
-2.0675e-07 -0.004
-2.065e-07 2.68221e-10
-2.0625e-07 2.68221e-10
-2.06e-07 2.68221e-10
-2.0575e-07 0.004
-2.055e-07 2.68221e-10
-2.0525e-07 -0.004
-2.05e-07 0.004
-2.0475e-07 -0.004
-2.045e-07 2.68221e-10
-2.0425e-07 -0.004
-2.04e-07 0.008
-2.0375e-07 -0.004
-2.035e-07 0.004
-2.0325e-07 2.68221e-10
-2.03e-07 0.004
-2.0275e-07 -0.004
-2.025e-07 2.68221e-10
-2.0225e-07 2.68221e-10
-2.02e-07 2.68221e-10
-2.0175e-07 2.68221e-10
-2.015e-07 -0.004
-2.0125e-07 2.68221e-10
-2.01e-07 2.68221e-10
-2.0075e-07 2.68221e-10
-2.005e-07 0.004
-2.0025e-07 2.68221e-10
-2e-07 2.68221e-10
-1.9975e-07 2.68221e-10
-1.995e-07 0.004
-1.9925e-07 2.68221e-10
-1.99e-07 0.004
-1.9875e-07 2.68221e-10
-1.985e-07 2.68221e-10
-1.9825e-07 2.68221e-10
-1.98e-07 -0.004
-1.9775e-07 0.004
-1.975e-07 2.68221e-10
-1.9725e-07 2.68221e-10
-1.97e-07 2.68221e-10
-1.9675e-07 2.68221e-10
-1.965e-07 2.68221e-10
-1.9625e-07 0.004
-1.96e-07 0.004
-1.9575e-07 2.68221e-10
-1.955e-07 2.68221e-10
-1.9525e-07 2.68221e-10
-1.95e-07 0.004
-1.9475e-07 2.68221e-10
-1.945e-07 2.68221e-10
-1.9425e-07 0.008
-1.94e-07 0.004
-1.9375e-07 0.004
-1.935e-07 -0.004
-1.9325e-07 0.004
-1.93e-07 -0.004
-1.9275e-07 0.004
-1.925e-07 0.004
-1.9225e-07 0.004
-1.92e-07 0.008
-1.9175e-07 -0.008
-1.915e-07 2.68221e-10
-1.9125e-07 2.68221e-10
-1.91e-07 2.68221e-10
-1.9075e-07 2.68221e-10
-1.905e-07 2.68221e-10
-1.9025e-07 2.68221e-10
-1.9e-07 2.68221e-10
-1.8975e-07 2.68221e-10
-1.895e-07 0.004
-1.8925e-07 0.004
-1.89e-07 2.68221e-10
-1.8875e-07 2.68221e-10
-1.885e-07 2.68221e-10
-1.8825e-07 -0.004
-1.88e-07 2.68221e-10
-1.8775e-07 -0.004
-1.875e-07 0.004
-1.8725e-07 0.004
-1.87e-07 2.68221e-10
-1.8675e-07 -0.004
-1.865e-07 2.68221e-10
-1.8625e-07 -0.004
-1.86e-07 -0.004
-1.8575e-07 2.68221e-10
-1.855e-07 0.004
-1.8525e-07 2.68221e-10
-1.85e-07 2.68221e-10
-1.8475e-07 0.004
-1.845e-07 2.68221e-10
-1.8425e-07 0.004
-1.84e-07 0.004
-1.8375e-07 2.68221e-10
-1.835e-07 -0.004
-1.8325e-07 2.68221e-10
-1.83e-07 0.008
-1.8275e-07 2.68221e-10
-1.825e-07 2.68221e-10
-1.8225e-07 -0.004
-1.82e-07 0.004
-1.8175e-07 2.68221e-10
-1.815e-07 2.68221e-10
-1.8125e-07 2.68221e-10
-1.81e-07 -0.004
-1.8075e-07 0.008
-1.805e-07 2.68221e-10
-1.8025e-07 2.68221e-10
-1.8e-07 2.68221e-10
-1.7975e-07 0.004
-1.795e-07 2.68221e-10
-1.7925e-07 -0.004
-1.79e-07 2.68221e-10
-1.7875e-07 2.68221e-10
-1.785e-07 2.68221e-10
-1.7825e-07 2.68221e-10
-1.78e-07 2.68221e-10
-1.7775e-07 2.68221e-10
-1.775e-07 0.004
-1.7725e-07 2.68221e-10
-1.77e-07 0.004
-1.7675e-07 -0.004
-1.765e-07 2.68221e-10
-1.7625e-07 0.004
-1.76e-07 -0.004
-1.7575e-07 0.004
-1.755e-07 2.68221e-10
-1.7525e-07 2.68221e-10
-1.75e-07 0.004
-1.7475e-07 2.68221e-10
-1.745e-07 0.004
-1.7425e-07 -0.004
-1.74e-07 0.004
-1.7375e-07 -0.004
-1.735e-07 0.004
-1.7325e-07 2.68221e-10
-1.73e-07 -0.004
-1.7275e-07 2.68221e-10
-1.725e-07 2.68221e-10
-1.7225e-07 2.68221e-10
-1.72e-07 2.68221e-10
-1.7175e-07 2.68221e-10
-1.715e-07 -0.004
-1.7125e-07 0.004
-1.71e-07 0.004
-1.7075e-07 -0.004
-1.705e-07 2.68221e-10
-1.7025e-07 -0.004
-1.7e-07 0.004
-1.6975e-07 2.68221e-10
-1.695e-07 2.68221e-10
-1.6925e-07 0.004
-1.69e-07 0.004
-1.6875e-07 0.004
-1.685e-07 2.68221e-10
-1.6825e-07 2.68221e-10
-1.68e-07 2.68221e-10
-1.6775e-07 -0.004
-1.675e-07 0.004
-1.6725e-07 2.68221e-10
-1.67e-07 0.004
-1.6675e-07 2.68221e-10
-1.665e-07 2.68221e-10
-1.6625e-07 -0.004
-1.66e-07 2.68221e-10
-1.6575e-07 2.68221e-10
-1.655e-07 0.004
-1.6525e-07 -0.004
-1.65e-07 0.004
-1.6475e-07 -0.004
-1.645e-07 2.68221e-10
-1.6425e-07 0.004
-1.64e-07 0.004
-1.6375e-07 -0.004
-1.635e-07 0.004
-1.6325e-07 2.68221e-10
-1.63e-07 2.68221e-10
-1.6275e-07 2.68221e-10
-1.625e-07 2.68221e-10
-1.6225e-07 -0.004
-1.62e-07 0.004
-1.6175e-07 2.68221e-10
-1.615e-07 0.008
-1.6125e-07 -0.004
-1.61e-07 0.004
-1.6075e-07 2.68221e-10
-1.605e-07 2.68221e-10
-1.6025e-07 2.68221e-10
-1.6e-07 2.68221e-10
-1.5975e-07 0.004
-1.595e-07 2.68221e-10
-1.5925e-07 2.68221e-10
-1.59e-07 0.004
-1.5875e-07 2.68221e-10
-1.585e-07 0.004
-1.5825e-07 0.004
-1.58e-07 2.68221e-10
-1.5775e-07 2.68221e-10
-1.575e-07 0.004
-1.5725e-07 -0.004
-1.57e-07 2.68221e-10
-1.5675e-07 0.004
-1.565e-07 2.68221e-10
-1.5625e-07 2.68221e-10
-1.56e-07 2.68221e-10
-1.5575e-07 0.008
-1.555e-07 -0.004
-1.5525e-07 0.004
-1.55e-07 0.004
-1.5475e-07 -0.004
-1.545e-07 2.68221e-10
-1.5425e-07 -0.004
-1.54e-07 0.008
-1.5375e-07 0.004
-1.535e-07 2.68221e-10
-1.5325e-07 2.68221e-10
-1.53e-07 2.68221e-10
-1.5275e-07 2.68221e-10
-1.525e-07 2.68221e-10
-1.5225e-07 0.004
-1.52e-07 -0.004
-1.5175e-07 0.004
-1.515e-07 2.68221e-10
-1.5125e-07 -0.004
-1.51e-07 2.68221e-10
-1.5075e-07 2.68221e-10
-1.505e-07 2.68221e-10
-1.5025e-07 -0.004
-1.5e-07 0.004
-1.4975e-07 -0.004
-1.495e-07 0.004
-1.4925e-07 0.004
-1.49e-07 0.004
-1.4875e-07 -0.004
-1.485e-07 -0.004
-1.4825e-07 -0.008
-1.48e-07 -0.004
-1.4775e-07 0.004
-1.475e-07 2.68221e-10
-1.4725e-07 0.004
-1.47e-07 2.68221e-10
-1.4675e-07 -0.004
-1.465e-07 0.004
-1.4625e-07 -0.004
-1.46e-07 -0.004
-1.4575e-07 2.68221e-10
-1.455e-07 -0.004
-1.4525e-07 2.68221e-10
-1.45e-07 2.68221e-10
-1.4475e-07 0.004
-1.445e-07 2.68221e-10
-1.4425e-07 -0.004
-1.44e-07 -0.004
-1.4375e-07 -0.004
-1.435e-07 2.68221e-10
-1.4325e-07 2.68221e-10
-1.43e-07 0.004
-1.4275e-07 2.68221e-10
-1.425e-07 2.68221e-10
-1.4225e-07 2.68221e-10
-1.42e-07 0.004
-1.4175e-07 -0.004
-1.415e-07 0.004
-1.4125e-07 2.68221e-10
-1.41e-07 0.004
-1.4075e-07 -0.004
-1.405e-07 2.68221e-10
-1.4025e-07 2.68221e-10
-1.4e-07 -0.004
-1.3975e-07 0.004
-1.395e-07 2.68221e-10
-1.3925e-07 -0.008
-1.39e-07 2.68221e-10
-1.3875e-07 2.68221e-10
-1.385e-07 2.68221e-10
-1.3825e-07 0.004
-1.38e-07 0.004
-1.3775e-07 -0.004
-1.375e-07 2.68221e-10
-1.3725e-07 -0.004
-1.37e-07 2.68221e-10
-1.3675e-07 0.004
-1.365e-07 2.68221e-10
-1.3625e-07 -0.004
-1.36e-07 2.68221e-10
-1.3575e-07 2.68221e-10
-1.355e-07 -0.004
-1.3525e-07 0.004
-1.35e-07 -0.004
-1.3475e-07 0.004
-1.345e-07 2.68221e-10
-1.3425e-07 -0.004
-1.34e-07 2.68221e-10
-1.3375e-07 2.68221e-10
-1.335e-07 -0.004
-1.3325e-07 2.68221e-10
-1.33e-07 -0.004
-1.3275e-07 0.004
-1.325e-07 -0.004
-1.3225e-07 2.68221e-10
-1.32e-07 2.68221e-10
-1.3175e-07 -0.008
-1.315e-07 2.68221e-10
-1.3125e-07 0.004
-1.31e-07 2.68221e-10
-1.3075e-07 2.68221e-10
-1.305e-07 2.68221e-10
-1.3025e-07 -0.004
-1.3e-07 2.68221e-10
-1.2975e-07 -0.004
-1.295e-07 0.004
-1.2925e-07 2.68221e-10
-1.29e-07 0.004
-1.2875e-07 -0.004
-1.285e-07 0.004
-1.2825e-07 0.004
-1.28e-07 0.004
-1.2775e-07 0.004
-1.275e-07 2.68221e-10
-1.2725e-07 -0.004
-1.27e-07 0.004
-1.2675e-07 2.68221e-10
-1.265e-07 -0.004
-1.2625e-07 2.68221e-10
-1.26e-07 0.004
-1.2575e-07 0.004
-1.255e-07 2.68221e-10
-1.2525e-07 0.004
-1.25e-07 2.68221e-10
-1.2475e-07 0.008
-1.245e-07 2.68221e-10
-1.2425e-07 0.004
-1.24e-07 -0.004
-1.2375e-07 0.004
-1.235e-07 2.68221e-10
-1.2325e-07 2.68221e-10
-1.23e-07 2.68221e-10
-1.2275e-07 0.008
-1.225e-07 2.68221e-10
-1.2225e-07 2.68221e-10
-1.22e-07 2.68221e-10
-1.2175e-07 2.68221e-10
-1.215e-07 -0.004
-1.2125e-07 2.68221e-10
-1.21e-07 0.004
-1.2075e-07 -0.004
-1.205e-07 2.68221e-10
-1.2025e-07 -0.004
-1.2e-07 2.68221e-10
-1.1975e-07 2.68221e-10
-1.195e-07 -0.004
-1.1925e-07 2.68221e-10
-1.19e-07 2.68221e-10
-1.1875e-07 2.68221e-10
-1.185e-07 -0.004
-1.1825e-07 2.68221e-10
-1.18e-07 0.004
-1.1775e-07 0.004
-1.175e-07 2.68221e-10
-1.1725e-07 -0.004
-1.17e-07 2.68221e-10
-1.1675e-07 0.004
-1.165e-07 2.68221e-10
-1.1625e-07 2.68221e-10
-1.16e-07 2.68221e-10
-1.1575e-07 0.004
-1.155e-07 2.68221e-10
-1.1525e-07 2.68221e-10
-1.15e-07 0.004
-1.1475e-07 2.68221e-10
-1.145e-07 0.004
-1.1425e-07 -0.004
-1.14e-07 0.004
-1.1375e-07 2.68221e-10
-1.135e-07 0.004
-1.1325e-07 -0.008
-1.13e-07 0.004
-1.1275e-07 -0.004
-1.125e-07 2.68221e-10
-1.1225e-07 -0.004
-1.12e-07 2.68221e-10
-1.1175e-07 0.004
-1.115e-07 2.68221e-10
-1.1125e-07 0.004
-1.11e-07 0.008
-1.1075e-07 2.68221e-10
-1.105e-07 -0.004
-1.1025e-07 2.68221e-10
-1.1e-07 2.68221e-10
-1.0975e-07 0.004
-1.095e-07 2.68221e-10
-1.0925e-07 0.004
-1.09e-07 2.68221e-10
-1.0875e-07 0.004
-1.085e-07 0.004
-1.0825e-07 0.004
-1.08e-07 0.008
-1.0775e-07 -0.004
-1.075e-07 0.004
-1.0725e-07 -0.004
-1.07e-07 2.68221e-10
-1.0675e-07 2.68221e-10
-1.065e-07 2.68221e-10
-1.0625e-07 2.68221e-10
-1.06e-07 2.68221e-10
-1.0575e-07 0.004
-1.055e-07 2.68221e-10
-1.0525e-07 -0.004
-1.05e-07 2.68221e-10
-1.0475e-07 -0.004
-1.045e-07 2.68221e-10
-1.0425e-07 0.004
-1.04e-07 -0.004
-1.0375e-07 0.004
-1.035e-07 2.68221e-10
-1.0325e-07 2.68221e-10
-1.03e-07 2.68221e-10
-1.0275e-07 2.68221e-10
-1.025e-07 0.004
-1.0225e-07 2.68221e-10
-1.02e-07 2.68221e-10
-1.0175e-07 2.68221e-10
-1.015e-07 2.68221e-10
-1.0125e-07 2.68221e-10
-1.01e-07 2.68221e-10
-1.0075e-07 0.004
-1.005e-07 2.68221e-10
-1.0025e-07 -0.004
-1e-07 -0.004
-9.975e-08 0.004
-9.95e-08 2.68221e-10
-9.925e-08 0.004
-9.9e-08 0.004
-9.875e-08 2.68221e-10
-9.85e-08 2.68221e-10
-9.825e-08 2.68221e-10
-9.8e-08 2.68221e-10
-9.775e-08 -0.004
-9.75e-08 0.004
-9.725e-08 2.68221e-10
-9.7e-08 0.004
-9.675e-08 -0.004
-9.65e-08 2.68221e-10
-9.625e-08 2.68221e-10
-9.6e-08 0.004
-9.575e-08 0.004
-9.55e-08 2.68221e-10
-9.525e-08 0.004
-9.5e-08 2.68221e-10
-9.475e-08 2.68221e-10
-9.45e-08 2.68221e-10
-9.425e-08 2.68221e-10
-9.4e-08 0.004
-9.375e-08 2.68221e-10
-9.35e-08 2.68221e-10
-9.325e-08 2.68221e-10
-9.3e-08 2.68221e-10
-9.275e-08 2.68221e-10
-9.25e-08 -0.004
-9.225e-08 2.68221e-10
-9.2e-08 2.68221e-10
-9.175e-08 2.68221e-10
-9.15e-08 2.68221e-10
-9.125e-08 -0.004
-9.1e-08 2.68221e-10
-9.075e-08 2.68221e-10
-9.05e-08 -0.004
-9.025e-08 2.68221e-10
-9e-08 2.68221e-10
-8.975e-08 2.68221e-10
-8.95e-08 0.008
-8.925e-08 -0.004
-8.9e-08 -0.004
-8.875e-08 -0.004
-8.85e-08 2.68221e-10
-8.825e-08 2.68221e-10
-8.8e-08 0.004
-8.775e-08 0.004
-8.75e-08 0.004
-8.725e-08 2.68221e-10
-8.7e-08 2.68221e-10
-8.675e-08 0.004
-8.65e-08 -0.004
-8.625e-08 -0.004
-8.6e-08 0.004
-8.575e-08 2.68221e-10
-8.55e-08 2.68221e-10
-8.525e-08 0.004
-8.5e-08 2.68221e-10
-8.475e-08 2.68221e-10
-8.45e-08 2.68221e-10
-8.425e-08 2.68221e-10
-8.4e-08 0.004
-8.375e-08 2.68221e-10
-8.35e-08 2.68221e-10
-8.325e-08 2.68221e-10
-8.3e-08 2.68221e-10
-8.275e-08 -0.004
-8.25e-08 2.68221e-10
-8.225e-08 0.004
-8.2e-08 2.68221e-10
-8.175e-08 2.68221e-10
-8.15e-08 2.68221e-10
-8.125e-08 2.68221e-10
-8.1e-08 0.004
-8.075e-08 -0.004
-8.05e-08 0.004
-8.025e-08 -0.004
-8e-08 0.004
-7.975e-08 2.68221e-10
-7.95e-08 2.68221e-10
-7.925e-08 2.68221e-10
-7.9e-08 2.68221e-10
-7.875e-08 2.68221e-10
-7.85e-08 2.68221e-10
-7.825e-08 2.68221e-10
-7.8e-08 0.004
-7.775e-08 0.004
-7.75e-08 2.68221e-10
-7.725e-08 2.68221e-10
-7.7e-08 2.68221e-10
-7.675e-08 2.68221e-10
-7.65e-08 0.004
-7.625e-08 2.68221e-10
-7.6e-08 0.004
-7.575e-08 2.68221e-10
-7.55e-08 2.68221e-10
-7.525e-08 2.68221e-10
-7.5e-08 0.004
-7.475e-08 2.68221e-10
-7.45e-08 2.68221e-10
-7.425e-08 0.004
-7.4e-08 2.68221e-10
-7.375e-08 2.68221e-10
-7.35e-08 0.004
-7.325e-08 -0.004
-7.3e-08 0.004
-7.275e-08 -0.004
-7.25e-08 0.004
-7.225e-08 2.68221e-10
-7.2e-08 2.68221e-10
-7.175e-08 0.004
-7.15e-08 0.004
-7.125e-08 -0.004
-7.1e-08 2.68221e-10
-7.075e-08 0.004
-7.05e-08 2.68221e-10
-7.025e-08 -0.004
-7e-08 2.68221e-10
-6.975e-08 2.68221e-10
-6.95e-08 0.004
-6.925e-08 -0.004
-6.9e-08 0.004
-6.875e-08 -0.004
-6.85e-08 2.68221e-10
-6.825e-08 -0.004
-6.8e-08 0.004
-6.775e-08 2.68221e-10
-6.75e-08 0.004
-6.725e-08 2.68221e-10
-6.7e-08 0.004
-6.675e-08 2.68221e-10
-6.65e-08 0.004
-6.625e-08 0.008
-6.6e-08 -0.004
-6.575e-08 0.004
-6.55e-08 -0.004
-6.525e-08 2.68221e-10
-6.5e-08 2.68221e-10
-6.475e-08 -0.004
-6.45e-08 0.008
-6.425e-08 -0.004
-6.4e-08 0.004
-6.375e-08 2.68221e-10
-6.35e-08 2.68221e-10
-6.325e-08 0.004
-6.3e-08 2.68221e-10
-6.275e-08 2.68221e-10
-6.25e-08 2.68221e-10
-6.225e-08 2.68221e-10
-6.2e-08 0.004
-6.175e-08 0.004
-6.15e-08 2.68221e-10
-6.125e-08 2.68221e-10
-6.1e-08 0.004
-6.075e-08 2.68221e-10
-6.05e-08 2.68221e-10
-6.025e-08 2.68221e-10
-6e-08 2.68221e-10
-5.975e-08 2.68221e-10
-5.95e-08 0.004
-5.925e-08 2.68221e-10
-5.9e-08 2.68221e-10
-5.875e-08 2.68221e-10
-5.85e-08 -0.004
-5.825e-08 2.68221e-10
-5.8e-08 0.004
-5.775e-08 0.004
-5.75e-08 0.004
-5.725e-08 2.68221e-10
-5.7e-08 0.004
-5.675e-08 -0.004
-5.65e-08 0.004
-5.625e-08 -0.004
-5.6e-08 0.004
-5.575e-08 -0.004
-5.55e-08 2.68221e-10
-5.525e-08 2.68221e-10
-5.5e-08 2.68221e-10
-5.475e-08 0.004
-5.45e-08 -0.004
-5.425e-08 0.004
-5.4e-08 -0.004
-5.375e-08 -0.004
-5.35e-08 2.68221e-10
-5.325e-08 0.004
-5.3e-08 0.008
-5.275e-08 2.68221e-10
-5.25e-08 2.68221e-10
-5.225e-08 2.68221e-10
-5.2e-08 0.004
-5.175e-08 -0.008
-5.15e-08 2.68221e-10
-5.125e-08 -0.004
-5.1e-08 0.004
-5.075e-08 2.68221e-10
-5.05e-08 2.68221e-10
-5.025e-08 2.68221e-10
-5e-08 2.68221e-10
-4.975e-08 2.68221e-10
-4.95e-08 0.004
-4.925e-08 2.68221e-10
-4.9e-08 0.004
-4.875e-08 2.68221e-10
-4.85e-08 2.68221e-10
-4.825e-08 0.004
-4.8e-08 0.004
-4.775e-08 -0.004
-4.75e-08 2.68221e-10
-4.725e-08 2.68221e-10
-4.7e-08 2.68221e-10
-4.675e-08 -0.004
-4.65e-08 0.004
-4.625e-08 0.004
-4.6e-08 0.004
-4.575e-08 2.68221e-10
-4.55e-08 2.68221e-10
-4.525e-08 2.68221e-10
-4.5e-08 -0.004
-4.475e-08 -0.004
-4.45e-08 2.68221e-10
-4.425e-08 0.004
-4.4e-08 -0.004
-4.375e-08 -0.004
-4.35e-08 2.68221e-10
-4.325e-08 2.68221e-10
-4.3e-08 0.004
-4.275e-08 2.68221e-10
-4.25e-08 2.68221e-10
-4.225e-08 0.004
-4.2e-08 -0.004
-4.175e-08 2.68221e-10
-4.15e-08 -0.004
-4.125e-08 0.004
-4.1e-08 0.004
-4.075e-08 2.68221e-10
-4.05e-08 0.004
-4.025e-08 2.68221e-10
-4e-08 2.68221e-10
-3.975e-08 0.004
-3.95e-08 -0.004
-3.925e-08 2.68221e-10
-3.9e-08 2.68221e-10
-3.875e-08 -0.004
-3.85e-08 0.004
-3.825e-08 -0.008
-3.8e-08 0.004
-3.775e-08 -0.004
-3.75e-08 2.68221e-10
-3.725e-08 2.68221e-10
-3.7e-08 2.68221e-10
-3.675e-08 -0.004
-3.65e-08 2.68221e-10
-3.625e-08 -0.004
-3.6e-08 0.004
-3.575e-08 -0.004
-3.55e-08 -0.008
-3.525e-08 2.68221e-10
-3.5e-08 2.68221e-10
-3.475e-08 -0.004
-3.45e-08 0.004
-3.425e-08 0.004
-3.4e-08 0.008
-3.375e-08 0.008
-3.35e-08 0.012
-3.325e-08 0.004
-3.3e-08 0.008
-3.275e-08 0.004
-3.25e-08 0.008
-3.225e-08 0.008
-3.2e-08 0.004
-3.175e-08 0.004
-3.15e-08 0.004
-3.125e-08 0.016
-3.1e-08 0.036
-3.075e-08 0.052
-3.05e-08 0.044
-3.025e-08 0.004
-3e-08 -0.052
-2.975e-08 -0.12
-2.95e-08 -0.16
-2.925e-08 -0.18
-2.9e-08 -0.148
-2.875e-08 -0.088
-2.85e-08 2.68221e-10
-2.825e-08 0.084
-2.8e-08 0.16
-2.775e-08 0.204
-2.75e-08 0.22
-2.725e-08 0.2
-2.7e-08 0.164
-2.675e-08 0.1
-2.65e-08 0.02
-2.625e-08 -0.06
-2.6e-08 -0.112
-2.575e-08 -0.152
-2.55e-08 -0.168
-2.525e-08 -0.152
-2.5e-08 -0.14
-2.475e-08 -0.1
-2.45e-08 -0.076
-2.425e-08 -0.048
-2.4e-08 -0.016
-2.375e-08 0.012
-2.35e-08 0.04
-2.325e-08 0.052
-2.3e-08 0.072
-2.275e-08 0.084
-2.25e-08 0.096
-2.225e-08 0.1
-2.2e-08 0.096
-2.175e-08 0.076
-2.15e-08 0.052
-2.125e-08 0.016
-2.1e-08 -0.024
-2.075e-08 -0.056
-2.05e-08 -0.076
-2.025e-08 -0.092
-2e-08 -0.096
-1.975e-08 -0.08
-1.95e-08 -0.064
-1.925e-08 -0.036
-1.9e-08 0.008
-1.875e-08 0.044
-1.85e-08 0.068
-1.825e-08 0.088
-1.8e-08 0.1
-1.775e-08 0.096
-1.75e-08 0.096
-1.725e-08 0.076
-1.7e-08 0.06
-1.675e-08 0.024
-1.65e-08 -0.004
-1.625e-08 -0.036
-1.6e-08 -0.06
-1.575e-08 -0.084
-1.55e-08 -0.096
-1.525e-08 -0.112
-1.5e-08 -0.104
-1.475e-08 -0.1
-1.45e-08 -0.076
-1.425e-08 -0.06
-1.4e-08 -0.036
-1.375e-08 -0.004
-1.35e-08 0.02
-1.325e-08 0.036
-1.3e-08 0.048
-1.275e-08 0.06
-1.25e-08 0.052
-1.225e-08 0.048
-1.2e-08 0.036
-1.175e-08 0.012
-1.15e-08 2.68221e-10
-1.125e-08 -0.028
-1.1e-08 -0.036
-1.075e-08 -0.052
-1.05e-08 -0.052
-1.025e-08 -0.056
-1e-08 -0.048
-9.75e-09 -0.032
-9.5e-09 -0.02
-9.25e-09 0.004
-9e-09 0.016
-8.75e-09 0.04
-8.5e-09 0.056
-8.25e-09 0.076
-8e-09 0.088
-7.75e-09 0.096
-7.5e-09 0.104
-7.25e-09 0.1
-7e-09 0.096
-6.75e-09 0.084
-6.5e-09 0.068
-6.25e-09 0.044
-6e-09 0.024
-5.75e-09 0.004
-5.5e-09 -0.004
-5.25e-09 -0.028
-5e-09 -0.04
-4.75e-09 -0.044
-4.5e-09 -0.06
-4.25e-09 -0.064
-4e-09 -0.052
-3.75e-09 -0.064
-3.5e-09 -0.056
-3.25e-09 -0.052
-3e-09 -0.06
-2.75e-09 -0.064
-2.5e-09 -0.056
-2.25e-09 -0.06
-2e-09 -0.06
-1.75e-09 -0.056
-1.5e-09 -0.06
-1.25e-09 -0.06
-1e-09 -0.056
-7.5e-10 -0.052
-5e-10 -0.048
-2.5e-10 -0.04
0 -0.028
2.5e-10 -0.012
5e-10 2.68221e-10
7.5e-10 0.02
1e-09 0.036
1.25e-09 0.052
1.5e-09 0.068
1.75e-09 0.076
2e-09 0.088
2.25e-09 0.092
2.5e-09 0.1
2.75e-09 0.096
3e-09 0.1
3.25e-09 0.092
3.5e-09 0.08
3.75e-09 0.072
4e-09 0.06
4.25e-09 0.044
4.5e-09 0.036
4.75e-09 0.02
5e-09 0.012
5.25e-09 2.68221e-10
5.5e-09 -0.012
5.75e-09 -0.02
6e-09 -0.028
6.25e-09 -0.032
6.5e-09 -0.04
6.75e-09 -0.036
7e-09 -0.048
7.25e-09 -0.048
7.5e-09 -0.052
7.75e-09 -0.056
8e-09 -0.06
8.25e-09 -0.072
8.5e-09 -0.068
8.75e-09 -0.068
9e-09 -0.064
9.25e-09 -0.06
9.5e-09 -0.052
9.75e-09 -0.052
1e-08 -0.04
1.025e-08 -0.028
1.05e-08 -0.02
1.075e-08 -0.008
1.1e-08 0.004
1.125e-08 0.008
1.15e-08 0.024
1.175e-08 0.028
1.2e-08 0.04
1.225e-08 0.04
1.25e-08 0.044
1.275e-08 0.048
1.3e-08 0.052
1.325e-08 0.056
1.35e-08 0.056
1.375e-08 0.052
1.4e-08 0.052
1.425e-08 0.044
1.45e-08 0.04
1.475e-08 0.028
1.5e-08 0.024
1.525e-08 0.012
1.55e-08 0.004
1.575e-08 0.012
1.6e-08 0.012
1.625e-08 0.02
1.65e-08 0.02
1.675e-08 0.02
1.7e-08 0.012
1.725e-08 2.68221e-10
1.75e-08 -0.02
1.775e-08 -0.036
1.8e-08 -0.036
1.825e-08 -0.044
1.85e-08 -0.044
1.875e-08 -0.04
1.9e-08 -0.036
1.925e-08 -0.032
1.95e-08 -0.028
1.975e-08 -0.032
2e-08 -0.036
2.025e-08 -0.036
2.05e-08 -0.04
2.075e-08 -0.036
2.1e-08 -0.02
2.125e-08 -0.012
2.15e-08 0.004
2.175e-08 0.016
2.2e-08 0.032
2.225e-08 0.04
2.25e-08 0.052
2.275e-08 0.044
2.3e-08 0.04
2.325e-08 0.032
2.35e-08 0.024
2.375e-08 0.016
2.4e-08 0.004
2.425e-08 -0.008
2.45e-08 -0.004
2.475e-08 -0.012
2.5e-08 -0.008
2.525e-08 -0.016
2.55e-08 -0.008
2.575e-08 -0.008
2.6e-08 -0.004
2.625e-08 -0.004
2.65e-08 0.008
2.675e-08 0.012
2.7e-08 0.02
2.725e-08 0.032
2.75e-08 0.032
2.775e-08 0.036
2.8e-08 0.028
2.825e-08 0.02
2.85e-08 -0.004
2.875e-08 -0.028
2.9e-08 -0.052
2.925e-08 -0.064
2.95e-08 -0.072
2.975e-08 -0.076
3e-08 -0.064
3.025e-08 -0.052
3.05e-08 -0.036
3.075e-08 -0.012
3.1e-08 0.02
3.125e-08 0.036
3.15e-08 0.056
3.175e-08 0.06
3.2e-08 0.06
3.225e-08 0.048
3.25e-08 0.04
3.275e-08 0.02
3.3e-08 0.012
3.325e-08 -0.004
3.35e-08 -0.012
3.375e-08 -0.012
3.4e-08 -0.008
3.425e-08 -0.004
3.45e-08 0.004
3.475e-08 0.008
3.5e-08 0.02
3.525e-08 0.02
3.55e-08 0.016
3.575e-08 0.02
3.6e-08 0.008
3.625e-08 0.008
3.65e-08 0.008
3.675e-08 0.004
3.7e-08 0.004
3.725e-08 2.68221e-10
3.75e-08 -0.016
3.775e-08 -0.012
3.8e-08 -0.016
3.825e-08 -0.02
3.85e-08 -0.024
3.875e-08 -0.024
3.9e-08 -0.024
3.925e-08 -0.024
3.95e-08 -0.028
3.975e-08 -0.024
4e-08 -0.028
4.025e-08 -0.028
4.05e-08 -0.028
4.075e-08 -0.024
4.1e-08 -0.028
4.125e-08 -0.028
4.15e-08 -0.024
4.175e-08 -0.02
4.2e-08 -0.012
4.225e-08 -0.004
4.25e-08 0.012
4.275e-08 0.032
4.3e-08 0.056
4.325e-08 0.068
4.35e-08 0.08
4.375e-08 0.076
4.4e-08 0.072
4.425e-08 0.048
4.45e-08 0.04
4.475e-08 0.016
4.5e-08 0.016
4.525e-08 0.004
4.55e-08 0.008
4.575e-08 0.004
4.6e-08 2.68221e-10
4.625e-08 2.68221e-10
4.65e-08 2.68221e-10
4.675e-08 2.68221e-10
4.7e-08 0.008
4.725e-08 -0.012
4.75e-08 -0.016
4.775e-08 -0.024
4.8e-08 -0.032
4.825e-08 -0.04
4.85e-08 -0.048
4.875e-08 -0.056
4.9e-08 -0.056
4.925e-08 -0.056
4.95e-08 -0.052
4.975e-08 -0.044
5e-08 -0.036
5.025e-08 -0.036
5.05e-08 -0.02
5.075e-08 -0.012
5.1e-08 2.68221e-10
5.125e-08 0.004
5.15e-08 0.012
5.175e-08 0.016
5.2e-08 0.024
5.225e-08 0.028
5.25e-08 0.036
5.275e-08 0.036
5.3e-08 0.032
5.325e-08 0.04
5.35e-08 0.036
5.375e-08 0.028
5.4e-08 0.032
5.425e-08 0.028
5.45e-08 0.02
5.475e-08 0.024
5.5e-08 0.02
5.525e-08 0.012
5.55e-08 0.016
5.575e-08 0.012
5.6e-08 0.008
5.625e-08 0.008
5.65e-08 0.008
5.675e-08 2.68221e-10
5.7e-08 2.68221e-10
5.725e-08 -0.008
5.75e-08 2.68221e-10
5.775e-08 -0.016
5.8e-08 -0.008
5.825e-08 -0.016
5.85e-08 -0.024
5.875e-08 -0.028
5.9e-08 -0.036
5.925e-08 -0.04
5.95e-08 -0.04
5.975e-08 -0.032
6e-08 -0.032
6.025e-08 -0.028
6.05e-08 -0.016
6.075e-08 -0.004
6.1e-08 2.68221e-10
6.125e-08 0.008
6.15e-08 0.008
6.175e-08 0.008
6.2e-08 0.004
6.225e-08 2.68221e-10
6.25e-08 0.004
6.275e-08 -0.004
6.3e-08 -0.008
6.325e-08 -0.008
6.35e-08 -0.004
6.375e-08 -0.012
6.4e-08 0.004
6.425e-08 0.008
6.45e-08 0.012
6.475e-08 0.016
6.5e-08 0.028
6.525e-08 0.036
6.55e-08 0.04
6.575e-08 0.04
6.6e-08 0.04
6.625e-08 0.044
6.65e-08 0.04
6.675e-08 0.028
6.7e-08 0.028
6.725e-08 0.02
6.75e-08 0.008
6.775e-08 0.004
6.8e-08 -0.008
6.825e-08 -0.012
6.85e-08 -0.012
6.875e-08 -0.024
6.9e-08 -0.024
6.925e-08 -0.024
6.95e-08 -0.028
6.975e-08 -0.028
7e-08 -0.024
7.025e-08 -0.02
7.05e-08 -0.024
7.075e-08 -0.024
7.1e-08 -0.016
7.125e-08 -0.02
7.15e-08 -0.016
7.175e-08 -0.02
7.2e-08 -0.012
7.225e-08 -0.016
7.25e-08 -0.012
7.275e-08 -0.012
7.3e-08 -0.008
7.325e-08 -0.008
7.35e-08 -0.008
7.375e-08 2.68221e-10
7.4e-08 0.004
7.425e-08 0.012
7.45e-08 0.02
7.475e-08 0.02
7.5e-08 0.028
7.525e-08 0.024
7.55e-08 0.028
7.575e-08 0.024
7.6e-08 0.028
7.625e-08 0.024
7.65e-08 0.028
7.675e-08 0.02
7.7e-08 0.02
7.725e-08 0.016
7.75e-08 0.012
7.775e-08 0.008
7.8e-08 0.004
7.825e-08 0.004
7.85e-08 -0.004
7.875e-08 -0.008
7.9e-08 -0.004
7.925e-08 -0.008
7.95e-08 -0.012
7.975e-08 -0.012
8e-08 -0.012
8.025e-08 -0.016
8.05e-08 -0.016
8.075e-08 -0.024
8.1e-08 -0.02
8.125e-08 -0.016
8.15e-08 -0.016
8.175e-08 -0.012
8.2e-08 -0.02
8.225e-08 -0.012
8.25e-08 -0.016
8.275e-08 -0.008
8.3e-08 -0.012
8.325e-08 -0.012
8.35e-08 2.68221e-10
8.375e-08 -0.004
8.4e-08 0.004
8.425e-08 0.004
8.45e-08 0.008
8.475e-08 0.012
8.5e-08 0.012
8.525e-08 0.012
8.55e-08 0.016
8.575e-08 0.012
8.6e-08 0.02
8.625e-08 0.016
8.65e-08 0.016
8.675e-08 0.012
8.7e-08 0.012
8.725e-08 0.012
8.75e-08 0.012
8.775e-08 2.68221e-10
8.8e-08 0.008
8.825e-08 2.68221e-10
8.85e-08 -0.004
8.875e-08 0.004
8.9e-08 -0.008
8.925e-08 2.68221e-10
8.95e-08 2.68221e-10
8.975e-08 -0.004
9e-08 2.68221e-10
9.025e-08 -0.004
9.05e-08 -0.004
9.075e-08 -0.008
9.1e-08 -0.004
9.125e-08 -0.004
9.15e-08 -0.008
9.175e-08 -0.004
9.2e-08 -0.008
9.225e-08 -0.008
9.25e-08 -0.008
9.275e-08 -0.008
9.3e-08 -0.004
9.325e-08 -0.004
9.35e-08 -0.004
9.375e-08 2.68221e-10
9.4e-08 -0.008
9.425e-08 -0.004
9.45e-08 0.004
9.475e-08 2.68221e-10
9.5e-08 0.004
9.525e-08 0.004
9.55e-08 0.008
9.575e-08 0.012
9.6e-08 0.008
9.625e-08 0.008
9.65e-08 0.012
9.675e-08 0.004
9.7e-08 0.008
9.725e-08 2.68221e-10
9.75e-08 0.004
9.775e-08 0.004
9.8e-08 2.68221e-10
9.825e-08 0.004
9.85e-08 2.68221e-10
9.875e-08 2.68221e-10
9.9e-08 0.004
9.925e-08 2.68221e-10
9.95e-08 2.68221e-10
9.975e-08 -0.008
1e-07 2.68221e-10
1.0025e-07 -0.008
1.005e-07 2.68221e-10
1.0075e-07 -0.004
1.01e-07 2.68221e-10
1.0125e-07 -0.008
1.015e-07 -0.004
1.0175e-07 -0.004
1.02e-07 0.004
1.0225e-07 2.68221e-10
1.025e-07 2.68221e-10
1.0275e-07 2.68221e-10
1.03e-07 2.68221e-10
1.0325e-07 2.68221e-10
1.035e-07 0.004
1.0375e-07 -0.004
1.04e-07 -0.004
1.0425e-07 -0.004
1.045e-07 -0.008
1.0475e-07 -0.008
1.05e-07 -0.004
1.0525e-07 -0.004
1.055e-07 2.68221e-10
1.0575e-07 -0.004
1.06e-07 0.008
1.0625e-07 0.012
1.065e-07 0.004
1.0675e-07 0.008
1.07e-07 0.004
1.0725e-07 2.68221e-10
1.075e-07 2.68221e-10
1.0775e-07 2.68221e-10
1.08e-07 -0.004
1.0825e-07 -0.004
1.085e-07 2.68221e-10
1.0875e-07 -0.004
1.09e-07 0.004
1.0925e-07 -0.004
1.095e-07 0.004
1.0975e-07 2.68221e-10
1.1e-07 2.68221e-10
1.1025e-07 -0.008
1.105e-07 -0.004
1.1075e-07 -0.008
1.11e-07 -0.004
1.1125e-07 -0.008
1.115e-07 2.68221e-10
1.1175e-07 -0.004
1.12e-07 -0.008
1.1225e-07 -0.016
1.125e-07 -0.016
1.1275e-07 -0.012
1.13e-07 0.012
1.1325e-07 0.028
1.135e-07 0.048
1.1375e-07 0.06
1.14e-07 0.056
1.1425e-07 0.044
1.145e-07 0.024
1.1475e-07 -0.008
1.15e-07 -0.032
1.1525e-07 -0.052
1.155e-07 -0.06
1.1575e-07 -0.064
1.16e-07 -0.052
1.1625e-07 -0.048
1.165e-07 -0.032
1.1675e-07 -0.008
1.17e-07 0.012
1.1725e-07 0.032
1.175e-07 0.036
1.1775e-07 0.036
1.18e-07 0.036
1.1825e-07 0.02
1.185e-07 0.024
1.1875e-07 0.016
1.19e-07 0.012
1.1925e-07 0.016
1.195e-07 0.016
1.1975e-07 0.012
1.2e-07 0.012
1.2025e-07 0.004
1.205e-07 2.68221e-10
1.2075e-07 -0.008
1.21e-07 -0.008
1.2125e-07 -0.02
1.215e-07 -0.024
1.2175e-07 -0.02
1.22e-07 -0.012
1.2225e-07 -0.012
1.225e-07 -0.004
1.2275e-07 2.68221e-10
1.23e-07 0.008
1.2325e-07 0.008
1.235e-07 0.008
1.2375e-07 0.008
1.24e-07 0.004
1.2425e-07 2.68221e-10
1.245e-07 -0.004
1.2475e-07 -0.012
1.25e-07 -0.016
1.2525e-07 -0.02
1.255e-07 -0.024
1.2575e-07 -0.028
1.26e-07 -0.024
1.2625e-07 -0.028
1.265e-07 -0.024
1.2675e-07 -0.024
1.27e-07 -0.016
1.2725e-07 -0.016
1.275e-07 -0.008
1.2775e-07 -0.008
1.28e-07 0.008
1.2825e-07 0.012
1.285e-07 0.02
1.2875e-07 0.024
1.29e-07 0.024
1.2925e-07 0.032
1.295e-07 0.028
1.2975e-07 0.032
1.3e-07 0.024
1.3025e-07 0.024
1.305e-07 0.016
1.3075e-07 0.016
1.31e-07 0.016
1.3125e-07 0.008
1.315e-07 0.016
1.3175e-07 0.012
1.32e-07 0.012
1.3225e-07 0.012
1.325e-07 0.012
1.3275e-07 0.016
1.33e-07 0.02
1.3325e-07 0.016
1.335e-07 0.016
1.3375e-07 0.016
1.34e-07 0.016
1.3425e-07 0.004
1.345e-07 0.008
1.3475e-07 -0.008
1.35e-07 -0.012
1.3525e-07 -0.02
1.355e-07 -0.024
1.3575e-07 -0.036
1.36e-07 -0.044
1.3625e-07 -0.056
1.365e-07 -0.06
1.3675e-07 -0.064
1.37e-07 -0.064
1.3725e-07 -0.052
1.375e-07 -0.056
1.3775e-07 -0.044
1.38e-07 -0.036
1.3825e-07 -0.036
1.385e-07 -0.02
1.3875e-07 -0.016
1.39e-07 2.68221e-10
1.3925e-07 0.008
1.395e-07 0.02
1.3975e-07 0.028
1.4e-07 0.032
1.4025e-07 0.04
1.405e-07 0.04
1.4075e-07 0.04
1.41e-07 0.044
1.4125e-07 0.048
1.415e-07 0.048
1.4175e-07 0.04
1.42e-07 0.04
1.4225e-07 0.04
1.425e-07 0.036
1.4275e-07 0.04
1.43e-07 0.036
1.4325e-07 0.032
1.435e-07 0.032
1.4375e-07 0.028
1.44e-07 0.02
1.4425e-07 0.012
1.445e-07 0.012
1.4475e-07 0.004
1.45e-07 -0.004
1.4525e-07 -0.012
1.455e-07 -0.016
1.4575e-07 -0.024
1.46e-07 -0.024
1.4625e-07 -0.036
1.465e-07 -0.04
1.4675e-07 -0.044
1.47e-07 -0.044
1.4725e-07 -0.044
1.475e-07 -0.048
1.4775e-07 -0.044
1.48e-07 -0.04
1.4825e-07 -0.036
1.485e-07 -0.032
1.4875e-07 -0.028
1.49e-07 -0.02
1.4925e-07 -0.02
1.495e-07 -0.012
1.4975e-07 -0.004
1.5e-07 -0.008
1.5025e-07 0.004
1.505e-07 0.008
1.5075e-07 0.008
1.51e-07 0.012
1.5125e-07 0.012
1.515e-07 0.016
1.5175e-07 0.016
1.52e-07 0.024
1.5225e-07 0.02
1.525e-07 0.016
1.5275e-07 0.02
1.53e-07 0.024
1.5325e-07 0.028
1.535e-07 0.024
1.5375e-07 0.02
1.54e-07 0.024
1.5425e-07 0.02
1.545e-07 0.02
1.5475e-07 0.012
1.55e-07 0.012
1.5525e-07 0.008
1.555e-07 0.008
1.5575e-07 2.68221e-10
1.56e-07 0.004
1.5625e-07 -0.004
1.565e-07 -0.004
1.5675e-07 -0.008
1.57e-07 -0.004
1.5725e-07 -0.008
1.575e-07 -0.012
1.5775e-07 -0.012
1.58e-07 -0.008
1.5825e-07 -0.012
1.585e-07 -0.008
1.5875e-07 -0.008
1.59e-07 -0.012
1.5925e-07 -0.008
1.595e-07 -0.012
1.5975e-07 -0.012
1.6e-07 -0.016
1.6025e-07 -0.012
1.605e-07 -0.012
1.6075e-07 -0.008
1.61e-07 2.68221e-10
1.6125e-07 0.004
1.615e-07 2.68221e-10
1.6175e-07 2.68221e-10
1.62e-07 2.68221e-10
1.6225e-07 2.68221e-10
1.625e-07 2.68221e-10
1.6275e-07 2.68221e-10
1.63e-07 0.008
1.6325e-07 0.012
1.635e-07 0.016
1.6375e-07 0.016
1.64e-07 0.02
1.6425e-07 0.016
1.645e-07 0.016
1.6475e-07 0.004
1.65e-07 2.68221e-10
1.6525e-07 -0.008
1.655e-07 -0.02
1.6575e-07 -0.024
1.66e-07 -0.024
1.6625e-07 -0.024
1.665e-07 -0.016
1.6675e-07 -0.016
1.67e-07 -0.004
1.6725e-07 2.68221e-10
1.675e-07 0.004
1.6775e-07 0.004
1.68e-07 0.012
1.6825e-07 0.012
1.685e-07 0.012
1.6875e-07 0.004
1.69e-07 0.004
1.6925e-07 0.004
1.695e-07 2.68221e-10
1.6975e-07 -0.012
1.7e-07 -0.012
1.7025e-07 -0.012
1.705e-07 -0.02
1.7075e-07 -0.012
1.71e-07 -0.008
1.7125e-07 -0.008
1.715e-07 0.008
1.7175e-07 0.008
1.72e-07 0.02
1.7225e-07 0.028
1.725e-07 0.036
1.7275e-07 0.032
1.73e-07 0.032
1.7325e-07 0.024
1.735e-07 0.024
1.7375e-07 0.012
1.74e-07 0.008
1.7425e-07 -0.004
1.745e-07 -0.012
1.7475e-07 -0.024
1.75e-07 -0.016
1.7525e-07 -0.02
1.755e-07 -0.024
1.7575e-07 -0.012
1.76e-07 -0.012
1.7625e-07 -0.004
1.765e-07 -0.008
1.7675e-07 -0.012
1.77e-07 -0.004
1.7725e-07 -0.012
1.775e-07 -0.008
1.7775e-07 -0.016
1.78e-07 -0.016
1.7825e-07 -0.012
1.785e-07 -0.02
1.7875e-07 -0.012
1.79e-07 -0.008
1.7925e-07 -0.012
1.795e-07 2.68221e-10
1.7975e-07 -0.004
1.8e-07 0.008
1.8025e-07 2.68221e-10
1.805e-07 0.012
1.8075e-07 0.012
1.81e-07 0.012
1.8125e-07 0.012
1.815e-07 0.012
1.8175e-07 0.004
1.82e-07 0.016
1.8225e-07 0.008
1.825e-07 0.016
1.8275e-07 0.016
1.83e-07 0.016
1.8325e-07 0.012
1.835e-07 0.016
1.8375e-07 0.02
1.84e-07 0.016
1.8425e-07 0.012
1.845e-07 0.016
1.8475e-07 0.008
1.85e-07 0.016
1.8525e-07 0.012
1.855e-07 0.004
1.8575e-07 2.68221e-10
1.86e-07 -0.008
1.8625e-07 -0.024
1.865e-07 -0.024
1.8675e-07 -0.032
1.87e-07 -0.032
1.8725e-07 -0.028
1.875e-07 -0.028
1.8775e-07 -0.02
1.88e-07 -0.02
1.8825e-07 -0.02
1.885e-07 -0.02
1.8875e-07 -0.02
1.89e-07 -0.024
1.8925e-07 -0.024
1.895e-07 -0.016
1.8975e-07 -0.02
1.9e-07 -0.016
1.9025e-07 -0.008
1.905e-07 0.004
1.9075e-07 0.012
1.91e-07 0.012
1.9125e-07 0.024
1.915e-07 0.032
1.9175e-07 0.032
1.92e-07 0.036
1.9225e-07 0.028
1.925e-07 0.032
1.9275e-07 0.024
1.93e-07 0.028
1.9325e-07 0.02
1.935e-07 0.016
1.9375e-07 0.012
1.94e-07 0.008
1.9425e-07 0.004
1.945e-07 -0.004
1.9475e-07 0.004
1.95e-07 2.68221e-10
1.9525e-07 -0.004
1.955e-07 -0.008
1.9575e-07 -0.012
1.96e-07 -0.008
1.9625e-07 -0.012
1.965e-07 -0.008
1.9675e-07 -0.012
1.97e-07 -0.008
1.9725e-07 -0.016
1.975e-07 -0.016
1.9775e-07 -0.02
1.98e-07 -0.012
1.9825e-07 -0.02
1.985e-07 -0.016
1.9875e-07 -0.02
1.99e-07 -0.012
1.9925e-07 -0.012
1.995e-07 -0.008
1.9975e-07 -0.004
2e-07 2.68221e-10
2.0025e-07 2.68221e-10
2.005e-07 0.004
2.0075e-07 0.008
2.01e-07 0.008
2.0125e-07 0.012
2.015e-07 0.008
2.0175e-07 0.016
2.02e-07 0.008
2.0225e-07 0.012
2.025e-07 0.016
2.0275e-07 0.016
2.03e-07 0.012
2.0325e-07 0.016
2.035e-07 0.012
2.0375e-07 0.008
2.04e-07 0.004
2.0425e-07 2.68221e-10
2.045e-07 0.004
2.0475e-07 2.68221e-10
2.05e-07 -0.004
2.0525e-07 0.004
2.055e-07 0.004
2.0575e-07 0.004
2.06e-07 2.68221e-10
2.0625e-07 0.004
2.065e-07 0.008
2.0675e-07 2.68221e-10
2.07e-07 2.68221e-10
2.0725e-07 2.68221e-10
2.075e-07 -0.008
2.0775e-07 -0.004
2.08e-07 -0.008
2.0825e-07 -0.016
2.085e-07 -0.016
2.0875e-07 -0.012
2.09e-07 -0.02
2.0925e-07 -0.012
2.095e-07 -0.012
2.0975e-07 -0.012
2.1e-07 -0.008
2.1025e-07 -0.008
2.105e-07 -0.008
2.1075e-07 -0.004
2.11e-07 2.68221e-10
2.1125e-07 2.68221e-10
2.115e-07 2.68221e-10
2.1175e-07 0.004
2.12e-07 0.008
2.1225e-07 0.012
2.125e-07 0.008
2.1275e-07 0.012
2.13e-07 0.012
2.1325e-07 0.02
2.135e-07 0.012
2.1375e-07 0.008
2.14e-07 0.02
2.1425e-07 0.012
2.145e-07 0.016
2.1475e-07 0.016
2.15e-07 0.016
2.1525e-07 0.012
2.155e-07 0.008
2.1575e-07 0.004
2.16e-07 0.004
2.1625e-07 -0.004
2.165e-07 2.68221e-10
2.1675e-07 -0.008
2.17e-07 -0.008
2.1725e-07 -0.004
2.175e-07 -0.008
2.1775e-07 -0.012
2.18e-07 -0.012
2.1825e-07 -0.012
2.185e-07 -0.012
2.1875e-07 -0.012
2.19e-07 -0.008
2.1925e-07 -0.012
2.195e-07 -0.008
2.1975e-07 -0.008
2.2e-07 -0.008
2.2025e-07 -0.004
2.205e-07 -0.008
2.2075e-07 -0.008
2.21e-07 -0.008
2.2125e-07 2.68221e-10
2.215e-07 0.004
2.2175e-07 2.68221e-10
2.22e-07 0.004
2.2225e-07 0.004
2.225e-07 0.008
2.2275e-07 0.008
2.23e-07 0.012
2.2325e-07 0.008
2.235e-07 0.012
2.2375e-07 0.012
2.24e-07 0.008
2.2425e-07 0.012
2.245e-07 0.008
2.2475e-07 0.012
2.25e-07 0.012
2.2525e-07 0.004
2.255e-07 0.008
2.2575e-07 0.004
2.26e-07 0.004
2.2625e-07 -0.004
2.265e-07 2.68221e-10
2.2675e-07 -0.008
2.27e-07 -0.004
2.2725e-07 -0.004
2.275e-07 -0.008
2.2775e-07 -0.008
2.28e-07 -0.004
2.2825e-07 -0.012
2.285e-07 -0.012
2.2875e-07 -0.012
2.29e-07 -0.012
2.2925e-07 -0.016
2.295e-07 -0.004
2.2975e-07 -0.012
2.3e-07 -0.008
2.3025e-07 -0.012
2.305e-07 2.68221e-10
2.3075e-07 -0.004
2.31e-07 2.68221e-10
2.3125e-07 2.68221e-10
2.315e-07 0.004
2.3175e-07 0.004
2.32e-07 2.68221e-10
2.3225e-07 0.004
2.325e-07 0.008
2.3275e-07 2.68221e-10
2.33e-07 0.008
2.3325e-07 0.004
2.335e-07 0.008
2.3375e-07 2.68221e-10
2.34e-07 0.008
2.3425e-07 0.004
2.345e-07 0.004
2.3475e-07 0.008
2.35e-07 0.008
2.3525e-07 0.008
2.355e-07 2.68221e-10
2.3575e-07 0.004
2.36e-07 0.004
2.3625e-07 2.68221e-10
2.365e-07 2.68221e-10
2.3675e-07 2.68221e-10
2.37e-07 0.004
2.3725e-07 2.68221e-10
2.375e-07 0.004
2.3775e-07 2.68221e-10
2.38e-07 2.68221e-10
2.3825e-07 -0.004
2.385e-07 -0.008
2.3875e-07 -0.004
2.39e-07 -0.004
2.3925e-07 -0.008
2.395e-07 -0.004
2.3975e-07 -0.004
2.4e-07 -0.004
2.4025e-07 -0.008
2.405e-07 -0.008
2.4075e-07 2.68221e-10
2.41e-07 2.68221e-10
2.4125e-07 2.68221e-10
2.415e-07 0.004
2.4175e-07 2.68221e-10
2.42e-07 -0.004
2.4225e-07 0.004
2.425e-07 2.68221e-10
2.4275e-07 -0.004
2.43e-07 0.004
2.4325e-07 0.004
2.435e-07 0.004
2.4375e-07 0.004
2.44e-07 0.004
2.4425e-07 0.008
2.445e-07 0.008
2.4475e-07 0.004
2.45e-07 0.004
2.4525e-07 0.004
2.455e-07 0.004
2.4575e-07 2.68221e-10
2.46e-07 2.68221e-10
2.4625e-07 2.68221e-10
2.465e-07 2.68221e-10
2.4675e-07 2.68221e-10
2.47e-07 2.68221e-10
2.4725e-07 2.68221e-10
2.475e-07 2.68221e-10
2.4775e-07 0.004
2.48e-07 0.008
2.4825e-07 0.004
2.485e-07 2.68221e-10
2.4875e-07 -0.004
2.49e-07 2.68221e-10
2.4925e-07 -0.004
2.495e-07 -0.004
2.4975e-07 2.68221e-10
2.5e-07 -0.008
2.5025e-07 -0.008
2.505e-07 0.004
2.5075e-07 -0.004
2.51e-07 -0.004
2.5125e-07 2.68221e-10
2.515e-07 0.004
2.5175e-07 2.68221e-10
2.52e-07 2.68221e-10
2.5225e-07 -0.004
2.525e-07 2.68221e-10
2.5275e-07 2.68221e-10
2.53e-07 2.68221e-10
2.5325e-07 0.004
2.535e-07 2.68221e-10
2.5375e-07 2.68221e-10
2.54e-07 0.004
2.5425e-07 2.68221e-10
2.545e-07 0.004
2.5475e-07 0.004
2.55e-07 0.004
2.5525e-07 0.004
2.555e-07 0.008
2.5575e-07 0.004
2.56e-07 0.008
2.5625e-07 -0.004
2.565e-07 -0.012
2.5675e-07 -0.012
2.57e-07 -0.02
2.5725e-07 -0.02
2.575e-07 -0.016
2.5775e-07 -0.008
2.58e-07 0.008
2.5825e-07 0.008
2.585e-07 0.012
2.5875e-07 0.016
2.59e-07 0.024
2.5925e-07 0.016
2.595e-07 0.012
2.5975e-07 0.004
2.6e-07 0.004
2.6025e-07 0.004
2.605e-07 -0.008
2.6075e-07 -0.008
2.61e-07 2.68221e-10
2.6125e-07 -0.004
2.615e-07 -0.004
2.6175e-07 2.68221e-10
2.62e-07 2.68221e-10
2.6225e-07 -0.004
2.625e-07 -0.012
2.6275e-07 -0.008
2.63e-07 -0.016
2.6325e-07 -0.008
2.635e-07 -0.012
2.6375e-07 -0.012
2.64e-07 -0.004
2.6425e-07 -0.004
2.645e-07 2.68221e-10
2.6475e-07 2.68221e-10
2.65e-07 0.004
2.6525e-07 0.004
2.655e-07 -0.004
2.6575e-07 0.004
2.66e-07 -0.004
2.6625e-07 0.008
2.665e-07 2.68221e-10
2.6675e-07 0.004
2.67e-07 0.004
2.6725e-07 0.004
2.675e-07 0.008
2.6775e-07 0.004
2.68e-07 2.68221e-10
2.6825e-07 0.004
2.685e-07 0.004
2.6875e-07 0.004
2.69e-07 0.008
2.6925e-07 0.004
2.695e-07 0.008
2.6975e-07 0.016
2.7e-07 0.016
2.7025e-07 0.02
2.705e-07 0.016
2.7075e-07 0.012
2.71e-07 0.012
2.7125e-07 0.016
2.715e-07 0.012
2.7175e-07 2.68221e-10
2.72e-07 2.68221e-10
2.7225e-07 -0.004
2.725e-07 -0.004
2.7275e-07 -0.008
2.73e-07 -0.008
2.7325e-07 -0.016
2.735e-07 -0.012
2.7375e-07 -0.016
2.74e-07 -0.016
2.7425e-07 -0.016
2.745e-07 -0.02
2.7475e-07 -0.012
2.75e-07 -0.016
2.7525e-07 -0.012
2.755e-07 -0.012
2.7575e-07 -0.008
2.76e-07 -0.008
2.7625e-07 -0.016
2.765e-07 -0.008
2.7675e-07 -0.02
2.77e-07 -0.016
2.7725e-07 -0.016
2.775e-07 -0.012
2.7775e-07 -0.016
2.78e-07 -0.012
2.7825e-07 -0.008
2.785e-07 -0.004
2.7875e-07 2.68221e-10
2.79e-07 0.004
2.7925e-07 0.004
2.795e-07 0.016
2.7975e-07 0.02
2.8e-07 0.024
2.8025e-07 0.024
2.805e-07 0.028
2.8075e-07 0.024
2.81e-07 0.032
2.8125e-07 0.028
2.815e-07 0.028
2.8175e-07 0.024
2.82e-07 0.024
2.8225e-07 0.024
2.825e-07 0.016
2.8275e-07 0.012
2.83e-07 0.008
2.8325e-07 2.68221e-10
2.835e-07 -0.004
2.8375e-07 -0.008
2.84e-07 -0.008
2.8425e-07 -0.016
2.845e-07 -0.016
2.8475e-07 -0.016
2.85e-07 -0.02
2.8525e-07 -0.02
2.855e-07 -0.02
2.8575e-07 -0.02
2.86e-07 -0.024
2.8625e-07 -0.016
2.865e-07 -0.02
2.8675e-07 -0.016
2.87e-07 -0.016
2.8725e-07 -0.016
2.875e-07 -0.016
2.8775e-07 -0.012
2.88e-07 -0.008
2.8825e-07 -0.008
2.885e-07 -0.004
2.8875e-07 -0.008
2.89e-07 2.68221e-10
2.8925e-07 2.68221e-10
2.895e-07 0.008
2.8975e-07 0.004
2.9e-07 0.012
2.9025e-07 0.008
2.905e-07 0.016
2.9075e-07 0.012
2.91e-07 0.016
2.9125e-07 0.016
2.915e-07 0.016
2.9175e-07 0.016
2.92e-07 0.016
2.9225e-07 0.02
2.925e-07 0.016
2.9275e-07 0.008
2.93e-07 0.012
2.9325e-07 0.012
2.935e-07 0.008
2.9375e-07 0.004
2.94e-07 2.68221e-10
2.9425e-07 -0.004
2.945e-07 0.004
2.9475e-07 -0.004
2.95e-07 -0.008
2.9525e-07 -0.012
2.955e-07 -0.004
2.9575e-07 -0.012
2.96e-07 -0.008
2.9625e-07 -0.004
2.965e-07 -0.004
2.9675e-07 -0.004
2.97e-07 -0.004
2.9725e-07 -0.008
2.975e-07 -0.004
2.9775e-07 -0.004
2.98e-07 -0.008
2.9825e-07 -0.008
2.985e-07 -0.008
2.9875e-07 -0.004
2.99e-07 2.68221e-10
2.9925e-07 -0.004
2.995e-07 2.68221e-10
2.9975e-07 2.68221e-10
3e-07 0.004
3.0025e-07 2.68221e-10
3.005e-07 0.004
3.0075e-07 2.68221e-10
3.01e-07 0.008
3.0125e-07 2.68221e-10
3.015e-07 0.004
3.0175e-07 0.008
3.02e-07 0.008
3.0225e-07 0.008
3.025e-07 0.016
3.0275e-07 0.008
3.03e-07 0.008
3.0325e-07 0.004
3.035e-07 2.68221e-10
3.0375e-07 0.004
3.04e-07 2.68221e-10
3.0425e-07 0.004
3.045e-07 2.68221e-10
3.0475e-07 2.68221e-10
3.05e-07 2.68221e-10
3.0525e-07 -0.008
3.055e-07 2.68221e-10
3.0575e-07 -0.004
3.06e-07 -0.008
3.0625e-07 -0.008
3.065e-07 -0.008
3.0675e-07 -0.012
3.07e-07 -0.012
3.0725e-07 -0.016
3.075e-07 -0.012
3.0775e-07 -0.008
3.08e-07 -0.004
3.0825e-07 -0.008
3.085e-07 -0.004
3.0875e-07 2.68221e-10
3.09e-07 0.004
3.0925e-07 0.004
3.095e-07 0.008
3.0975e-07 0.004
3.1e-07 0.008
3.1025e-07 0.008
3.105e-07 0.008
3.1075e-07 0.004
3.11e-07 0.008
3.1125e-07 0.008
3.115e-07 0.004
3.1175e-07 0.008
3.12e-07 0.012
3.1225e-07 2.68221e-10
3.125e-07 0.008
3.1275e-07 0.008
3.13e-07 0.004
3.1325e-07 0.008
3.135e-07 0.008
3.1375e-07 0.004
3.14e-07 0.008
3.1425e-07 0.004
3.145e-07 0.004
3.1475e-07 2.68221e-10
3.15e-07 2.68221e-10
3.1525e-07 -0.008
3.155e-07 -0.004
3.1575e-07 -0.012
3.16e-07 -0.008
3.1625e-07 -0.012
3.165e-07 -0.012
3.1675e-07 -0.008
3.17e-07 -0.016
3.1725e-07 -0.008
3.175e-07 -0.008
3.1775e-07 -0.008
3.18e-07 -0.004
3.1825e-07 -0.008
3.185e-07 2.68221e-10
3.1875e-07 -0.008
3.19e-07 -0.004
3.1925e-07 0.004
3.195e-07 -0.004
3.1975e-07 2.68221e-10
3.2e-07 0.004
3.2025e-07 2.68221e-10
3.205e-07 0.004
3.2075e-07 0.004
3.21e-07 0.008
3.2125e-07 0.012
3.215e-07 0.012
3.2175e-07 0.008
3.22e-07 0.004
3.2225e-07 0.008
3.225e-07 0.004
3.2275e-07 0.004
3.23e-07 0.004
3.2325e-07 2.68221e-10
3.235e-07 0.004
3.2375e-07 2.68221e-10
3.24e-07 0.008
3.2425e-07 2.68221e-10
3.245e-07 2.68221e-10
3.2475e-07 0.004
3.25e-07 0.008
3.2525e-07 2.68221e-10
3.255e-07 2.68221e-10
3.2575e-07 2.68221e-10
3.26e-07 -0.004
3.2625e-07 -0.004
3.265e-07 -0.004
3.2675e-07 -0.008
3.27e-07 -0.012
3.2725e-07 -0.008
3.275e-07 -0.012
3.2775e-07 -0.012
3.28e-07 -0.012
3.2825e-07 -0.012
3.285e-07 -0.012
3.2875e-07 -0.008
3.29e-07 -0.008
3.2925e-07 2.68221e-10
3.295e-07 2.68221e-10
3.2975e-07 0.004
3.3e-07 0.008
3.3025e-07 0.012
3.305e-07 0.008
3.3075e-07 0.008
3.31e-07 0.004
3.3125e-07 0.008
3.315e-07 0.004
3.3175e-07 0.008
3.32e-07 0.012
3.3225e-07 0.012
3.325e-07 0.012
3.3275e-07 0.012
3.33e-07 0.012
3.3325e-07 0.012
3.335e-07 0.004
3.3375e-07 0.008
3.34e-07 0.004
3.3425e-07 -0.004
3.345e-07 -0.004
3.3475e-07 -0.004
3.35e-07 -0.012
3.3525e-07 -0.012
3.355e-07 -0.012
3.3575e-07 -0.008
3.36e-07 -0.012
3.3625e-07 -0.008
3.365e-07 -0.008
3.3675e-07 -0.004
3.37e-07 -0.004
3.3725e-07 -0.004
3.375e-07 -0.008
3.3775e-07 -0.008
3.38e-07 2.68221e-10
3.3825e-07 2.68221e-10
3.385e-07 -0.004
3.3875e-07 -0.004
3.39e-07 2.68221e-10
3.3925e-07 0.004
3.395e-07 0.004
3.3975e-07 0.004
3.4e-07 0.012
3.4025e-07 2.68221e-10
3.405e-07 0.012
3.4075e-07 0.008
3.41e-07 0.012
3.4125e-07 0.008
3.415e-07 0.008
3.4175e-07 0.008
3.42e-07 0.008
3.4225e-07 0.004
3.425e-07 0.008
3.4275e-07 0.008
3.43e-07 2.68221e-10
3.4325e-07 0.008
3.435e-07 0.004
3.4375e-07 0.004
3.44e-07 2.68221e-10
3.4425e-07 -0.004
3.445e-07 2.68221e-10
3.4475e-07 -0.004
3.45e-07 -0.004
3.4525e-07 -0.004
3.455e-07 2.68221e-10
3.4575e-07 -0.012
3.46e-07 -0.004
3.4625e-07 -0.008
3.465e-07 -0.008
3.4675e-07 -0.008
3.47e-07 2.68221e-10
3.4725e-07 -0.008
3.475e-07 2.68221e-10
3.4775e-07 -0.008
3.48e-07 2.68221e-10
3.4825e-07 -0.004
3.485e-07 -0.004
3.4875e-07 2.68221e-10
3.49e-07 -0.004
3.4925e-07 -0.004
3.495e-07 2.68221e-10
3.4975e-07 -0.008
3.5e-07 2.68221e-10
3.5025e-07 0.004
3.505e-07 0.004
3.5075e-07 2.68221e-10
3.51e-07 0.008
3.5125e-07 2.68221e-10
3.515e-07 0.008
3.5175e-07 0.008
3.52e-07 0.012
3.5225e-07 0.012
3.525e-07 0.008
3.5275e-07 0.016
3.53e-07 0.012
3.5325e-07 0.008
3.535e-07 0.016
3.5375e-07 0.004
3.54e-07 0.012
3.5425e-07 0.004
3.545e-07 0.008
3.5475e-07 2.68221e-10
3.55e-07 0.008
3.5525e-07 0.004
3.555e-07 -0.004
3.5575e-07 2.68221e-10
3.56e-07 2.68221e-10
3.5625e-07 -0.008
3.565e-07 -0.012
3.5675e-07 -0.004
3.57e-07 -0.008
3.5725e-07 -0.008
3.575e-07 -0.012
3.5775e-07 -0.008
3.58e-07 -0.008
3.5825e-07 -0.008
3.585e-07 -0.004
3.5875e-07 -0.012
3.59e-07 2.68221e-10
3.5925e-07 -0.004
3.595e-07 -0.004
3.5975e-07 2.68221e-10
3.6e-07 2.68221e-10
3.6025e-07 0.004
3.605e-07 2.68221e-10
3.6075e-07 -0.004
3.61e-07 0.008
3.6125e-07 -0.004
3.615e-07 0.004
3.6175e-07 0.004
3.62e-07 0.004
3.6225e-07 0.008
3.625e-07 0.008
3.6275e-07 0.004
3.63e-07 0.008
3.6325e-07 -0.004
3.635e-07 0.008
3.6375e-07 0.004
3.64e-07 0.004
3.6425e-07 0.004
3.645e-07 0.004
3.6475e-07 2.68221e-10
3.65e-07 0.004
3.6525e-07 0.004
3.655e-07 -0.004
3.6575e-07 -0.004
3.66e-07 0.004
3.6625e-07 -0.012
3.665e-07 2.68221e-10
3.6675e-07 -0.004
3.67e-07 -0.004
3.6725e-07 -0.008
3.675e-07 -0.008
3.6775e-07 -0.004
3.68e-07 -0.004
3.6825e-07 -0.008
3.685e-07 -0.004
3.6875e-07 -0.012
3.69e-07 2.68221e-10
3.6925e-07 -0.008
3.695e-07 -0.008
3.6975e-07 -0.004
3.7e-07 -0.008
3.7025e-07 -0.008
3.705e-07 -0.004
3.7075e-07 -0.004
3.71e-07 2.68221e-10
3.7125e-07 -0.004
3.715e-07 0.004
3.7175e-07 2.68221e-10
3.72e-07 2.68221e-10
3.7225e-07 0.008
3.725e-07 2.68221e-10
3.7275e-07 0.004
3.73e-07 0.004
3.7325e-07 2.68221e-10
3.735e-07 0.012
3.7375e-07 0.004
3.74e-07 0.012
3.7425e-07 2.68221e-10
3.745e-07 0.008
3.7475e-07 -0.004
3.75e-07 0.004
3.7525e-07 0.004
3.755e-07 0.004
3.7575e-07 2.68221e-10
3.76e-07 2.68221e-10
3.7625e-07 2.68221e-10
3.765e-07 2.68221e-10
3.7675e-07 2.68221e-10
3.77e-07 2.68221e-10
3.7725e-07 0.004
3.775e-07 -0.004
3.7775e-07 2.68221e-10
3.78e-07 2.68221e-10
3.7825e-07 2.68221e-10
3.785e-07 -0.004
3.7875e-07 -0.008
3.79e-07 -0.004
3.7925e-07 -0.004
3.795e-07 2.68221e-10
3.7975e-07 -0.004
3.8e-07 0.004
3.8025e-07 -0.004
3.805e-07 2.68221e-10
3.8075e-07 -0.004
3.81e-07 2.68221e-10
3.8125e-07 -0.004
3.815e-07 0.004
3.8175e-07 2.68221e-10
3.82e-07 0.004
3.8225e-07 2.68221e-10
3.825e-07 2.68221e-10
3.8275e-07 0.004
3.83e-07 2.68221e-10
3.8325e-07 -0.004
3.835e-07 2.68221e-10
3.8375e-07 0.004
3.84e-07 2.68221e-10
3.8425e-07 0.004
3.845e-07 0.004
3.8475e-07 2.68221e-10
3.85e-07 2.68221e-10
3.8525e-07 0.004
3.855e-07 -0.008
3.8575e-07 2.68221e-10
3.86e-07 0.004
3.8625e-07 2.68221e-10
3.865e-07 2.68221e-10
3.8675e-07 2.68221e-10
3.87e-07 2.68221e-10
3.8725e-07 0.008
3.875e-07 -0.004
3.8775e-07 2.68221e-10
3.88e-07 -0.004
3.8825e-07 -0.004
3.885e-07 0.004
3.8875e-07 0.004
3.89e-07 -0.004
3.8925e-07 2.68221e-10
3.895e-07 2.68221e-10
3.8975e-07 2.68221e-10
3.9e-07 2.68221e-10
3.9025e-07 0.004
3.905e-07 2.68221e-10
3.9075e-07 2.68221e-10
3.91e-07 2.68221e-10
3.9125e-07 2.68221e-10
3.915e-07 -0.004
3.9175e-07 -0.004
3.92e-07 2.68221e-10
3.9225e-07 2.68221e-10
3.925e-07 2.68221e-10
3.9275e-07 2.68221e-10
3.93e-07 0.004
3.9325e-07 2.68221e-10
3.935e-07 0.004
3.9375e-07 2.68221e-10
3.94e-07 0.004
3.9425e-07 -0.008
3.945e-07 0.004
3.9475e-07 -0.004
3.95e-07 2.68221e-10
3.9525e-07 2.68221e-10
3.955e-07 0.004
3.9575e-07 2.68221e-10
3.96e-07 0.004
3.9625e-07 2.68221e-10
3.965e-07 2.68221e-10
3.9675e-07 2.68221e-10
3.97e-07 -0.004
3.9725e-07 0.004
3.975e-07 2.68221e-10
3.9775e-07 2.68221e-10
3.98e-07 -0.004
3.9825e-07 2.68221e-10
3.985e-07 2.68221e-10
3.9875e-07 -0.008
3.99e-07 -0.004
3.9925e-07 2.68221e-10
3.995e-07 2.68221e-10
3.9975e-07 2.68221e-10
4e-07 0.008
4.0025e-07 0.004
4.005e-07 0.004
4.0075e-07 0.004
4.01e-07 0.004
4.0125e-07 0.004
4.015e-07 -0.004
4.0175e-07 0.004
4.02e-07 2.68221e-10
4.0225e-07 -0.008
4.025e-07 -0.004
4.0275e-07 -0.004
4.03e-07 -0.004
4.0325e-07 -0.004
4.035e-07 0.004
4.0375e-07 -0.004
4.04e-07 -0.004
4.0425e-07 -0.004
4.045e-07 2.68221e-10
4.0475e-07 -0.008
4.05e-07 0.004
4.0525e-07 2.68221e-10
4.055e-07 2.68221e-10
4.0575e-07 0.004
4.06e-07 2.68221e-10
4.0625e-07 0.008
4.065e-07 0.004
4.0675e-07 0.008
4.07e-07 0.004
4.0725e-07 0.004
4.075e-07 0.008
4.0775e-07 0.004
4.08e-07 2.68221e-10
4.0825e-07 2.68221e-10
4.085e-07 0.004
4.0875e-07 2.68221e-10
4.09e-07 2.68221e-10
4.0925e-07 0.008
4.095e-07 -0.004
4.0975e-07 -0.004
4.1e-07 2.68221e-10
4.1025e-07 -0.004
4.105e-07 2.68221e-10
4.1075e-07 2.68221e-10
4.11e-07 2.68221e-10
4.1125e-07 0.004
4.115e-07 2.68221e-10
4.1175e-07 2.68221e-10
4.12e-07 2.68221e-10
4.1225e-07 0.004
4.125e-07 -0.004
4.1275e-07 2.68221e-10
4.13e-07 -0.004
4.1325e-07 2.68221e-10
4.135e-07 -0.008
4.1375e-07 -0.008
4.14e-07 -0.004
4.1425e-07 2.68221e-10
4.145e-07 -0.012
4.1475e-07 -0.004
4.15e-07 -0.004
4.1525e-07 -0.004
4.155e-07 -0.004
4.1575e-07 -0.004
4.16e-07 0.004
4.1625e-07 2.68221e-10
4.165e-07 0.008
4.1675e-07 2.68221e-10
4.17e-07 0.008
4.1725e-07 0.004
4.175e-07 0.004
4.1775e-07 0.008
4.18e-07 0.008
4.1825e-07 0.008
4.185e-07 0.004
4.1875e-07 0.004
4.19e-07 0.004
4.1925e-07 0.008
4.195e-07 0.008
4.1975e-07 2.68221e-10
4.2e-07 0.008
4.2025e-07 0.012
4.205e-07 0.008
4.2075e-07 0.012
4.21e-07 0.012
4.2125e-07 0.004
4.215e-07 0.008
4.2175e-07 0.008
4.22e-07 0.004
4.2225e-07 2.68221e-10
4.225e-07 0.004
4.2275e-07 -0.004
4.23e-07 2.68221e-10
4.2325e-07 -0.008
4.235e-07 -0.008
4.2375e-07 -0.012
4.24e-07 -0.008
4.2425e-07 -0.02
4.245e-07 -0.008
4.2475e-07 -0.02
4.25e-07 -0.008
4.2525e-07 -0.016
4.255e-07 -0.012
4.2575e-07 -0.012
4.26e-07 -0.008
4.2625e-07 -0.004
4.265e-07 -0.008
4.2675e-07 -0.008
4.27e-07 2.68221e-10
4.2725e-07 -0.004
4.275e-07 0.008
4.2775e-07 0.004
4.28e-07 0.008
4.2825e-07 0.004
4.285e-07 0.008
4.2875e-07 0.016
4.29e-07 0.012
4.2925e-07 0.016
4.295e-07 0.012
4.2975e-07 0.008
4.3e-07 0.012
4.3025e-07 0.008
4.305e-07 0.004
4.3075e-07 0.008
4.31e-07 0.008
4.3125e-07 0.004
4.315e-07 0.008
4.3175e-07 0.004
4.32e-07 0.008
4.3225e-07 2.68221e-10
4.325e-07 0.004
4.3275e-07 2.68221e-10
4.33e-07 0.004
4.3325e-07 -0.004
4.335e-07 -0.004
4.3375e-07 -0.004
4.34e-07 -0.008
4.3425e-07 2.68221e-10
4.345e-07 -0.008
4.3475e-07 -0.008
4.35e-07 -0.012
4.3525e-07 -0.008
4.355e-07 -0.012
4.3575e-07 -0.008
4.36e-07 -0.012
4.3625e-07 -0.004
4.365e-07 -0.008
4.3675e-07 -0.008
4.37e-07 -0.004
4.3725e-07 -0.004
4.375e-07 2.68221e-10
4.3775e-07 -0.008
4.38e-07 0.004
4.3825e-07 -0.004
4.385e-07 2.68221e-10
4.3875e-07 0.004
4.39e-07 0.004
4.3925e-07 0.004
4.395e-07 0.012
4.3975e-07 0.004
4.4e-07 0.008
4.4025e-07 0.004
4.405e-07 0.004
4.4075e-07 0.004
4.41e-07 0.004
4.4125e-07 0.004
4.415e-07 0.008
4.4175e-07 2.68221e-10
4.42e-07 0.004
4.4225e-07 0.004
4.425e-07 0.004
4.4275e-07 0.004
4.43e-07 2.68221e-10
4.4325e-07 0.004
4.435e-07 0.004
4.4375e-07 2.68221e-10
4.44e-07 2.68221e-10
4.4425e-07 2.68221e-10
4.445e-07 -0.004
4.4475e-07 -0.004
4.45e-07 -0.004
4.4525e-07 -0.008
4.455e-07 -0.004
4.4575e-07 -0.008
4.46e-07 -0.008
4.4625e-07 -0.004
4.465e-07 -0.008
4.4675e-07 -0.004
4.47e-07 -0.008
4.4725e-07 -0.008
4.475e-07 -0.004
4.4775e-07 -0.008
4.48e-07 2.68221e-10
4.4825e-07 -0.008
4.485e-07 -0.004
4.4875e-07 2.68221e-10
4.49e-07 -0.004
4.4925e-07 0.004
4.495e-07 0.004
4.4975e-07 2.68221e-10
4.5e-07 0.008
4.5025e-07 0.004
4.505e-07 0.004
4.5075e-07 0.004
4.51e-07 0.008
4.5125e-07 0.008
4.515e-07 0.004
4.5175e-07 0.008
4.52e-07 0.004
4.5225e-07 2.68221e-10
4.525e-07 0.008
4.5275e-07 2.68221e-10
4.53e-07 0.008
4.5325e-07 -0.004
4.535e-07 0.004
4.5375e-07 -0.004
4.54e-07 -0.004
4.5425e-07 2.68221e-10
4.545e-07 2.68221e-10
4.5475e-07 2.68221e-10
4.55e-07 0.004
4.5525e-07 -0.004
4.555e-07 2.68221e-10
4.5575e-07 -0.008
4.56e-07 2.68221e-10
4.5625e-07 -0.004
4.565e-07 -0.004
4.5675e-07 2.68221e-10
4.57e-07 -0.004
4.5725e-07 -0.004
4.575e-07 2.68221e-10
4.5775e-07 -0.004
4.58e-07 -0.004
4.5825e-07 -0.004
4.585e-07 0.004
4.5875e-07 -0.004
4.59e-07 2.68221e-10
4.5925e-07 0.004
4.595e-07 2.68221e-10
4.5975e-07 2.68221e-10
4.6e-07 2.68221e-10
4.6025e-07 -0.004
4.605e-07 0.004
4.6075e-07 2.68221e-10
4.61e-07 -0.004
4.6125e-07 0.004
4.615e-07 0.008
4.6175e-07 -0.004
4.62e-07 0.004
4.6225e-07 0.004
4.625e-07 -0.004
4.6275e-07 2.68221e-10
4.63e-07 2.68221e-10
4.6325e-07 2.68221e-10
4.635e-07 2.68221e-10
4.6375e-07 -0.004
4.64e-07 -0.004
4.6425e-07 -0.004
4.645e-07 -0.008
4.6475e-07 -0.004
4.65e-07 -0.004
4.6525e-07 -0.004
4.655e-07 2.68221e-10
4.6575e-07 -0.004
4.66e-07 0.004
4.6625e-07 2.68221e-10
4.665e-07 2.68221e-10
4.6675e-07 0.004
4.67e-07 2.68221e-10
4.6725e-07 0.004
4.675e-07 2.68221e-10
4.6775e-07 0.004
4.68e-07 2.68221e-10
4.6825e-07 2.68221e-10
4.685e-07 2.68221e-10
4.6875e-07 -0.004
4.69e-07 2.68221e-10
4.6925e-07 2.68221e-10
4.695e-07 2.68221e-10
4.6975e-07 0.004
4.7e-07 2.68221e-10
4.7025e-07 2.68221e-10
4.705e-07 0.004
4.7075e-07 0.004
4.71e-07 0.004
4.7125e-07 0.008
4.715e-07 0.004
4.7175e-07 0.004
4.72e-07 0.008
4.7225e-07 2.68221e-10
4.725e-07 2.68221e-10
4.7275e-07 -0.004
4.73e-07 2.68221e-10
4.7325e-07 2.68221e-10
4.735e-07 2.68221e-10
4.7375e-07 -0.008
4.74e-07 -0.004
4.7425e-07 -0.004
4.745e-07 2.68221e-10
4.7475e-07 -0.008
4.75e-07 -0.008
4.7525e-07 -0.008
4.755e-07 -0.004
4.7575e-07 -0.004
4.76e-07 -0.008
4.7625e-07 -0.008
4.765e-07 -0.004
4.7675e-07 -0.008
4.77e-07 2.68221e-10
4.7725e-07 -0.004
4.775e-07 0.004
4.7775e-07 0.004
4.78e-07 0.004
4.7825e-07 0.004
4.785e-07 0.004
4.7875e-07 0.004
4.79e-07 0.008
4.7925e-07 0.008
4.795e-07 0.008
4.7975e-07 0.008
4.8e-07 0.008
4.8025e-07 0.008
4.805e-07 0.012
4.8075e-07 0.008
4.81e-07 0.008
4.8125e-07 0.004
4.815e-07 0.004
4.8175e-07 0.008
4.82e-07 0.008
4.8225e-07 2.68221e-10
4.825e-07 2.68221e-10
4.8275e-07 0.004
4.83e-07 -0.004
4.8325e-07 0.004
4.835e-07 -0.004
4.8375e-07 -0.008
4.84e-07 -0.004
4.8425e-07 -0.004
4.845e-07 -0.004
4.8475e-07 -0.004
4.85e-07 -0.004
4.8525e-07 -0.004
4.855e-07 -0.004
4.8575e-07 -0.008
4.86e-07 2.68221e-10
4.8625e-07 -0.008
4.865e-07 -0.004
4.8675e-07 -0.008
4.87e-07 -0.004
4.8725e-07 2.68221e-10
4.875e-07 -0.004
4.8775e-07 -0.004
4.88e-07 0.004
4.8825e-07 2.68221e-10
4.885e-07 2.68221e-10
4.8875e-07 2.68221e-10
4.89e-07 2.68221e-10
4.8925e-07 2.68221e-10
4.895e-07 0.004
4.8975e-07 0.004
4.9e-07 0.004
4.9025e-07 2.68221e-10
4.905e-07 0.008
4.9075e-07 0.008
4.91e-07 0.008
4.9125e-07 0.004
4.915e-07 0.004
4.9175e-07 0.008
4.92e-07 0.008
4.9225e-07 0.004
4.925e-07 0.004
4.9275e-07 0.004
4.93e-07 0.012
4.9325e-07 0.004
4.935e-07 0.004
4.9375e-07 0.004
4.94e-07 2.68221e-10
4.9425e-07 0.004
4.945e-07 2.68221e-10
4.9475e-07 2.68221e-10
4.95e-07 2.68221e-10
4.9525e-07 -0.004
4.955e-07 -0.004
4.9575e-07 -0.008
4.96e-07 2.68221e-10
4.9625e-07 -0.008
4.965e-07 -0.004
4.9675e-07 -0.012
4.97e-07 -0.008
4.9725e-07 -0.004
4.975e-07 -0.008
4.9775e-07 -0.004
4.98e-07 -0.004
4.9825e-07 -0.004
4.985e-07 -0.008
4.9875e-07 2.68221e-10
4.99e-07 -0.004
4.9925e-07 -0.004
4.995e-07 2.68221e-10
4.9975e-07 2.68221e-10
5e-07 2.68221e-10
5.0025e-07 2.68221e-10
5.005e-07 2.68221e-10
5.0075e-07 2.68221e-10
5.01e-07 0.008
5.0125e-07 0.004
5.015e-07 0.008
5.0175e-07 0.004
5.02e-07 0.004
5.0225e-07 0.008
5.025e-07 0.008
5.0275e-07 2.68221e-10
5.03e-07 0.004
5.0325e-07 2.68221e-10
5.035e-07 2.68221e-10
5.0375e-07 0.004
5.04e-07 0.004
5.0425e-07 2.68221e-10
5.045e-07 2.68221e-10
5.0475e-07 2.68221e-10
5.05e-07 2.68221e-10
5.0525e-07 -0.004
5.055e-07 0.004
5.0575e-07 -0.004
5.06e-07 2.68221e-10
5.0625e-07 -0.004
5.065e-07 2.68221e-10
5.0675e-07 -0.008
5.07e-07 2.68221e-10
5.0725e-07 -0.004
5.075e-07 2.68221e-10
5.0775e-07 -0.008
5.08e-07 2.68221e-10
5.0825e-07 -0.004
5.085e-07 -0.004
5.0875e-07 -0.004
5.09e-07 -0.004
5.0925e-07 -0.004
5.095e-07 2.68221e-10
5.0975e-07 -0.004
5.1e-07 2.68221e-10
5.1025e-07 2.68221e-10
5.105e-07 0.004
5.1075e-07 2.68221e-10
5.11e-07 2.68221e-10
5.1125e-07 2.68221e-10
5.115e-07 0.004
5.1175e-07 2.68221e-10
5.12e-07 0.008
5.1225e-07 2.68221e-10
5.125e-07 2.68221e-10
5.1275e-07 2.68221e-10
5.13e-07 0.004
5.1325e-07 0.004
5.135e-07 2.68221e-10
5.1375e-07 2.68221e-10
5.14e-07 2.68221e-10
5.1425e-07 0.004
5.145e-07 0.008
5.1475e-07 0.004
5.15e-07 2.68221e-10
5.1525e-07 0.004
5.155e-07 -0.004
5.1575e-07 0.004
5.16e-07 -0.004
5.1625e-07 2.68221e-10
5.165e-07 -0.004
5.1675e-07 -0.004
5.17e-07 -0.004
5.1725e-07 2.68221e-10
5.175e-07 -0.004
5.1775e-07 2.68221e-10
5.18e-07 2.68221e-10
5.1825e-07 2.68221e-10
5.185e-07 2.68221e-10
5.1875e-07 2.68221e-10
5.19e-07 2.68221e-10
5.1925e-07 2.68221e-10
5.195e-07 2.68221e-10
5.1975e-07 2.68221e-10
5.2e-07 0.008
5.2025e-07 0.004
5.205e-07 -0.004
5.2075e-07 0.004
5.21e-07 2.68221e-10
5.2125e-07 2.68221e-10
5.215e-07 2.68221e-10
5.2175e-07 0.008
5.22e-07 -0.004
5.2225e-07 2.68221e-10
5.225e-07 2.68221e-10
5.2275e-07 -0.004
5.23e-07 2.68221e-10
5.2325e-07 2.68221e-10
5.235e-07 0.008
5.2375e-07 2.68221e-10
5.24e-07 2.68221e-10
5.2425e-07 -0.008
5.245e-07 2.68221e-10
5.2475e-07 -0.004
5.25e-07 2.68221e-10
5.2525e-07 -0.004
5.255e-07 2.68221e-10
5.2575e-07 -0.004
5.26e-07 0.004
5.2625e-07 2.68221e-10
5.265e-07 0.004
5.2675e-07 -0.004
5.27e-07 0.004
5.2725e-07 0.004
5.275e-07 2.68221e-10
5.2775e-07 0.004
5.28e-07 2.68221e-10
5.2825e-07 -0.004
5.285e-07 2.68221e-10
5.2875e-07 0.004
5.29e-07 2.68221e-10
5.2925e-07 0.004
5.295e-07 0.004
5.2975e-07 0.004
5.3e-07 2.68221e-10
5.3025e-07 0.004
5.305e-07 2.68221e-10
5.3075e-07 2.68221e-10
5.31e-07 2.68221e-10
5.3125e-07 -0.004
5.315e-07 0.004
5.3175e-07 2.68221e-10
5.32e-07 0.004
5.3225e-07 0.004
5.325e-07 0.004
5.3275e-07 2.68221e-10
5.33e-07 2.68221e-10
5.3325e-07 0.004
5.335e-07 0.004
5.3375e-07 2.68221e-10
5.34e-07 2.68221e-10
5.3425e-07 2.68221e-10
5.345e-07 2.68221e-10
5.3475e-07 -0.008
5.35e-07 2.68221e-10
5.3525e-07 -0.004
5.355e-07 2.68221e-10
5.3575e-07 2.68221e-10
5.36e-07 0.004
5.3625e-07 -0.004
5.365e-07 2.68221e-10
5.3675e-07 2.68221e-10
5.37e-07 2.68221e-10
5.3725e-07 -0.004
5.375e-07 2.68221e-10
5.3775e-07 -0.004
5.38e-07 2.68221e-10
5.3825e-07 2.68221e-10
5.385e-07 2.68221e-10
5.3875e-07 -0.004
5.39e-07 2.68221e-10
5.3925e-07 -0.004
5.395e-07 2.68221e-10
5.3975e-07 -0.004
5.4e-07 0.004
5.4025e-07 2.68221e-10
5.405e-07 -0.004
5.4075e-07 2.68221e-10
5.41e-07 2.68221e-10
5.4125e-07 2.68221e-10
5.415e-07 0.004
5.4175e-07 0.004
5.42e-07 2.68221e-10
5.4225e-07 0.004
5.425e-07 2.68221e-10
5.4275e-07 2.68221e-10
5.43e-07 0.008
5.4325e-07 -0.004
5.435e-07 2.68221e-10
5.4375e-07 2.68221e-10
5.44e-07 2.68221e-10
5.4425e-07 2.68221e-10
5.445e-07 2.68221e-10
5.4475e-07 -0.004
5.45e-07 2.68221e-10
5.4525e-07 2.68221e-10
5.455e-07 2.68221e-10
5.4575e-07 2.68221e-10
5.46e-07 0.004
5.4625e-07 0.004
5.465e-07 0.004
5.4675e-07 -0.004
5.47e-07 0.004
5.4725e-07 -0.004
5.475e-07 2.68221e-10
5.4775e-07 2.68221e-10
5.48e-07 0.004
5.4825e-07 0.004
5.485e-07 -0.004
5.4875e-07 2.68221e-10
5.49e-07 -0.004
5.4925e-07 -0.004
5.495e-07 -0.004
5.4975e-07 -0.004
5.5e-07 -0.004
5.5025e-07 2.68221e-10
5.505e-07 -0.004
5.5075e-07 0.004
5.51e-07 0.004
5.5125e-07 2.68221e-10
5.515e-07 0.004
5.5175e-07 -0.004
5.52e-07 0.004
5.5225e-07 2.68221e-10
5.525e-07 2.68221e-10
5.5275e-07 0.004
5.53e-07 0.004
5.5325e-07 0.008
5.535e-07 -0.004
5.5375e-07 0.004
5.54e-07 2.68221e-10
5.5425e-07 0.004
5.545e-07 0.004
5.5475e-07 2.68221e-10
5.55e-07 2.68221e-10
5.5525e-07 -0.004
5.555e-07 0.004
5.5575e-07 2.68221e-10
5.56e-07 -0.004
5.5625e-07 -0.004
5.565e-07 0.008
5.5675e-07 2.68221e-10
5.57e-07 0.004
5.5725e-07 0.004
5.575e-07 0.004
5.5775e-07 2.68221e-10
5.58e-07 2.68221e-10
5.5825e-07 2.68221e-10
5.585e-07 0.008
5.5875e-07 -0.004
5.59e-07 2.68221e-10
5.5925e-07 2.68221e-10
5.595e-07 2.68221e-10
5.5975e-07 2.68221e-10
5.6e-07 -0.004
5.6025e-07 2.68221e-10
5.605e-07 2.68221e-10
5.6075e-07 2.68221e-10
5.61e-07 2.68221e-10
5.6125e-07 -0.004
5.615e-07 -0.004
5.6175e-07 -0.004
5.62e-07 -0.004
5.6225e-07 -0.004
5.625e-07 2.68221e-10
5.6275e-07 2.68221e-10
5.63e-07 2.68221e-10
5.6325e-07 -0.004
5.635e-07 2.68221e-10
5.6375e-07 2.68221e-10
5.64e-07 0.004
5.6425e-07 -0.004
5.645e-07 2.68221e-10
5.6475e-07 2.68221e-10
5.65e-07 2.68221e-10
5.6525e-07 2.68221e-10
5.655e-07 2.68221e-10
5.6575e-07 2.68221e-10
5.66e-07 2.68221e-10
5.6625e-07 0.004
5.665e-07 0.008
5.6675e-07 -0.004
5.67e-07 0.004
5.6725e-07 2.68221e-10
5.675e-07 0.008
5.6775e-07 2.68221e-10
5.68e-07 0.008
5.6825e-07 0.008
5.685e-07 2.68221e-10
5.6875e-07 0.008
5.69e-07 0.004
5.6925e-07 0.008
5.695e-07 2.68221e-10
5.6975e-07 2.68221e-10
5.7e-07 0.004
5.7025e-07 2.68221e-10
5.705e-07 0.004
5.7075e-07 2.68221e-10
5.71e-07 0.004
5.7125e-07 -0.004
5.715e-07 2.68221e-10
5.7175e-07 -0.004
5.72e-07 -0.004
5.7225e-07 -0.008
5.725e-07 0.008
5.7275e-07 -0.008
5.73e-07 0.004
5.7325e-07 -0.008
5.735e-07 -0.004
5.7375e-07 -0.004
5.74e-07 -0.008
5.7425e-07 -0.008
5.745e-07 -0.008
5.7475e-07 2.68221e-10
5.75e-07 -0.004
5.7525e-07 -0.004
5.755e-07 2.68221e-10
5.7575e-07 -0.004
5.76e-07 -0.004
5.7625e-07 2.68221e-10
5.765e-07 2.68221e-10
5.7675e-07 0.004
5.77e-07 2.68221e-10
5.7725e-07 0.004
5.775e-07 -0.004
5.7775e-07 2.68221e-10
5.78e-07 2.68221e-10
5.7825e-07 2.68221e-10
5.785e-07 0.008
5.7875e-07 0.008
5.79e-07 0.004
5.7925e-07 0.004
5.795e-07 0.004
5.7975e-07 0.004
5.8e-07 0.008
5.8025e-07 0.004
5.805e-07 2.68221e-10
5.8075e-07 0.004
5.81e-07 0.008
5.8125e-07 0.008
5.815e-07 2.68221e-10
5.8175e-07 0.004
5.82e-07 0.004
5.8225e-07 0.004
5.825e-07 0.004
5.8275e-07 2.68221e-10
5.83e-07 2.68221e-10
5.8325e-07 2.68221e-10
5.835e-07 2.68221e-10
5.8375e-07 2.68221e-10
5.84e-07 2.68221e-10
5.8425e-07 2.68221e-10
5.845e-07 -0.004
5.8475e-07 2.68221e-10
5.85e-07 2.68221e-10
5.8525e-07 0.004
5.855e-07 -0.008
5.8575e-07 -0.004
5.86e-07 2.68221e-10
5.8625e-07 -0.004
5.865e-07 2.68221e-10
5.8675e-07 -0.008
5.87e-07 2.68221e-10
5.8725e-07 -0.008
5.875e-07 2.68221e-10
5.8775e-07 0.004
5.88e-07 -0.008
5.8825e-07 0.004
5.885e-07 -0.008
5.8875e-07 2.68221e-10
5.89e-07 2.68221e-10
5.8925e-07 0.008
5.895e-07 2.68221e-10
5.8975e-07 0.004
5.9e-07 0.004
5.9025e-07 2.68221e-10
5.905e-07 2.68221e-10
5.9075e-07 2.68221e-10
5.91e-07 0.008
5.9125e-07 2.68221e-10
5.915e-07 0.012
5.9175e-07 0.004
5.92e-07 2.68221e-10
5.9225e-07 0.004
5.925e-07 0.004
5.9275e-07 0.004
5.93e-07 0.004
5.9325e-07 2.68221e-10
5.935e-07 2.68221e-10
5.9375e-07 -0.004
5.94e-07 2.68221e-10
5.9425e-07 2.68221e-10
5.945e-07 2.68221e-10
5.9475e-07 -0.004
5.95e-07 0.004
5.9525e-07 -0.008
5.955e-07 0.004
5.9575e-07 2.68221e-10
5.96e-07 2.68221e-10
5.9625e-07 2.68221e-10
5.965e-07 2.68221e-10
5.9675e-07 2.68221e-10
5.97e-07 2.68221e-10
5.9725e-07 -0.004
5.975e-07 2.68221e-10
5.9775e-07 2.68221e-10
5.98e-07 -0.004
5.9825e-07 0.008
5.985e-07 2.68221e-10
5.9875e-07 -0.004
5.99e-07 2.68221e-10
5.9925e-07 2.68221e-10
5.995e-07 0.004
5.9975e-07 2.68221e-10
6e-07 2.68221e-10
6.0025e-07 2.68221e-10
6.005e-07 -0.008
6.0075e-07 -0.004
6.01e-07 -0.004
6.0125e-07 2.68221e-10
6.015e-07 2.68221e-10
6.0175e-07 2.68221e-10
6.02e-07 2.68221e-10
6.0225e-07 2.68221e-10
6.025e-07 2.68221e-10
6.0275e-07 2.68221e-10
6.03e-07 -0.004
6.0325e-07 -0.004
6.035e-07 -0.004
6.0375e-07 2.68221e-10
6.04e-07 -0.004
6.0425e-07 0.004
6.045e-07 2.68221e-10
6.0475e-07 0.004
6.05e-07 2.68221e-10
6.0525e-07 0.004
6.055e-07 2.68221e-10
6.0575e-07 2.68221e-10
6.06e-07 0.008
6.0625e-07 -0.004
6.065e-07 2.68221e-10
6.0675e-07 -0.004
6.07e-07 2.68221e-10
6.0725e-07 0.004
6.075e-07 0.004
6.0775e-07 0.004
6.08e-07 0.008
6.0825e-07 2.68221e-10
6.085e-07 2.68221e-10
6.0875e-07 2.68221e-10
6.09e-07 0.008
6.0925e-07 0.004
6.095e-07 0.004
6.0975e-07 0.004
6.1e-07 2.68221e-10
6.1025e-07 2.68221e-10
6.105e-07 2.68221e-10
6.1075e-07 2.68221e-10
6.11e-07 2.68221e-10
6.1125e-07 -0.004
6.115e-07 0.004
6.1175e-07 -0.004
6.12e-07 2.68221e-10
6.1225e-07 -0.004
6.125e-07 2.68221e-10
6.1275e-07 -0.004
6.13e-07 2.68221e-10
6.1325e-07 -0.004
6.135e-07 -0.004
6.1375e-07 -0.004
6.14e-07 2.68221e-10
6.1425e-07 -0.004
6.145e-07 -0.004
6.1475e-07 -0.004
6.15e-07 2.68221e-10
6.1525e-07 -0.004
6.155e-07 2.68221e-10
6.1575e-07 2.68221e-10
6.16e-07 2.68221e-10
6.1625e-07 -0.004
6.165e-07 0.004
6.1675e-07 0.004
6.17e-07 0.004
6.1725e-07 0.004
6.175e-07 2.68221e-10
6.1775e-07 0.004
6.18e-07 0.004
6.1825e-07 0.004
6.185e-07 2.68221e-10
6.1875e-07 0.004
6.19e-07 0.004
6.1925e-07 0.004
6.195e-07 0.004
6.1975e-07 0.004
6.2e-07 2.68221e-10
6.2025e-07 0.004
6.205e-07 0.008
6.2075e-07 0.004
6.21e-07 0.004
6.2125e-07 2.68221e-10
6.215e-07 -0.004
6.2175e-07 2.68221e-10
6.22e-07 0.004
6.2225e-07 0.004
6.225e-07 -0.004
6.2275e-07 -0.004
6.23e-07 -0.004
6.2325e-07 2.68221e-10
6.235e-07 -0.004
6.2375e-07 2.68221e-10
6.24e-07 -0.004
6.2425e-07 2.68221e-10
6.245e-07 -0.004
6.2475e-07 -0.004
6.25e-07 0.004
6.2525e-07 -0.004
6.255e-07 -0.004
6.2575e-07 -0.004
6.26e-07 2.68221e-10
6.2625e-07 2.68221e-10
6.265e-07 -0.004
6.2675e-07 2.68221e-10
6.27e-07 -0.004
6.2725e-07 0.004
6.275e-07 -0.004
6.2775e-07 2.68221e-10
6.28e-07 0.004
6.2825e-07 2.68221e-10
6.285e-07 0.004
6.2875e-07 2.68221e-10
6.29e-07 0.004
6.2925e-07 0.004
6.295e-07 0.004
6.2975e-07 2.68221e-10
6.3e-07 0.008
6.3025e-07 2.68221e-10
6.305e-07 0.008
6.3075e-07 2.68221e-10
6.31e-07 0.008
6.3125e-07 2.68221e-10
6.315e-07 2.68221e-10
6.3175e-07 2.68221e-10
6.32e-07 2.68221e-10
6.3225e-07 0.004
6.325e-07 0.004
6.3275e-07 0.004
6.33e-07 2.68221e-10
6.3325e-07 2.68221e-10
6.335e-07 2.68221e-10
6.3375e-07 2.68221e-10
6.34e-07 2.68221e-10
6.3425e-07 -0.004
6.345e-07 2.68221e-10
6.3475e-07 2.68221e-10
6.35e-07 2.68221e-10
6.3525e-07 -0.004
6.355e-07 0.004
6.3575e-07 0.004
6.36e-07 2.68221e-10
6.3625e-07 0.004
6.365e-07 2.68221e-10
6.3675e-07 2.68221e-10
6.37e-07 2.68221e-10
6.3725e-07 -0.004
6.375e-07 -0.004
6.3775e-07 -0.008
6.38e-07 0.004
6.3825e-07 -0.004
6.385e-07 2.68221e-10
6.3875e-07 -0.004
6.39e-07 -0.004
6.3925e-07 0.004
6.395e-07 -0.004
6.3975e-07 2.68221e-10
6.4e-07 0.008
6.4025e-07 -0.004
6.405e-07 0.008
6.4075e-07 -0.004
6.41e-07 0.004
6.4125e-07 2.68221e-10
6.415e-07 0.004
6.4175e-07 2.68221e-10
6.42e-07 0.004
6.4225e-07 0.004
6.425e-07 2.68221e-10
6.4275e-07 0.004
6.43e-07 0.004
6.4325e-07 -0.008
6.435e-07 -0.008
6.4375e-07 0.004
6.44e-07 -0.004
6.4425e-07 2.68221e-10
6.445e-07 2.68221e-10
6.4475e-07 2.68221e-10
6.45e-07 0.004
6.4525e-07 2.68221e-10
6.455e-07 0.004
6.4575e-07 0.004
6.46e-07 2.68221e-10
6.4625e-07 2.68221e-10
6.465e-07 -0.004
6.4675e-07 2.68221e-10
6.47e-07 2.68221e-10
6.4725e-07 2.68221e-10
6.475e-07 0.004
6.4775e-07 2.68221e-10
6.48e-07 0.004
6.4825e-07 2.68221e-10
6.485e-07 0.004
6.4875e-07 2.68221e-10
6.49e-07 0.004
6.4925e-07 0.004
6.495e-07 2.68221e-10
6.4975e-07 0.004
6.5e-07 2.68221e-10
6.5025e-07 0.004
6.505e-07 2.68221e-10
6.5075e-07 -0.004
6.51e-07 -0.004
6.5125e-07 2.68221e-10
6.515e-07 -0.004
6.5175e-07 2.68221e-10
6.52e-07 0.004
6.5225e-07 -0.004
6.525e-07 0.004
6.5275e-07 2.68221e-10
6.53e-07 0.004
6.5325e-07 2.68221e-10
6.535e-07 2.68221e-10
6.5375e-07 2.68221e-10
6.54e-07 -0.004
6.5425e-07 2.68221e-10
6.545e-07 0.004
6.5475e-07 -0.004
6.55e-07 2.68221e-10
6.5525e-07 2.68221e-10
6.555e-07 -0.004
6.5575e-07 -0.004
6.56e-07 -0.008
6.5625e-07 -0.008
6.565e-07 0.004
6.5675e-07 2.68221e-10
6.57e-07 -0.004
6.5725e-07 2.68221e-10
6.575e-07 0.004
6.5775e-07 -0.004
6.58e-07 2.68221e-10
6.5825e-07 2.68221e-10
6.585e-07 2.68221e-10
6.5875e-07 0.004
6.59e-07 2.68221e-10
6.5925e-07 0.004
6.595e-07 0.004
6.5975e-07 -0.004
6.6e-07 -0.004
6.6025e-07 2.68221e-10
6.605e-07 0.008
6.6075e-07 2.68221e-10
6.61e-07 2.68221e-10
6.6125e-07 -0.004
6.615e-07 0.004
6.6175e-07 2.68221e-10
6.62e-07 0.004
6.6225e-07 0.004
6.625e-07 0.008
6.6275e-07 0.004
6.63e-07 2.68221e-10
6.6325e-07 0.004
6.635e-07 -0.004
6.6375e-07 -0.004
6.64e-07 2.68221e-10
6.6425e-07 2.68221e-10
6.645e-07 -0.004
6.6475e-07 2.68221e-10
6.65e-07 2.68221e-10
6.6525e-07 -0.004
6.655e-07 2.68221e-10
6.6575e-07 2.68221e-10
6.66e-07 2.68221e-10
6.6625e-07 -0.004
6.665e-07 -0.004
6.6675e-07 2.68221e-10
6.67e-07 -0.004
6.6725e-07 2.68221e-10
6.675e-07 2.68221e-10
6.6775e-07 2.68221e-10
6.68e-07 2.68221e-10
6.6825e-07 0.004
6.685e-07 2.68221e-10
6.6875e-07 2.68221e-10
6.69e-07 2.68221e-10
6.6925e-07 2.68221e-10
6.695e-07 0.004
6.6975e-07 0.004
6.7e-07 2.68221e-10
6.7025e-07 2.68221e-10
6.705e-07 0.004
6.7075e-07 0.004
6.71e-07 0.008
6.7125e-07 2.68221e-10
6.715e-07 0.004
6.7175e-07 2.68221e-10
6.72e-07 2.68221e-10
6.7225e-07 -0.004
6.725e-07 2.68221e-10
6.7275e-07 2.68221e-10
6.73e-07 0.004
6.7325e-07 -0.004
6.735e-07 -0.004
6.7375e-07 2.68221e-10
6.74e-07 0.004
6.7425e-07 2.68221e-10
6.745e-07 -0.004
6.7475e-07 -0.004
6.75e-07 2.68221e-10
6.7525e-07 0.004
6.755e-07 -0.004
6.7575e-07 2.68221e-10
6.76e-07 2.68221e-10
6.7625e-07 -0.004
6.765e-07 2.68221e-10
6.7675e-07 -0.004
6.77e-07 -0.004
6.7725e-07 -0.004
6.775e-07 -0.004
6.7775e-07 2.68221e-10
6.78e-07 2.68221e-10
6.7825e-07 -0.004
6.785e-07 -0.004
6.7875e-07 2.68221e-10
6.79e-07 0.004
6.7925e-07 2.68221e-10
6.795e-07 0.008
6.7975e-07 2.68221e-10
6.8e-07 0.008
6.8025e-07 0.004
6.805e-07 2.68221e-10
6.8075e-07 2.68221e-10
6.81e-07 0.004
6.8125e-07 -0.004
6.815e-07 0.004
6.8175e-07 0.004
6.82e-07 2.68221e-10
6.8225e-07 0.004
6.825e-07 2.68221e-10
6.8275e-07 2.68221e-10
6.83e-07 0.004
6.8325e-07 2.68221e-10
6.835e-07 0.004
6.8375e-07 2.68221e-10
6.84e-07 0.012
6.8425e-07 -0.004
6.845e-07 0.004
6.8475e-07 2.68221e-10
6.85e-07 0.004
6.8525e-07 2.68221e-10
6.855e-07 2.68221e-10
6.8575e-07 -0.004
6.86e-07 2.68221e-10
6.8625e-07 -0.004
6.865e-07 -0.004
6.8675e-07 0.004
6.87e-07 -0.004
6.8725e-07 -0.004
6.875e-07 2.68221e-10
6.8775e-07 -0.004
6.88e-07 2.68221e-10
6.8825e-07 2.68221e-10
6.885e-07 -0.004
6.8875e-07 -0.004
6.89e-07 2.68221e-10
6.8925e-07 -0.004
6.895e-07 2.68221e-10
6.8975e-07 2.68221e-10
6.9e-07 2.68221e-10
6.9025e-07 2.68221e-10
6.905e-07 -0.004
6.9075e-07 2.68221e-10
6.91e-07 2.68221e-10
6.9125e-07 2.68221e-10
6.915e-07 0.004
6.9175e-07 0.004
6.92e-07 0.004
6.9225e-07 -0.004
6.925e-07 0.008
6.9275e-07 0.004
6.93e-07 0.004
6.9325e-07 0.004
6.935e-07 2.68221e-10
6.9375e-07 0.004
6.94e-07 0.008
6.9425e-07 2.68221e-10
6.945e-07 2.68221e-10
6.9475e-07 2.68221e-10
6.95e-07 0.004
6.9525e-07 2.68221e-10
6.955e-07 0.004
6.9575e-07 2.68221e-10
6.96e-07 0.004
6.9625e-07 -0.004
6.965e-07 0.004
6.9675e-07 -0.008
6.97e-07 0.008
6.9725e-07 -0.008
6.975e-07 0.004
6.9775e-07 -0.004
6.98e-07 2.68221e-10
6.9825e-07 -0.004
6.985e-07 2.68221e-10
6.9875e-07 -0.004
6.99e-07 0.004
6.9925e-07 2.68221e-10
6.995e-07 -0.008
6.9975e-07 -0.004
7e-07 2.68221e-10
7.0025e-07 2.68221e-10
7.005e-07 0.004
7.0075e-07 -0.004
7.01e-07 0.004
7.0125e-07 2.68221e-10
7.015e-07 2.68221e-10
7.0175e-07 -0.004
7.02e-07 2.68221e-10
7.0225e-07 2.68221e-10
7.025e-07 2.68221e-10
7.0275e-07 2.68221e-10
7.03e-07 2.68221e-10
7.0325e-07 2.68221e-10
7.035e-07 -0.004
7.0375e-07 0.004
7.04e-07 2.68221e-10
7.0425e-07 0.004
7.045e-07 0.004
7.0475e-07 0.004
7.05e-07 0.004
7.0525e-07 0.004
7.055e-07 0.008
7.0575e-07 -0.004
7.06e-07 0.008
7.0625e-07 2.68221e-10
7.065e-07 0.004
7.0675e-07 2.68221e-10
7.07e-07 2.68221e-10
7.0725e-07 -0.004
7.075e-07 0.004
7.0775e-07 2.68221e-10
7.08e-07 2.68221e-10
7.0825e-07 0.004
7.085e-07 0.004
7.0875e-07 2.68221e-10
7.09e-07 0.004
7.0925e-07 2.68221e-10
7.095e-07 0.004
7.0975e-07 2.68221e-10
7.1e-07 0.004
7.1025e-07 -0.004
7.105e-07 0.004
7.1075e-07 2.68221e-10
7.11e-07 -0.004
7.1125e-07 2.68221e-10
7.115e-07 2.68221e-10
7.1175e-07 2.68221e-10
7.12e-07 -0.004
7.1225e-07 -0.004
7.125e-07 -0.012
7.1275e-07 2.68221e-10
7.13e-07 2.68221e-10
7.1325e-07 -0.004
7.135e-07 -0.004
7.1375e-07 -0.004
7.14e-07 2.68221e-10
7.1425e-07 -0.004
7.145e-07 2.68221e-10
7.1475e-07 0.004
7.15e-07 2.68221e-10
7.1525e-07 0.004
7.155e-07 2.68221e-10
7.1575e-07 2.68221e-10
7.16e-07 2.68221e-10
7.1625e-07 2.68221e-10
7.165e-07 2.68221e-10
7.1675e-07 0.004
7.17e-07 0.004
7.1725e-07 0.004
7.175e-07 0.004
7.1775e-07 0.004
7.18e-07 0.004
7.1825e-07 2.68221e-10
7.185e-07 0.004
7.1875e-07 0.004
7.19e-07 0.004
7.1925e-07 0.004
7.195e-07 0.004
7.1975e-07 -0.004
7.2e-07 0.004
7.2025e-07 -0.004
7.205e-07 2.68221e-10
7.2075e-07 0.004
7.21e-07 2.68221e-10
7.2125e-07 2.68221e-10
7.215e-07 2.68221e-10
7.2175e-07 2.68221e-10
7.22e-07 0.004
7.2225e-07 -0.004
7.225e-07 2.68221e-10
7.2275e-07 0.004
7.23e-07 2.68221e-10
7.2325e-07 -0.004
7.235e-07 2.68221e-10
7.2375e-07 -0.004
7.24e-07 2.68221e-10
7.2425e-07 2.68221e-10
7.245e-07 2.68221e-10
7.2475e-07 2.68221e-10
7.25e-07 0.004
7.2525e-07 -0.004
7.255e-07 0.004
7.2575e-07 0.004
7.26e-07 -0.004
7.2625e-07 2.68221e-10
7.265e-07 -0.004
7.2675e-07 2.68221e-10
7.27e-07 0.004
7.2725e-07 2.68221e-10
7.275e-07 2.68221e-10
7.2775e-07 2.68221e-10
7.28e-07 2.68221e-10
7.2825e-07 2.68221e-10
7.285e-07 2.68221e-10
7.2875e-07 2.68221e-10
7.29e-07 0.008
7.2925e-07 2.68221e-10
7.295e-07 2.68221e-10
7.2975e-07 2.68221e-10
7.3e-07 2.68221e-10
7.3025e-07 0.004
7.305e-07 2.68221e-10
7.3075e-07 2.68221e-10
7.31e-07 2.68221e-10
7.3125e-07 0.004
7.315e-07 2.68221e-10
7.3175e-07 2.68221e-10
7.32e-07 2.68221e-10
7.3225e-07 2.68221e-10
7.325e-07 -0.004
7.3275e-07 2.68221e-10
7.33e-07 -0.004
7.3325e-07 0.004
7.335e-07 2.68221e-10
7.3375e-07 0.004
7.34e-07 0.004
7.3425e-07 2.68221e-10
7.345e-07 2.68221e-10
7.3475e-07 -0.004
7.35e-07 2.68221e-10
7.3525e-07 -0.004
7.355e-07 2.68221e-10
7.3575e-07 0.004
7.36e-07 0.004
7.3625e-07 0.004
7.365e-07 -0.004
7.3675e-07 -0.004
7.37e-07 2.68221e-10
7.3725e-07 2.68221e-10
7.375e-07 2.68221e-10
7.3775e-07 0.004
7.38e-07 0.008
7.3825e-07 2.68221e-10
7.385e-07 2.68221e-10
7.3875e-07 2.68221e-10
7.39e-07 2.68221e-10
7.3925e-07 -0.004
7.395e-07 -0.004
7.3975e-07 -0.004
7.4e-07 2.68221e-10
7.4025e-07 2.68221e-10
7.405e-07 2.68221e-10
7.4075e-07 0.004
7.41e-07 2.68221e-10
7.4125e-07 -0.004
7.415e-07 -0.004
7.4175e-07 -0.004
7.42e-07 -0.004
7.4225e-07 2.68221e-10
7.425e-07 0.004
7.4275e-07 0.004
7.43e-07 2.68221e-10
7.4325e-07 2.68221e-10
7.435e-07 2.68221e-10
7.4375e-07 0.004
7.44e-07 0.004
7.4425e-07 2.68221e-10
7.445e-07 2.68221e-10
7.4475e-07 2.68221e-10
7.45e-07 0.004
7.4525e-07 2.68221e-10
7.455e-07 0.004
7.4575e-07 -0.004
7.46e-07 0.004
7.4625e-07 2.68221e-10
7.465e-07 0.004
7.4675e-07 2.68221e-10
7.47e-07 2.68221e-10
7.4725e-07 2.68221e-10
7.475e-07 2.68221e-10
7.4775e-07 2.68221e-10
7.48e-07 0.004
7.4825e-07 2.68221e-10
7.485e-07 0.008
7.4875e-07 2.68221e-10
7.49e-07 2.68221e-10
7.4925e-07 2.68221e-10
7.495e-07 -0.004
7.4975e-07 2.68221e-10
7.5e-07 0.004
7.5025e-07 2.68221e-10
7.505e-07 0.004
7.5075e-07 -0.004
7.51e-07 0.004
7.5125e-07 2.68221e-10
7.515e-07 2.68221e-10
7.5175e-07 -0.004
7.52e-07 2.68221e-10
7.5225e-07 -0.004
7.525e-07 2.68221e-10
7.5275e-07 2.68221e-10
7.53e-07 2.68221e-10
7.5325e-07 -0.004
7.535e-07 2.68221e-10
7.5375e-07 2.68221e-10
7.54e-07 2.68221e-10
7.5425e-07 -0.004
7.545e-07 0.004
7.5475e-07 -0.004
7.55e-07 -0.004
7.5525e-07 -0.008
7.555e-07 0.004
7.5575e-07 2.68221e-10
7.56e-07 0.004
7.5625e-07 2.68221e-10
7.565e-07 2.68221e-10
7.5675e-07 0.004
7.57e-07 0.004
7.5725e-07 2.68221e-10
7.575e-07 2.68221e-10
7.5775e-07 0.004
7.58e-07 2.68221e-10
7.5825e-07 2.68221e-10
7.585e-07 0.004
7.5875e-07 -0.004
7.59e-07 0.004
7.5925e-07 2.68221e-10
7.595e-07 0.004
7.5975e-07 0.004
7.6e-07 0.004
7.6025e-07 2.68221e-10
7.605e-07 0.004
7.6075e-07 2.68221e-10
7.61e-07 0.004
7.6125e-07 2.68221e-10
7.615e-07 2.68221e-10
7.6175e-07 2.68221e-10
7.62e-07 0.004
7.6225e-07 2.68221e-10
7.625e-07 0.004
7.6275e-07 -0.004
7.63e-07 -0.004
7.6325e-07 2.68221e-10
7.635e-07 2.68221e-10
7.6375e-07 -0.004
7.64e-07 2.68221e-10
7.6425e-07 -0.004
7.645e-07 2.68221e-10
7.6475e-07 -0.004
7.65e-07 0.008
7.6525e-07 -0.004
7.655e-07 2.68221e-10
7.6575e-07 2.68221e-10
7.66e-07 -0.004
7.6625e-07 2.68221e-10
7.665e-07 2.68221e-10
7.6675e-07 2.68221e-10
7.67e-07 0.004
7.6725e-07 2.68221e-10
7.675e-07 2.68221e-10
7.6775e-07 2.68221e-10
7.68e-07 2.68221e-10
7.6825e-07 2.68221e-10
7.685e-07 0.004
7.6875e-07 2.68221e-10
7.69e-07 0.004
7.6925e-07 2.68221e-10
7.695e-07 2.68221e-10
7.6975e-07 2.68221e-10
7.7e-07 0.004
7.7025e-07 2.68221e-10
7.705e-07 0.004
7.7075e-07 2.68221e-10
7.71e-07 2.68221e-10
7.7125e-07 0.004
7.715e-07 0.004
7.7175e-07 2.68221e-10
7.72e-07 0.004
7.7225e-07 -0.004
7.725e-07 2.68221e-10
7.7275e-07 2.68221e-10
7.73e-07 2.68221e-10
7.7325e-07 2.68221e-10
7.735e-07 2.68221e-10
7.7375e-07 2.68221e-10
7.74e-07 -0.004
7.7425e-07 2.68221e-10
7.745e-07 2.68221e-10
7.7475e-07 -0.004
7.75e-07 2.68221e-10
7.7525e-07 2.68221e-10
7.755e-07 2.68221e-10
7.7575e-07 2.68221e-10
7.76e-07 2.68221e-10
7.7625e-07 0.004
7.765e-07 -0.004
7.7675e-07 0.004
7.77e-07 2.68221e-10
7.7725e-07 -0.004
7.775e-07 0.004
7.7775e-07 2.68221e-10
7.78e-07 0.004
7.7825e-07 2.68221e-10
7.785e-07 -0.004
7.7875e-07 2.68221e-10
7.79e-07 2.68221e-10
7.7925e-07 -0.004
7.795e-07 -0.004
7.7975e-07 -0.004
7.8e-07 0.004
7.8025e-07 -0.004
7.805e-07 0.004
7.8075e-07 2.68221e-10
7.81e-07 0.004
7.8125e-07 2.68221e-10
7.815e-07 2.68221e-10
7.8175e-07 2.68221e-10
7.82e-07 2.68221e-10
7.8225e-07 2.68221e-10
7.825e-07 0.004
7.8275e-07 2.68221e-10
7.83e-07 2.68221e-10
7.8325e-07 2.68221e-10
7.835e-07 0.004
7.8375e-07 -0.004
7.84e-07 2.68221e-10
7.8425e-07 -0.008
7.845e-07 0.004
7.8475e-07 2.68221e-10
7.85e-07 -0.004
7.8525e-07 2.68221e-10
7.855e-07 -0.004
7.8575e-07 2.68221e-10
7.86e-07 2.68221e-10
7.8625e-07 -0.004
7.865e-07 2.68221e-10
7.8675e-07 -0.004
7.87e-07 2.68221e-10
7.8725e-07 -0.004
7.875e-07 2.68221e-10
7.8775e-07 2.68221e-10
7.88e-07 0.004
7.8825e-07 0.004
7.885e-07 0.004
7.8875e-07 0.004
7.89e-07 0.004
7.8925e-07 0.004
7.895e-07 0.004
7.8975e-07 0.004
7.9e-07 2.68221e-10
7.9025e-07 2.68221e-10
7.905e-07 2.68221e-10
7.9075e-07 2.68221e-10
7.91e-07 2.68221e-10
7.9125e-07 2.68221e-10
7.915e-07 2.68221e-10
7.9175e-07 -0.004
7.92e-07 0.008
7.9225e-07 2.68221e-10
7.925e-07 2.68221e-10
7.9275e-07 -0.004
7.93e-07 2.68221e-10
7.9325e-07 -0.004
7.935e-07 0.004
7.9375e-07 2.68221e-10
7.94e-07 2.68221e-10
7.9425e-07 0.004
7.945e-07 -0.004
7.9475e-07 2.68221e-10
7.95e-07 2.68221e-10
7.9525e-07 -0.004
7.955e-07 -0.004
7.9575e-07 2.68221e-10
7.96e-07 0.004
7.9625e-07 2.68221e-10
7.965e-07 2.68221e-10
7.9675e-07 -0.004
7.97e-07 0.004
7.9725e-07 2.68221e-10
7.975e-07 2.68221e-10
7.9775e-07 2.68221e-10
7.98e-07 2.68221e-10
7.9825e-07 2.68221e-10
7.985e-07 2.68221e-10
7.9875e-07 -0.004
7.99e-07 0.004
7.9925e-07 2.68221e-10
7.995e-07 2.68221e-10
7.9975e-07 0.004
8e-07 -0.004
8.0025e-07 0.004
8.005e-07 2.68221e-10
8.0075e-07 0.004
8.01e-07 2.68221e-10
8.0125e-07 0.004
8.015e-07 0.004
8.0175e-07 -0.004
8.02e-07 0.004
8.0225e-07 0.004
8.025e-07 2.68221e-10
8.0275e-07 2.68221e-10
8.03e-07 0.004
8.0325e-07 -0.004
8.035e-07 2.68221e-10
8.0375e-07 -0.004
8.04e-07 -0.008
8.0425e-07 2.68221e-10
8.045e-07 2.68221e-10
8.0475e-07 2.68221e-10
8.05e-07 2.68221e-10
8.0525e-07 2.68221e-10
8.055e-07 2.68221e-10
8.0575e-07 -0.004
8.06e-07 0.004
8.0625e-07 2.68221e-10
8.065e-07 2.68221e-10
8.0675e-07 2.68221e-10
8.07e-07 0.004
8.0725e-07 2.68221e-10
8.075e-07 2.68221e-10
8.0775e-07 2.68221e-10
8.08e-07 0.004
8.0825e-07 2.68221e-10
8.085e-07 -0.004
8.0875e-07 2.68221e-10
8.09e-07 0.004
8.0925e-07 2.68221e-10
8.095e-07 2.68221e-10
8.0975e-07 -0.004
8.1e-07 2.68221e-10
8.1025e-07 2.68221e-10
8.105e-07 0.004
8.1075e-07 2.68221e-10
8.11e-07 2.68221e-10
8.1125e-07 0.004
8.115e-07 2.68221e-10
8.1175e-07 0.004
8.12e-07 -0.004
8.1225e-07 0.004
8.125e-07 2.68221e-10
8.1275e-07 0.004
8.13e-07 0.004
8.1325e-07 -0.004
8.135e-07 2.68221e-10
8.1375e-07 0.004
8.14e-07 -0.004
8.1425e-07 2.68221e-10
8.145e-07 2.68221e-10
8.1475e-07 0.004
8.15e-07 0.004
8.1525e-07 2.68221e-10
8.155e-07 2.68221e-10
8.1575e-07 -0.008
8.16e-07 2.68221e-10
8.1625e-07 -0.004
8.165e-07 -0.004
8.1675e-07 2.68221e-10
8.17e-07 0.004
8.1725e-07 -0.004
8.175e-07 2.68221e-10
8.1775e-07 2.68221e-10
8.18e-07 0.004
8.1825e-07 2.68221e-10
8.185e-07 2.68221e-10
8.1875e-07 -0.004
8.19e-07 0.004
8.1925e-07 0.004
8.195e-07 2.68221e-10
8.1975e-07 2.68221e-10
8.2e-07 0.004
8.2025e-07 2.68221e-10
8.205e-07 0.004
8.2075e-07 -0.004
8.21e-07 0.004
8.2125e-07 2.68221e-10
8.215e-07 -0.004
8.2175e-07 2.68221e-10
8.22e-07 2.68221e-10
8.2225e-07 2.68221e-10
8.225e-07 2.68221e-10
8.2275e-07 -0.004
8.23e-07 2.68221e-10
8.2325e-07 0.004
8.235e-07 -0.004
8.2375e-07 2.68221e-10
8.24e-07 -0.004
8.2425e-07 0.004
8.245e-07 2.68221e-10
8.2475e-07 2.68221e-10
8.25e-07 -0.004
8.2525e-07 2.68221e-10
8.255e-07 2.68221e-10
8.2575e-07 -0.004
8.26e-07 2.68221e-10
8.2625e-07 -0.008
8.265e-07 0.004
8.2675e-07 2.68221e-10
8.27e-07 0.004
8.2725e-07 -0.004
8.275e-07 0.004
8.2775e-07 0.004
8.28e-07 2.68221e-10
8.2825e-07 0.008
8.285e-07 -0.004
8.2875e-07 2.68221e-10
8.29e-07 2.68221e-10
8.2925e-07 2.68221e-10
8.295e-07 0.004
8.2975e-07 2.68221e-10
8.3e-07 2.68221e-10
8.3025e-07 2.68221e-10
8.305e-07 2.68221e-10
8.3075e-07 0.004
8.31e-07 0.008
8.3125e-07 -0.004
8.315e-07 0.004
8.3175e-07 0.004
8.32e-07 2.68221e-10
8.3225e-07 2.68221e-10
8.325e-07 0.004
8.3275e-07 2.68221e-10
8.33e-07 2.68221e-10
8.3325e-07 2.68221e-10
8.335e-07 2.68221e-10
8.3375e-07 2.68221e-10
8.34e-07 2.68221e-10
8.3425e-07 2.68221e-10
8.345e-07 2.68221e-10
8.3475e-07 2.68221e-10
8.35e-07 0.004
8.3525e-07 2.68221e-10
8.355e-07 2.68221e-10
8.3575e-07 0.004
8.36e-07 2.68221e-10
8.3625e-07 2.68221e-10
8.365e-07 -0.004
8.3675e-07 2.68221e-10
8.37e-07 -0.004
8.3725e-07 2.68221e-10
8.375e-07 -0.004
8.3775e-07 -0.004
8.38e-07 2.68221e-10
8.3825e-07 2.68221e-10
8.385e-07 2.68221e-10
8.3875e-07 2.68221e-10
8.39e-07 0.004
8.3925e-07 -0.004
8.395e-07 0.004
8.3975e-07 2.68221e-10
8.4e-07 2.68221e-10
8.4025e-07 -0.004
8.405e-07 -0.004
8.4075e-07 -0.004
8.41e-07 0.004
8.4125e-07 -0.004
8.415e-07 2.68221e-10
8.4175e-07 0.004
8.42e-07 2.68221e-10
8.4225e-07 2.68221e-10
8.425e-07 2.68221e-10
8.4275e-07 2.68221e-10
8.43e-07 2.68221e-10
8.4325e-07 2.68221e-10
8.435e-07 0.004
8.4375e-07 0.004
8.44e-07 0.004
8.4425e-07 2.68221e-10
8.445e-07 2.68221e-10
8.4475e-07 2.68221e-10
8.45e-07 0.004
8.4525e-07 2.68221e-10
8.455e-07 0.004
8.4575e-07 2.68221e-10
8.46e-07 2.68221e-10
8.4625e-07 2.68221e-10
8.465e-07 0.004
8.4675e-07 2.68221e-10
8.47e-07 0.004
8.4725e-07 2.68221e-10
8.475e-07 -0.004
8.4775e-07 0.004
8.48e-07 2.68221e-10
8.4825e-07 0.004
8.485e-07 -0.004
8.4875e-07 2.68221e-10
8.49e-07 -0.004
8.4925e-07 -0.004
8.495e-07 -0.004
8.4975e-07 -0.004
8.5e-07 2.68221e-10
8.5025e-07 2.68221e-10
8.505e-07 -0.004
8.5075e-07 2.68221e-10
8.51e-07 2.68221e-10
8.5125e-07 -0.004
8.515e-07 -0.004
8.5175e-07 -0.004
8.52e-07 0.004
8.5225e-07 -0.004
8.525e-07 2.68221e-10
8.5275e-07 0.004
8.53e-07 2.68221e-10
8.5325e-07 0.004
8.535e-07 2.68221e-10
8.5375e-07 -0.004
8.54e-07 2.68221e-10
8.5425e-07 2.68221e-10
8.545e-07 0.004
8.5475e-07 2.68221e-10
8.55e-07 0.004
8.5525e-07 2.68221e-10
8.555e-07 0.004
8.5575e-07 2.68221e-10
8.56e-07 2.68221e-10
8.5625e-07 0.004
8.565e-07 2.68221e-10
8.5675e-07 0.004
8.57e-07 0.012
8.5725e-07 2.68221e-10
8.575e-07 2.68221e-10
8.5775e-07 0.004
8.58e-07 2.68221e-10
8.5825e-07 -0.004
8.585e-07 -0.004
8.5875e-07 0.004
8.59e-07 2.68221e-10
8.5925e-07 -0.004
8.595e-07 0.004
8.5975e-07 -0.004
8.6e-07 2.68221e-10
8.6025e-07 0.004
8.605e-07 2.68221e-10
8.6075e-07 0.004
8.61e-07 -0.004
8.6125e-07 2.68221e-10
8.615e-07 2.68221e-10
8.6175e-07 2.68221e-10
8.62e-07 2.68221e-10
8.6225e-07 -0.004
8.625e-07 -0.004
8.6275e-07 -0.008
8.63e-07 0.004
8.6325e-07 -0.004
8.635e-07 2.68221e-10
8.6375e-07 2.68221e-10
8.64e-07 2.68221e-10
8.6425e-07 2.68221e-10
8.645e-07 2.68221e-10
8.6475e-07 2.68221e-10
8.65e-07 0.004
8.6525e-07 2.68221e-10
8.655e-07 2.68221e-10
8.6575e-07 0.004
8.66e-07 2.68221e-10
8.6625e-07 2.68221e-10
8.665e-07 2.68221e-10
8.6675e-07 -0.004
8.67e-07 0.004
8.6725e-07 2.68221e-10
8.675e-07 0.004
8.6775e-07 2.68221e-10
8.68e-07 2.68221e-10
8.6825e-07 2.68221e-10
8.685e-07 2.68221e-10
8.6875e-07 2.68221e-10
8.69e-07 0.004
8.6925e-07 2.68221e-10
8.695e-07 2.68221e-10
8.6975e-07 0.004
8.7e-07 -0.004
8.7025e-07 0.004
8.705e-07 0.004
8.7075e-07 2.68221e-10
8.71e-07 -0.004
8.7125e-07 2.68221e-10
8.715e-07 2.68221e-10
8.7175e-07 -0.004
8.72e-07 2.68221e-10
8.7225e-07 2.68221e-10
8.725e-07 0.004
8.7275e-07 -0.004
8.73e-07 2.68221e-10
8.7325e-07 2.68221e-10
8.735e-07 2.68221e-10
8.7375e-07 0.004
8.74e-07 2.68221e-10
8.7425e-07 2.68221e-10
8.745e-07 2.68221e-10
8.7475e-07 2.68221e-10
8.75e-07 -0.004
8.7525e-07 -0.004
8.755e-07 -0.004
8.7575e-07 2.68221e-10
8.76e-07 0.004
8.7625e-07 2.68221e-10
8.765e-07 0.004
8.7675e-07 -0.008
8.77e-07 0.008
8.7725e-07 2.68221e-10
8.775e-07 2.68221e-10
8.7775e-07 0.004
8.78e-07 0.004
8.7825e-07 2.68221e-10
8.785e-07 2.68221e-10
8.7875e-07 0.004
8.79e-07 0.004
8.7925e-07 2.68221e-10
8.795e-07 2.68221e-10
8.7975e-07 0.004
8.8e-07 2.68221e-10
8.8025e-07 0.004
8.805e-07 -0.004
8.8075e-07 2.68221e-10
8.81e-07 0.004
8.8125e-07 2.68221e-10
8.815e-07 2.68221e-10
8.8175e-07 -0.004
8.82e-07 2.68221e-10
8.8225e-07 2.68221e-10
8.825e-07 2.68221e-10
8.8275e-07 2.68221e-10
8.83e-07 2.68221e-10
8.8325e-07 -0.004
8.835e-07 0.004
8.8375e-07 0.004
8.84e-07 2.68221e-10
8.8425e-07 2.68221e-10
8.845e-07 2.68221e-10
8.8475e-07 2.68221e-10
8.85e-07 2.68221e-10
8.8525e-07 0.004
8.855e-07 2.68221e-10
8.8575e-07 2.68221e-10
8.86e-07 0.004
8.8625e-07 2.68221e-10
8.865e-07 2.68221e-10
8.8675e-07 2.68221e-10
8.87e-07 2.68221e-10
8.8725e-07 0.004
8.875e-07 2.68221e-10
8.8775e-07 2.68221e-10
8.88e-07 2.68221e-10
8.8825e-07 2.68221e-10
8.885e-07 0.004
8.8875e-07 2.68221e-10
8.89e-07 2.68221e-10
8.8925e-07 2.68221e-10
8.895e-07 2.68221e-10
8.8975e-07 2.68221e-10
8.9e-07 2.68221e-10
8.9025e-07 0.004
8.905e-07 2.68221e-10
8.9075e-07 2.68221e-10
8.91e-07 0.004
8.9125e-07 -0.004
8.915e-07 -0.004
8.9175e-07 2.68221e-10
8.92e-07 2.68221e-10
8.9225e-07 2.68221e-10
8.925e-07 2.68221e-10
8.9275e-07 0.004
8.93e-07 0.004
8.9325e-07 2.68221e-10
8.935e-07 2.68221e-10
8.9375e-07 2.68221e-10
8.94e-07 2.68221e-10
8.9425e-07 2.68221e-10
8.945e-07 0.004
8.9475e-07 -0.004
8.95e-07 2.68221e-10
8.9525e-07 2.68221e-10
8.955e-07 0.004
8.9575e-07 -0.004
8.96e-07 0.004
8.9625e-07 2.68221e-10
8.965e-07 0.004
8.9675e-07 -0.004
8.97e-07 -0.004
8.9725e-07 2.68221e-10
8.975e-07 -0.004
8.9775e-07 2.68221e-10
8.98e-07 -0.004
8.9825e-07 -0.004
8.985e-07 2.68221e-10
8.9875e-07 2.68221e-10
8.99e-07 2.68221e-10
8.9925e-07 0.004
8.995e-07 -0.004
8.9975e-07 0.004
9e-07 -0.004
9.0025e-07 2.68221e-10
9.005e-07 2.68221e-10
9.0075e-07 0.004
9.01e-07 0.004
9.0125e-07 2.68221e-10
9.015e-07 0.004
9.0175e-07 -0.004
9.02e-07 0.004
9.0225e-07 2.68221e-10
9.025e-07 2.68221e-10
9.0275e-07 0.004
9.03e-07 0.004
9.0325e-07 2.68221e-10
9.035e-07 2.68221e-10
9.0375e-07 0.004
9.04e-07 -0.004
9.0425e-07 -0.004
9.045e-07 0.004
9.0475e-07 2.68221e-10
9.05e-07 2.68221e-10
9.0525e-07 0.004
9.055e-07 2.68221e-10
9.0575e-07 -0.004
9.06e-07 0.004
9.0625e-07 2.68221e-10
9.065e-07 0.004
9.0675e-07 2.68221e-10
9.07e-07 0.004
9.0725e-07 0.004
9.075e-07 -0.004
9.0775e-07 0.008
9.08e-07 2.68221e-10
9.0825e-07 2.68221e-10
9.085e-07 0.004
9.0875e-07 2.68221e-10
9.09e-07 0.004
9.0925e-07 2.68221e-10
9.095e-07 2.68221e-10
9.0975e-07 2.68221e-10
9.1e-07 0.008
9.1025e-07 -0.004
9.105e-07 2.68221e-10
9.1075e-07 -0.004
9.11e-07 2.68221e-10
9.1125e-07 2.68221e-10
9.115e-07 -0.004
9.1175e-07 -0.004
9.12e-07 -0.004
9.1225e-07 -0.004
9.125e-07 0.004
9.1275e-07 2.68221e-10
9.13e-07 2.68221e-10
9.1325e-07 2.68221e-10
9.135e-07 2.68221e-10
9.1375e-07 -0.004
9.14e-07 0.008
9.1425e-07 -0.004
9.145e-07 2.68221e-10
9.1475e-07 -0.004
9.15e-07 0.008
9.1525e-07 -0.004
9.155e-07 -0.004
9.1575e-07 0.004
9.16e-07 2.68221e-10
9.1625e-07 2.68221e-10
9.165e-07 0.004
9.1675e-07 2.68221e-10
9.17e-07 -0.004
9.1725e-07 0.004
9.175e-07 2.68221e-10
9.1775e-07 0.004
9.18e-07 0.004
9.1825e-07 0.004
9.185e-07 2.68221e-10
9.1875e-07 0.004
9.19e-07 2.68221e-10
9.1925e-07 2.68221e-10
9.195e-07 2.68221e-10
9.1975e-07 0.004
9.2e-07 2.68221e-10
9.2025e-07 2.68221e-10
9.205e-07 0.004
9.2075e-07 0.004
9.21e-07 0.004
9.2125e-07 -0.004
9.215e-07 0.004
9.2175e-07 -0.004
9.22e-07 2.68221e-10
9.2225e-07 2.68221e-10
9.225e-07 -0.004
9.2275e-07 2.68221e-10
9.23e-07 2.68221e-10
9.2325e-07 -0.004
9.235e-07 2.68221e-10
9.2375e-07 0.004
9.24e-07 2.68221e-10
9.2425e-07 2.68221e-10
9.245e-07 2.68221e-10
9.2475e-07 2.68221e-10
9.25e-07 -0.004
9.2525e-07 0.004
9.255e-07 2.68221e-10
9.2575e-07 2.68221e-10
9.26e-07 2.68221e-10
9.2625e-07 2.68221e-10
9.265e-07 -0.004
9.2675e-07 2.68221e-10
9.27e-07 2.68221e-10
9.2725e-07 2.68221e-10
9.275e-07 2.68221e-10
9.2775e-07 -0.004
9.28e-07 -0.004
9.2825e-07 -0.004
9.285e-07 2.68221e-10
9.2875e-07 2.68221e-10
9.29e-07 2.68221e-10
9.2925e-07 2.68221e-10
9.295e-07 2.68221e-10
9.2975e-07 0.004
9.3e-07 2.68221e-10
9.3025e-07 0.004
9.305e-07 2.68221e-10
9.3075e-07 0.004
9.31e-07 2.68221e-10
9.3125e-07 0.004
9.315e-07 0.004
9.3175e-07 0.004
9.32e-07 -0.004
9.3225e-07 2.68221e-10
9.325e-07 2.68221e-10
9.3275e-07 -0.004
9.33e-07 2.68221e-10
9.3325e-07 2.68221e-10
9.335e-07 2.68221e-10
9.3375e-07 -0.004
9.34e-07 0.004
9.3425e-07 -0.008
9.345e-07 2.68221e-10
9.3475e-07 -0.004
9.35e-07 2.68221e-10
9.3525e-07 -0.004
9.355e-07 -0.004
9.3575e-07 2.68221e-10
9.36e-07 2.68221e-10
9.3625e-07 2.68221e-10
9.365e-07 0.004
9.3675e-07 0.004
9.37e-07 -0.004
9.3725e-07 2.68221e-10
9.375e-07 2.68221e-10
9.3775e-07 2.68221e-10
9.38e-07 2.68221e-10
9.3825e-07 -0.004
9.385e-07 2.68221e-10
9.3875e-07 2.68221e-10
9.39e-07 0.004
9.3925e-07 2.68221e-10
9.395e-07 2.68221e-10
9.3975e-07 2.68221e-10
9.4e-07 0.004
9.4025e-07 2.68221e-10
9.405e-07 2.68221e-10
9.4075e-07 2.68221e-10
9.41e-07 0.004
9.4125e-07 2.68221e-10
9.415e-07 2.68221e-10
9.4175e-07 2.68221e-10
9.42e-07 0.004
9.4225e-07 2.68221e-10
9.425e-07 0.004
9.4275e-07 -0.004
9.43e-07 -0.004
9.4325e-07 -0.004
9.435e-07 -0.004
9.4375e-07 2.68221e-10
9.44e-07 2.68221e-10
9.4425e-07 0.004
9.445e-07 2.68221e-10
9.4475e-07 0.004
9.45e-07 -0.004
9.4525e-07 0.004
9.455e-07 -0.004
9.4575e-07 2.68221e-10
9.46e-07 -0.004
9.4625e-07 2.68221e-10
9.465e-07 2.68221e-10
9.4675e-07 -0.004
9.47e-07 2.68221e-10
9.4725e-07 2.68221e-10
9.475e-07 2.68221e-10
9.4775e-07 2.68221e-10
9.48e-07 2.68221e-10
9.4825e-07 2.68221e-10
9.485e-07 2.68221e-10
9.4875e-07 -0.004
9.49e-07 0.004
9.4925e-07 0.004
9.495e-07 0.004
9.4975e-07 2.68221e-10
9.5e-07 0.004
9.5025e-07 2.68221e-10
9.505e-07 0.004
9.5075e-07 0.004
9.51e-07 2.68221e-10
9.5125e-07 2.68221e-10
9.515e-07 2.68221e-10
9.5175e-07 2.68221e-10
9.52e-07 2.68221e-10
9.5225e-07 0.004
9.525e-07 0.004
9.5275e-07 2.68221e-10
9.53e-07 2.68221e-10
9.5325e-07 -0.004
9.535e-07 0.004
9.5375e-07 0.004
9.54e-07 2.68221e-10
9.5425e-07 -0.004
9.545e-07 -0.004
9.5475e-07 2.68221e-10
9.55e-07 2.68221e-10
9.5525e-07 0.004
9.555e-07 2.68221e-10
9.5575e-07 0.004
9.56e-07 2.68221e-10
9.5625e-07 0.004
9.565e-07 2.68221e-10
9.5675e-07 2.68221e-10
9.57e-07 2.68221e-10
9.5725e-07 0.004
9.575e-07 2.68221e-10
9.5775e-07 2.68221e-10
9.58e-07 2.68221e-10
9.5825e-07 2.68221e-10
9.585e-07 2.68221e-10
9.5875e-07 2.68221e-10
9.59e-07 2.68221e-10
9.5925e-07 2.68221e-10
9.595e-07 2.68221e-10
9.5975e-07 -0.004
9.6e-07 0.004
9.6025e-07 -0.004
9.605e-07 2.68221e-10
9.6075e-07 2.68221e-10
9.61e-07 0.004
9.6125e-07 2.68221e-10
9.615e-07 0.004
9.6175e-07 2.68221e-10
9.62e-07 2.68221e-10
9.6225e-07 2.68221e-10
9.625e-07 -0.004
9.6275e-07 -0.004
9.63e-07 0.004
9.6325e-07 -0.004
9.635e-07 2.68221e-10
9.6375e-07 2.68221e-10
9.64e-07 2.68221e-10
9.6425e-07 2.68221e-10
9.645e-07 2.68221e-10
9.6475e-07 0.004
9.65e-07 0.004
9.6525e-07 2.68221e-10
9.655e-07 2.68221e-10
9.6575e-07 2.68221e-10
9.66e-07 2.68221e-10
9.6625e-07 2.68221e-10
9.665e-07 2.68221e-10
9.6675e-07 0.004
9.67e-07 0.004
9.6725e-07 2.68221e-10
9.675e-07 0.004
9.6775e-07 2.68221e-10
9.68e-07 0.004
9.6825e-07 -0.004
9.685e-07 0.004
9.6875e-07 2.68221e-10
9.69e-07 0.008
9.6925e-07 2.68221e-10
9.695e-07 2.68221e-10
9.6975e-07 0.004
9.7e-07 0.004
9.7025e-07 2.68221e-10
9.705e-07 0.004
9.7075e-07 -0.004
9.71e-07 0.004
9.7125e-07 -0.004
9.715e-07 2.68221e-10
9.7175e-07 -0.004
9.72e-07 0.004
9.7225e-07 -0.004
9.725e-07 -0.004
9.7275e-07 2.68221e-10
9.73e-07 -0.004
9.7325e-07 2.68221e-10
9.735e-07 2.68221e-10
9.7375e-07 -0.004
9.74e-07 0.004
9.7425e-07 2.68221e-10
9.745e-07 -0.004
9.7475e-07 2.68221e-10
9.75e-07 -0.004
9.7525e-07 -0.004
9.755e-07 2.68221e-10
9.7575e-07 2.68221e-10
9.76e-07 2.68221e-10
9.7625e-07 -0.004
9.765e-07 0.004
9.7675e-07 2.68221e-10
9.77e-07 2.68221e-10
9.7725e-07 2.68221e-10
9.775e-07 2.68221e-10
9.7775e-07 -0.004
9.78e-07 0.004
9.7825e-07 2.68221e-10
9.785e-07 2.68221e-10
9.7875e-07 0.008
9.79e-07 2.68221e-10
9.7925e-07 0.004
9.795e-07 2.68221e-10
9.7975e-07 2.68221e-10
9.8e-07 2.68221e-10
9.8025e-07 2.68221e-10
9.805e-07 0.004
9.8075e-07 0.004
9.81e-07 -0.004
9.8125e-07 2.68221e-10
9.815e-07 2.68221e-10
9.8175e-07 2.68221e-10
9.82e-07 2.68221e-10
9.8225e-07 0.004
9.825e-07 0.008
9.8275e-07 -0.004
9.83e-07 2.68221e-10
9.8325e-07 2.68221e-10
9.835e-07 2.68221e-10
9.8375e-07 2.68221e-10
9.84e-07 0.004
9.8425e-07 0.004
9.845e-07 2.68221e-10
9.8475e-07 2.68221e-10
9.85e-07 2.68221e-10
9.8525e-07 2.68221e-10
9.855e-07 0.004
9.8575e-07 -0.004
9.86e-07 2.68221e-10
9.8625e-07 2.68221e-10
9.865e-07 2.68221e-10
9.8675e-07 2.68221e-10
9.87e-07 2.68221e-10
9.8725e-07 0.004
9.875e-07 0.004
9.8775e-07 2.68221e-10
9.88e-07 -0.004
9.8825e-07 2.68221e-10
9.885e-07 2.68221e-10
9.8875e-07 2.68221e-10
9.89e-07 2.68221e-10
9.8925e-07 2.68221e-10
9.895e-07 2.68221e-10
9.8975e-07 -0.004
9.9e-07 -0.004
9.9025e-07 0.004
9.905e-07 2.68221e-10
9.9075e-07 -0.004
9.91e-07 2.68221e-10
9.9125e-07 2.68221e-10
9.915e-07 2.68221e-10
9.9175e-07 2.68221e-10
9.92e-07 2.68221e-10
9.9225e-07 2.68221e-10
9.925e-07 2.68221e-10
9.9275e-07 2.68221e-10
9.93e-07 2.68221e-10
9.9325e-07 2.68221e-10
9.935e-07 0.004
9.9375e-07 -0.004
9.94e-07 0.004
9.9425e-07 2.68221e-10
9.945e-07 0.004
9.9475e-07 2.68221e-10
9.95e-07 0.004
9.9525e-07 2.68221e-10
9.955e-07 2.68221e-10
9.9575e-07 2.68221e-10
9.96e-07 2.68221e-10
9.9625e-07 2.68221e-10
9.965e-07 2.68221e-10
9.9675e-07 2.68221e-10
9.97e-07 2.68221e-10
9.9725e-07 -0.004
9.975e-07 2.68221e-10
9.9775e-07 2.68221e-10
9.98e-07 0.004
9.9825e-07 2.68221e-10
9.985e-07 2.68221e-10
9.9875e-07 2.68221e-10
9.99e-07 0.008
9.9925e-07 2.68221e-10
9.995e-07 2.68221e-10
9.9975e-07 0.004
