-2.5e-08 -0.000515625
-2.49e-08 -0.000734375
-2.48e-08 -3.57628e-10
-2.47e-08 0.000867187
-2.46e-08 0.000640625
-2.45e-08 -0.000960938
-2.44e-08 -0.00242969
-2.43e-08 -0.002
-2.42e-08 0.000742187
-2.41e-08 0.0034375
-2.4e-08 0.00372656
-2.39e-08 0.00174219
-2.38e-08 -3.57628e-10
-2.37e-08 0.00046875
-2.36e-08 0.00173437
-2.35e-08 0.00160156
-2.34e-08 -0.000257813
-2.33e-08 -0.002
-2.32e-08 -0.00176563
-2.31e-08 -0.0005
-2.3e-08 2.34371e-05
-2.29e-08 -0.000859375
-2.28e-08 -0.002
-2.27e-08 -0.00189844
-2.26e-08 -0.000757813
-2.25e-08 0.000617187
-2.24e-08 0.0015
-2.23e-08 0.002
-2.22e-08 0.00239844
-2.21e-08 0.00232031
-2.2e-08 0.00146875
-2.19e-08 0.000398437
-2.18e-08 -3.57628e-10
-2.17e-08 0.00065625
-2.16e-08 0.00164844
-2.15e-08 0.00207031
-2.14e-08 0.00191406
-2.13e-08 0.002
-2.12e-08 0.00264844
-2.11e-08 0.00259375
-2.1e-08 0.0009375
-2.09e-08 -0.00125
-2.08e-08 -0.002
-2.07e-08 -0.00034375
-2.06e-08 0.001625
-2.05e-08 0.001625
-2.04e-08 -0.00034375
-2.03e-08 -0.002
-2.02e-08 -0.00130469
-2.01e-08 0.000890625
-2e-08 0.00265625
-1.99e-08 0.00276562
-1.98e-08 0.002
-1.97e-08 0.00170312
-1.96e-08 0.00191406
-1.95e-08 0.00191406
-1.94e-08 0.00120312
-1.93e-08 -3.57628e-10
-1.92e-08 -0.00110938
-1.91e-08 -0.00185938
-1.9e-08 -0.00207813
-1.89e-08 -0.00147656
-1.88e-08 -3.57628e-10
-1.87e-08 0.00182812
-1.86e-08 0.00239844
-1.85e-08 0.00114062
-1.84e-08 -0.000382813
-1.83e-08 -3.57628e-10
-1.82e-08 0.00271875
-1.81e-08 0.00442969
-1.8e-08 0.00242187
-1.79e-08 -0.00178906
-1.78e-08 -0.004
-1.77e-08 -0.00146875
-1.76e-08 0.00264062
-1.75e-08 0.00408594
-1.74e-08 0.00205469
-1.73e-08 -3.57628e-10
-1.72e-08 0.00114844
-1.71e-08 0.00339844
-1.7e-08 0.00361719
-1.69e-08 0.00151562
-1.68e-08 -3.57628e-10
-1.67e-08 0.00142969
-1.66e-08 0.00359375
-1.65e-08 0.00344531
-1.64e-08 0.000671875
-1.63e-08 -0.002
-1.62e-08 -0.00182813
-1.61e-08 0.000585937
-1.6e-08 0.00299219
-1.59e-08 0.00338281
-1.58e-08 0.002
-1.57e-08 0.000351562
-1.56e-08 -0.00025
-1.55e-08 0.000515625
-1.54e-08 0.00167187
-1.53e-08 0.002
-1.52e-08 0.00105469
-1.51e-08 0.000101562
-1.5e-08 0.000320312
-1.49e-08 0.00146094
-1.48e-08 0.002
-1.47e-08 0.000757812
-1.46e-08 -0.00124219
-1.45e-08 -0.00229688
-1.44e-08 -0.00157031
-1.43e-08 -3.57628e-10
-1.42e-08 0.000914062
-1.41e-08 0.000570312
-1.4e-08 -0.000632813
-1.39e-08 -0.00169531
-1.38e-08 -0.002
-1.37e-08 -0.00142969
-1.36e-08 -0.000453125
-1.35e-08 0.0003125
-1.34e-08 0.000398437
-1.33e-08 -3.57628e-10
-1.32e-08 -0.000328125
-1.31e-08 -0.000242188
-1.3e-08 0.000273437
-1.29e-08 0.00107031
-1.28e-08 0.002
-1.27e-08 0.00270312
-1.26e-08 0.00250781
-1.25e-08 0.00124219
-1.24e-08 -3.57628e-10
-1.23e-08 -3.57628e-10
-1.22e-08 0.00133594
-1.21e-08 0.00221875
-1.2e-08 0.00116406
-1.19e-08 -0.000992188
-1.18e-08 -0.002
-1.17e-08 -0.000523438
-1.16e-08 0.00151562
-1.15e-08 0.00172656
-1.14e-08 -0.000148438
-1.13e-08 -0.002
-1.12e-08 -0.00175
-1.11e-08 -0.000476563
-1.1e-08 -2.34379e-05
-1.09e-08 -0.000953125
-1.08e-08 -0.002
-1.07e-08 -0.00165625
-1.06e-08 -0.00053125
-1.05e-08 0.00021875
-1.04e-08 0.000140625
-1.03e-08 -3.57628e-10
-1.02e-08 0.000664062
-1.01e-08 0.001625
-1e-08 0.00213281
-9.9e-09 0.00205469
-9.8e-09 0.002
-9.7e-09 0.0023125
-9.6e-09 0.00230469
-9.5e-09 0.00139844
-9.4e-09 0.000210937
-9.3e-09 -3.57628e-10
-9.2e-09 0.00138281
-9.1e-09 0.00332031
-9e-09 0.00424219
-8.9e-09 0.00351562
-8.8e-09 0.002
-8.7e-09 0.00078125
-8.6e-09 0.000140625
-8.5e-09 -0.0001875
-8.4e-09 -0.000296875
-8.3e-09 -3.57628e-10
-8.2e-09 0.000835937
-8.1e-09 0.00174219
-8e-09 0.00208594
-7.9e-09 0.00146094
-7.8e-09 -3.57628e-10
-7.7e-09 -0.00178125
-7.6e-09 -0.00340625
-7.5e-09 -0.00447656
-7.4e-09 -0.00464844
-7.3e-09 -0.004
-7.2e-09 -0.00269531
-7.1e-09 -0.00096875
-7e-09 0.0009375
-6.9e-09 0.00263281
-6.8e-09 0.004
-6.7e-09 0.00457812
-6.6e-09 0.00341406
-6.5e-09 0.0001875
-6.4e-09 -0.00354688
-6.3e-09 -0.006
-6.2e-09 -0.00629688
-6.1e-09 -0.006
-6e-09 -0.0064375
-5.9e-09 -0.00705469
-5.8e-09 -0.006
-5.7e-09 -0.00234375
-5.6e-09 0.00117187
-5.5e-09 0.00184375
-5.4e-09 -0.000203125
-5.3e-09 -0.002
-5.2e-09 -0.000992188
-5.1e-09 0.00120312
-5e-09 0.0020625
-4.9e-09 0.00101562
-4.8e-09 -3.57628e-10
-4.7e-09 0.000726562
-4.6e-09 0.001875
-4.5e-09 0.00144531
-4.4e-09 -0.000539063
-4.3e-09 -0.002
-4.2e-09 -0.00117188
-4.1e-09 0.00096875
-4e-09 0.00258594
-3.9e-09 0.00264844
-3.8e-09 0.002
-3.7e-09 0.00184375
-3.6e-09 0.00200781
-3.5e-09 0.00176562
-3.4e-09 0.000914062
-3.3e-09 -3.57628e-10
-3.2e-09 -0.000273438
-3.1e-09 -0.00015625
-3e-09 7.03121e-05
-2.9e-09 0.000640625
-2.8e-09 0.002
-2.7e-09 0.00385156
-2.6e-09 0.00449219
-2.5e-09 0.00292187
-2.4e-09 0.00059375
-2.3e-09 -3.57628e-10
-2.2e-09 0.00229687
-2.1e-09 0.00520312
-2e-09 0.00591406
-1.9e-09 0.00405469
-1.8e-09 0.002
-1.7e-09 0.0018125
-1.6e-09 0.00217969
-1.5e-09 0.0011875
-1.4e-09 -0.000914063
-1.3e-09 -0.002
-1.2e-09 -0.000492188
-1.1e-09 0.00154687
-1e-09 0.00165625
-9e-10 -0.000320313
-8e-10 -0.002
-7e-10 -0.00117969
-6e-10 0.000992187
-5e-10 0.00249219
-4e-10 0.00244531
-3e-10 0.002
-2e-10 0.00235156
-1e-10 0.00242969
0 0.0010625
1e-10 -0.00103906
2e-10 -0.002
3e-10 -0.000695313
4e-10 0.00132812
5e-10 0.00208594
6e-10 0.00113281
7e-10 -3.57628e-10
8e-10 0.000273437
9e-10 0.00146875
1e-09 0.00219531
1.1e-09 0.00154687
1.2e-09 -3.57628e-10
1.3e-09 -0.00135938
1.4e-09 -0.00201563
1.5e-09 -0.00188281
1.6e-09 -0.00111719
1.7e-09 -3.57628e-10
1.8e-09 0.00114062
1.9e-09 0.00189062
2e-09 0.00196875
2.1e-09 0.00127344
2.2e-09 -3.57628e-10
2.3e-09 -0.00132031
2.4e-09 -0.00202344
2.5e-09 -0.00178125
2.6e-09 -0.000890625
2.7e-09 -3.57628e-10
2.8e-09 0.000398437
2.9e-09 0.000179687
3e-09 -0.000179688
3.1e-09 0.00025
3.2e-09 0.002
3.3e-09 0.00426562
3.4e-09 0.0048125
3.5e-09 0.00246875
3.6e-09 -0.000835938
3.7e-09 -0.002
3.8e-09 0.000390625
3.9e-09 0.003375
4e-09 0.00351562
4.1e-09 0.000671875
4.2e-09 -0.002
4.3e-09 -0.00174219
4.4e-09 -0.000367188
4.5e-09 -0.000460938
4.6e-09 -0.00192188
4.7e-09 -0.002
4.8e-09 0.00129687
4.9e-09 0.0050625
5e-09 0.00578125
5.1e-09 0.0030625
5.2e-09 -3.57628e-10
5.3e-09 -0.000585938
5.4e-09 -3.12504e-05
5.5e-09 -0.000648438
5.6e-09 -0.00267188
5.7e-09 -0.004
5.8e-09 -0.0025625
5.9e-09 0.000523437
6e-09 0.00292969
6.1e-09 0.00313281
6.2e-09 0.002
6.3e-09 0.00102344
6.4e-09 0.000296875
6.5e-09 -0.000390625
6.6e-09 -0.000671875
6.7e-09 -3.57628e-10
6.8e-09 0.00153906
6.9e-09 0.00230469
7e-09 0.00114062
7.1e-09 -0.001
7.2e-09 -0.002
7.3e-09 -0.000640625
7.4e-09 0.001375
7.5e-09 0.00199219
7.6e-09 0.000953125
7.7e-09 -3.57628e-10
7.8e-09 0.000703125
7.9e-09 0.00179687
8e-09 0.00163281
8.1e-09 0.00040625
8.2e-09 -3.57628e-10
8.3e-09 0.00167969
8.4e-09 0.00361719
8.5e-09 0.00364062
8.6e-09 0.00170312
8.7e-09 -3.57628e-10
8.8e-09 0.000359375
8.9e-09 0.00160156
9e-09 0.00184375
9.1e-09 0.000796875
9.2e-09 -3.57628e-10
9.3e-09 0.000796875
9.4e-09 0.00184375
9.5e-09 0.00160156
9.6e-09 0.000359375
9.7e-09 -3.57628e-10
9.8e-09 0.00170312
9.9e-09 0.00363281
1e-08 0.00363281
1.01e-08 0.00171094
1.02e-08 -3.57628e-10
1.03e-08 0.000335937
1.04e-08 0.00157812
1.05e-08 0.00188281
1.06e-08 0.000867187
1.07e-08 -3.57628e-10
1.08e-08 0.000609375
1.09e-08 0.00171094
1.1e-08 0.0018125
1.11e-08 0.000789062
1.12e-08 -3.57628e-10
1.13e-08 0.000601562
1.14e-08 0.0016875
1.15e-08 0.00191406
1.16e-08 0.00100781
1.17e-08 -3.57628e-10
1.18e-08 -9.37504e-05
1.19e-08 7.81246e-05
1.2e-08 -0.000359375
1.21e-08 -0.00135938
1.22e-08 -0.002
1.23e-08 -0.00149219
1.24e-08 -0.000445313
1.25e-08 0.0001875
1.26e-08 0.000117187
1.27e-08 -3.57628e-10
1.28e-08 0.000578125
1.29e-08 0.0015625
1.3e-08 0.00225781
1.31e-08 0.00230469
1.32e-08 0.002
1.33e-08 0.00160156
1.34e-08 0.0006875
1.35e-08 -0.000875
1.36e-08 -0.00213281
1.37e-08 -0.002
1.38e-08 -0.000257813
1.39e-08 0.00155469
1.4e-08 0.00192969
1.41e-08 0.00090625
1.42e-08 -3.57628e-10
1.43e-08 0.000445312
1.44e-08 0.00157812
1.45e-08 0.0020625
1.46e-08 0.00128906
1.47e-08 -3.57628e-10
1.48e-08 -0.000617188
1.49e-08 -0.00034375
1.5e-08 0.000296875
1.51e-08 0.000515625
1.52e-08 -3.57628e-10
1.53e-08 -0.000960938
1.54e-08 -0.00182031
1.55e-08 -0.002
1.56e-08 -0.00128906
1.57e-08 -3.57628e-10
1.58e-08 0.00125781
1.59e-08 0.00192187
1.6e-08 0.00195312
1.61e-08 0.0018125
1.62e-08 0.002
1.63e-08 0.00244531
1.64e-08 0.00242187
1.65e-08 0.00128125
1.66e-08 -0.000546875
1.67e-08 -0.002
1.68e-08 -0.002125
1.69e-08 -0.00090625
1.7e-08 0.000851562
1.71e-08 0.00196875
1.72e-08 0.002
1.73e-08 0.00123437
1.74e-08 0.000328125
1.75e-08 -0.0001875
1.76e-08 -0.0001875
1.77e-08 -3.57628e-10
1.78e-08 7.03121e-05
1.79e-08 -7.81286e-06
1.8e-08 4.68746e-05
1.81e-08 0.0006875
1.82e-08 0.002
1.83e-08 0.00325781
1.84e-08 0.00294531
1.85e-08 0.000578125
1.86e-08 -0.001875
1.87e-08 -0.002
1.88e-08 0.000867187
1.89e-08 0.00363281
1.9e-08 0.00329687
1.91e-08 0.000289062
1.92e-08 -0.002
1.93e-08 -0.00100781
1.94e-08 0.00128125
1.95e-08 0.00184375
1.96e-08 -3.12504e-05
1.97e-08 -0.002
1.98e-08 -0.00146094
1.99e-08 0.000859375
2e-08 0.002625
2.01e-08 0.002125
2.02e-08 -3.57628e-10
2.03e-08 -0.00192188
2.04e-08 -0.0024375
2.05e-08 -0.00128125
2.06e-08 0.000609375
2.07e-08 0.002
2.08e-08 0.00205469
2.09e-08 0.000859375
2.1e-08 -0.000789063
2.11e-08 -0.00183594
2.12e-08 -0.002
2.13e-08 -0.00150781
2.14e-08 -0.000578125
2.15e-08 0.00059375
2.16e-08 0.00154687
2.17e-08 0.002
2.18e-08 0.00196875
2.19e-08 0.00194531
2.2e-08 0.002125
2.21e-08 0.00227344
2.22e-08 0.002
2.23e-08 0.00113281
2.24e-08 0.000226562
2.25e-08 -1.56254e-05
2.26e-08 0.00071875
2.27e-08 0.002
2.28e-08 0.00289844
2.29e-08 0.00265625
2.3e-08 0.00111719
2.31e-08 -0.000796875
2.32e-08 -0.002
2.33e-08 -0.00183594
2.34e-08 -0.00071875
2.35e-08 0.000585937
2.36e-08 0.00145312
2.37e-08 0.002
2.38e-08 0.00245312
2.39e-08 0.00235937
2.4e-08 0.00141406
2.41e-08 0.000296875
2.42e-08 -3.57628e-10
2.43e-08 0.000898437
2.44e-08 0.00185937
2.45e-08 0.00172656
2.46e-08 0.000664062
2.47e-08 -3.57628e-10
2.48e-08 0.000664062
2.49e-08 0.00171875
2.5e-08 0.00186719
2.51e-08 0.000929687
2.52e-08 -3.57628e-10
2.53e-08 6.24996e-05
2.54e-08 0.000195312
2.55e-08 -0.000554688
2.56e-08 -0.00173438
2.57e-08 -0.002
2.58e-08 -0.000523438
2.59e-08 0.00138281
2.6e-08 0.00214062
2.61e-08 0.00128125
2.62e-08 -3.57628e-10
2.63e-08 -0.0001875
2.64e-08 0.00107812
2.65e-08 0.002875
2.66e-08 0.00344531
2.67e-08 0.002
2.68e-08 -0.000710938
2.69e-08 -0.00225781
2.7e-08 -0.00101563
2.71e-08 0.00195312
2.72e-08 0.004
2.73e-08 0.00319531
2.74e-08 0.000945312
2.75e-08 -0.000359375
2.76e-08 0.000398437
2.77e-08 0.002
2.78e-08 0.00257812
2.79e-08 0.00226562
2.8e-08 0.00191406
2.81e-08 0.00197656
2.82e-08 0.002
2.83e-08 0.00136719
2.84e-08 0.000414062
2.85e-08 -0.000289063
2.86e-08 -0.000367188
2.87e-08 -3.57628e-10
2.88e-08 0.00034375
2.89e-08 0.000226562
2.9e-08 -0.000328125
2.91e-08 -0.000625
2.92e-08 -3.57628e-10
2.93e-08 0.00145312
2.94e-08 0.00224219
2.95e-08 0.00126562
2.96e-08 -0.000742188
2.97e-08 -0.002
2.98e-08 -0.00138281
2.99e-08 -0.000257813
3e-08 -0.000257813
3.01e-08 -0.00138281
3.02e-08 -0.002
3.03e-08 -0.00071875
3.04e-08 0.00128906
3.05e-08 0.00217187
3.06e-08 0.00132031
3.07e-08 -3.57628e-10
3.08e-08 -0.000328125
3.09e-08 -0.000109375
3.1e-08 -0.000132813
3.11e-08 -0.000375
3.12e-08 -3.57628e-10
3.13e-08 0.00133594
3.14e-08 0.00217969
3.15e-08 0.00127344
3.16e-08 -0.000765625
3.17e-08 -0.002
3.18e-08 -0.00109375
3.19e-08 0.00100781
3.2e-08 0.00257031
3.21e-08 0.00264062
3.22e-08 0.002
3.23e-08 0.00177344
3.24e-08 0.00196094
3.25e-08 0.00184375
3.26e-08 0.00108594
3.27e-08 -3.57628e-10
3.28e-08 -0.000851563
3.29e-08 -0.00164063
3.3e-08 -0.00241406
3.31e-08 -0.00269531
3.32e-08 -0.002
3.33e-08 -0.000484375
3.34e-08 0.000234375
3.35e-08 -0.000710938
3.36e-08 -0.00215625
3.37e-08 -0.002
3.38e-08 0.000648437
3.39e-08 0.00339844
3.4e-08 0.00371875
3.41e-08 0.00171094
3.42e-08 -3.57628e-10
3.43e-08 0.000625
3.44e-08 0.00185937
3.45e-08 0.00135937
3.46e-08 -0.000742188
3.47e-08 -0.002
3.48e-08 -0.000570313
3.49e-08 0.00151562
3.5e-08 0.00164062
3.51e-08 -0.000367188
3.52e-08 -0.002
3.53e-08 -0.00103125
3.54e-08 0.00114844
3.55e-08 0.00221094
3.56e-08 0.00133594
3.57e-08 -3.57628e-10
3.58e-08 -0.000140625
3.59e-08 9.37496e-05
3.6e-08 -0.0005
3.61e-08 -0.00166406
3.62e-08 -0.002
3.63e-08 -0.000554688
3.64e-08 0.001375
3.65e-08 0.00210937
3.66e-08 0.00121875
3.67e-08 -3.57628e-10
3.68e-08 -4.68754e-05
3.69e-08 0.00117969
3.7e-08 0.00270312
3.71e-08 0.00311719
3.72e-08 0.002
3.73e-08 -6.25004e-05
3.74e-08 -0.00169531
3.75e-08 -0.00192969
3.76e-08 -0.000984375
3.77e-08 -3.57628e-10
3.78e-08 0.00015625
3.79e-08 -3.12504e-05
3.8e-08 0.000265625
3.81e-08 0.00117969
3.82e-08 0.002
3.83e-08 0.00184375
3.84e-08 0.000710937
3.85e-08 -0.000632813
3.86e-08 -0.000992188
3.87e-08 -3.57628e-10
3.88e-08 0.00164844
3.89e-08 0.00235156
3.9e-08 0.00116406
3.91e-08 -0.000921875
3.92e-08 -0.002
3.93e-08 -0.000921875
3.94e-08 0.00116406
3.95e-08 0.00233594
3.96e-08 0.00161719
3.97e-08 -3.57628e-10
3.98e-08 -0.000867188
3.99e-08 -0.00053125
4e-08 0.00053125
4.01e-08 0.0015
4.02e-08 0.002
4.03e-08 0.001875
4.04e-08 0.000820312
4.05e-08 -0.000929688
4.06e-08 -0.0021875
4.07e-08 -0.002
4.08e-08 -0.00028125
4.09e-08 0.00152344
4.1e-08 0.00202344
4.11e-08 0.00110156
4.12e-08 -3.57628e-10
4.13e-08 -0.00015625
4.14e-08 7.81214e-06
4.15e-08 -0.000296875
4.16e-08 -0.0006875
4.17e-08 -3.57628e-10
4.18e-08 0.0021875
4.19e-08 0.00389844
4.2e-08 0.003375
4.21e-08 0.00125
4.22e-08 -3.57628e-10
4.23e-08 0.00119531
4.24e-08 0.00332812
4.25e-08 0.00399219
4.26e-08 0.00236719
4.27e-08 -3.57628e-10
4.28e-08 -0.00107031
4.29e-08 -0.000570313
4.3e-08 0.000445312
4.31e-08 0.000710937
4.32e-08 -3.57628e-10
4.33e-08 -0.00102344
4.34e-08 -0.00184375
4.35e-08 -0.00201563
4.36e-08 -0.00132031
4.37e-08 -3.57628e-10
4.38e-08 0.0011875
4.39e-08 0.000828125
4.4e-08 -0.00116406
4.41e-08 -0.00278906
4.42e-08 -0.002
4.43e-08 0.00132812
4.44e-08 0.0039375
4.45e-08 0.00295312
4.46e-08 -0.00090625
4.47e-08 -0.004
4.48e-08 -0.00325781
4.49e-08 0.000164062
4.5e-08 0.00319531
4.51e-08 0.00353906
4.52e-08 0.002
4.53e-08 0.000625
4.54e-08 3.12496e-05
4.55e-08 -5.46879e-05
4.56e-08 -3.90629e-05
4.57e-08 -3.57628e-10
4.58e-08 0.000132812
4.59e-08 0.000101562
4.6e-08 -0.0001875
4.61e-08 -0.000367188
4.62e-08 -3.57628e-10
4.63e-08 0.000929687
4.64e-08 0.00177344
4.65e-08 0.002
4.66e-08 0.00182812
4.67e-08 0.002
4.68e-08 0.00266406
4.69e-08 0.00260156
4.7e-08 0.0009375
4.71e-08 -0.00123438
4.72e-08 -0.002
4.73e-08 -0.000429688
4.74e-08 0.0015625
4.75e-08 0.00172656
4.76e-08 -0.000125
4.77e-08 -0.002
4.78e-08 -0.0019375
4.79e-08 -0.000664063
4.8e-08 0.00028125
4.81e-08 0.000203125
4.82e-08 -3.57628e-10
4.83e-08 0.000742187
4.84e-08 0.00175
4.85e-08 0.00188281
4.86e-08 0.000976562
4.87e-08 -3.57628e-10
4.88e-08 -0.000164063
4.89e-08 -1.56254e-05
4.9e-08 -0.00021875
4.91e-08 -0.0005
4.92e-08 -3.57628e-10
4.93e-08 0.00150781
4.94e-08 0.00230469
4.95e-08 0.00107031
4.96e-08 -0.00116406
4.97e-08 -0.002
4.98e-08 -0.000171875
4.99e-08 0.00177344
5e-08 0.0013125
5.01e-08 -0.000953125
5.02e-08 -0.002
5.03e-08 1.56246e-05
5.04e-08 0.002
5.05e-08 0.000828125
5.06e-08 -0.00254688
5.07e-08 -0.004
5.08e-08 -0.000609375
5.09e-08 0.00435937
5.1e-08 0.0063125
5.11e-08 0.0038125
5.12e-08 -3.57628e-10
5.13e-08 -0.00139063
5.14e-08 -0.000648438
5.15e-08 0.000210937
5.16e-08 9.37496e-05
5.17e-08 -3.57628e-10
5.18e-08 0.00124219
5.19e-08 0.00316406
5.2e-08 0.00447656
5.21e-08 0.00453125
5.22e-08 0.004
5.23e-08 0.00350781
5.24e-08 0.0026875
5.25e-08 0.00107031
5.26e-08 -0.0008125
5.27e-08 -0.002
5.28e-08 -0.00178125
5.29e-08 -0.000664063
5.3e-08 0.00046875
5.31e-08 0.00121094
5.32e-08 0.002
5.33e-08 0.00296094
5.34e-08 0.00276562
5.35e-08 0.000765625
5.36e-08 -0.00153125
5.37e-08 -0.002
5.38e-08 0.000109375
5.39e-08 0.00199219
5.4e-08 0.00104687
5.41e-08 -0.00202344
5.42e-08 -0.004
5.43e-08 -0.00246094
5.44e-08 0.000710937
5.45e-08 0.00247656
5.46e-08 0.00160937
5.47e-08 -3.57628e-10
5.48e-08 3.90621e-05
5.49e-08 0.00135156
5.5e-08 0.00226562
5.51e-08 0.00164844
5.52e-08 -3.57628e-10
5.53e-08 -0.00140625
5.54e-08 -0.00203906
5.55e-08 -0.00186719
5.56e-08 -0.00110156
5.57e-08 -3.57628e-10
5.58e-08 0.00110937
5.59e-08 0.00183594
5.6e-08 0.00204687
5.61e-08 0.00197656
5.62e-08 0.002
5.63e-08 0.00220312
5.64e-08 0.00220312
5.65e-08 0.00164062
5.66e-08 0.000734375
5.67e-08 -3.57628e-10
5.68e-08 -0.000234375
5.69e-08 -0.000101563
5.7e-08 -1.56254e-05
5.71e-08 -9.37504e-05
5.72e-08 -3.57628e-10
5.73e-08 0.000617187
5.74e-08 0.00155469
5.75e-08 0.00232812
5.76e-08 0.00247656
5.77e-08 0.002
5.78e-08 0.00096875
5.79e-08 -0.000875
5.8e-08 -0.00321094
5.81e-08 -0.004625
5.82e-08 -0.004
5.83e-08 -0.00134375
5.84e-08 0.00128906
5.85e-08 0.00208594
5.86e-08 0.00103906
5.87e-08 -3.57628e-10
5.88e-08 0.00046875
5.89e-08 0.00161719
5.9e-08 0.00195312
5.91e-08 0.00103906
5.92e-08 -3.57628e-10
5.93e-08 0.000164062
5.94e-08 0.00133594
5.95e-08 0.0024375
5.96e-08 0.00258594
5.97e-08 0.002
5.98e-08 0.00124219
5.99e-08 0.000398437
6e-08 -0.000421875
6.01e-08 -0.0006875
6.02e-08 -3.57628e-10
6.03e-08 0.00139062
6.04e-08 0.00214062
6.05e-08 0.00145312
6.06e-08 0.0001875
6.07e-08 -3.57628e-10
6.08e-08 0.00163281
6.09e-08 0.00355469
6.1e-08 0.00383594
6.11e-08 0.00213281
6.12e-08 -3.57628e-10
6.13e-08 -0.0008125
6.14e-08 -0.000398438
6.15e-08 0.000210937
6.16e-08 0.000257812
6.17e-08 -3.57628e-10
6.18e-08 2.34371e-05
6.19e-08 4.68746e-05
6.2e-08 -0.00015625
6.21e-08 -0.00034375
6.22e-08 -3.57628e-10
6.23e-08 0.001
6.24e-08 0.001875
6.25e-08 0.00184375
6.26e-08 0.0009375
6.27e-08 -3.57628e-10
6.28e-08 -7.81286e-06
6.29e-08 0.00113281
6.3e-08 0.00283594
6.31e-08 0.00397656
6.32e-08 0.004
6.33e-08 0.00283594
6.34e-08 0.0009375
6.35e-08 -0.00084375
6.36e-08 -0.00128906
6.37e-08 -3.57628e-10
6.38e-08 0.00230469
6.39e-08 0.00391406
6.4e-08 0.00354687
6.41e-08 0.00167187
6.42e-08 -3.57628e-10
6.43e-08 -0.000296875
6.44e-08 -7.81286e-06
6.45e-08 -0.000351563
6.46e-08 -0.00138281
6.47e-08 -0.002
6.48e-08 -0.00121094
6.49e-08 -0.0001875
6.5e-08 -0.000265625
6.51e-08 -0.00134375
6.52e-08 -0.002
6.53e-08 -0.00111719
6.54e-08 -0.000109375
6.55e-08 -0.000398438
6.56e-08 -0.00161719
6.57e-08 -0.002
6.58e-08 -0.000359375
6.59e-08 0.00153906
6.6e-08 0.00178906
6.61e-08 0.0005625
6.62e-08 -3.57628e-10
6.63e-08 0.00153125
6.64e-08 0.00353125
6.65e-08 0.00374219
6.66e-08 0.00189844
6.67e-08 -3.57628e-10
6.68e-08 -7.81286e-06
6.69e-08 0.00132812
6.7e-08 0.00229687
6.71e-08 0.0016875
6.72e-08 -3.57628e-10
6.73e-08 -0.00148438
6.74e-08 -0.00210156
6.75e-08 -0.00179688
6.76e-08 -0.00096875
6.77e-08 -3.57628e-10
6.78e-08 0.0009375
6.79e-08 0.00167187
6.8e-08 0.00232031
6.81e-08 0.00308594
6.82e-08 0.004
6.83e-08 0.00442969
6.84e-08 0.00329687
6.85e-08 0.000328125
6.86e-08 -0.00275781
6.87e-08 -0.004
6.88e-08 -0.00242969
6.89e-08 0.00059375
6.9e-08 0.00292187
6.91e-08 0.00315625
6.92e-08 0.002
6.93e-08 0.000820312
6.94e-08 0.000140625
6.95e-08 -0.000140625
6.96e-08 -0.0001875
6.97e-08 -3.57628e-10
6.98e-08 0.000625
6.99e-08 0.00154687
7e-08 0.00236719
7.01e-08 0.00257812
7.02e-08 0.002
7.03e-08 0.000664062
7.04e-08 -0.00114844
7.05e-08 -0.00275
7.06e-08 -0.00313281
7.07e-08 -0.002
7.08e-08 0.000148437
7.09e-08 0.00176562
7.1e-08 0.00176562
7.11e-08 0.000640625
7.12e-08 -3.57628e-10
7.13e-08 0.000828125
7.14e-08 0.00185156
7.15e-08 0.00163281
7.16e-08 0.000460937
7.17e-08 -3.57628e-10
7.18e-08 0.00125
7.19e-08 0.00221094
7.2e-08 0.00101562
7.21e-08 -0.00135156
7.22e-08 -0.002
7.23e-08 0.00059375
7.24e-08 0.00348437
7.25e-08 0.00342187
7.26e-08 0.000492187
7.27e-08 -0.002
7.28e-08 -0.00121094
7.29e-08 0.00114844
7.3e-08 0.00203125
7.31e-08 0.000335937
7.32e-08 -0.002
7.33e-08 -0.0024375
7.34e-08 -0.00103906
7.35e-08 0.000820312
7.36e-08 0.00180469
7.37e-08 0.002
7.38e-08 0.00205469
7.39e-08 0.00207812
7.4e-08 0.00185156
7.41e-08 0.00115625
7.42e-08 -3.57628e-10
7.43e-08 -0.0013125
7.44e-08 -0.00203906
7.45e-08 -0.00170313
7.46e-08 -0.00071875
7.47e-08 -3.57628e-10
7.48e-08 -7.81254e-05
7.49e-08 -0.0001875
7.5e-08 0.00046875
7.51e-08 0.00155469
7.52e-08 0.002
7.53e-08 0.00115625
7.54e-08 0.000164062
7.55e-08 0.000242187
7.56e-08 0.00128906
7.57e-08 0.002
7.58e-08 0.00134375
7.59e-08 0.000289062
7.6e-08 7.03121e-05
7.61e-08 0.000976562
7.62e-08 0.002
7.63e-08 0.0019375
7.64e-08 0.000757812
7.65e-08 -0.000679688
7.66e-08 -0.0010625
7.67e-08 -3.57628e-10
7.68e-08 0.00177344
7.69e-08 0.0024375
7.7e-08 0.00104687
7.71e-08 -0.00113281
7.72e-08 -0.002
7.73e-08 -0.00046875
7.74e-08 0.00153906
7.75e-08 0.00173437
7.76e-08 -0.000132813
7.77e-08 -0.002
7.78e-08 -0.00161719
7.79e-08 0.000632812
7.8e-08 0.00305469
7.81e-08 0.00410937
7.82e-08 0.004
7.83e-08 0.00347656
7.84e-08 0.00258594
7.85e-08 0.00128125
7.86e-08 0.0001875
7.87e-08 -3.57628e-10
7.88e-08 0.000859375
7.89e-08 0.0018125
7.9e-08 0.00185937
7.91e-08 0.000953125
7.92e-08 -3.57628e-10
7.93e-08 -0.0001875
7.94e-08 -3.90629e-05
7.95e-08 -0.00015625
7.96e-08 -0.000382813
7.97e-08 -3.57628e-10
7.98e-08 0.00132031
7.99e-08 0.002125
8e-08 0.00138281
8.01e-08 1.56246e-05
8.02e-08 -3.57628e-10
8.03e-08 0.002125
8.04e-08 0.00396875
8.05e-08 0.003125
8.06e-08 0.00015625
8.07e-08 -0.002
8.08e-08 -0.00108594
8.09e-08 0.00116406
8.1e-08 0.00208594
8.11e-08 0.00103906
8.12e-08 -3.57628e-10
8.13e-08 0.0008125
8.14e-08 0.0019375
8.15e-08 0.001375
8.16e-08 -0.000679688
8.17e-08 -0.002
8.18e-08 -0.00078125
8.19e-08 0.00130469
8.2e-08 0.00202344
8.21e-08 0.000976562
8.22e-08 -3.57628e-10
8.23e-08 0.000703125
8.24e-08 0.00179687
8.25e-08 0.00163281
8.26e-08 0.00040625
8.27e-08 -3.57628e-10
8.28e-08 0.00167969
8.29e-08 0.00361719
8.3e-08 0.00364062
8.31e-08 0.00171094
8.32e-08 -3.57628e-10
8.33e-08 0.000304687
8.34e-08 0.0015625
8.35e-08 0.00192187
8.36e-08 0.000945312
8.37e-08 -3.57628e-10
8.38e-08 0.000453125
8.39e-08 0.00159375
8.4e-08 0.00201562
8.41e-08 0.00119531
8.42e-08 -3.57628e-10
8.43e-08 -0.0004375
8.44e-08 -0.000210938
8.45e-08 9.37496e-05
8.46e-08 0.000101562
8.47e-08 -3.57628e-10
8.48e-08 0.000132812
8.49e-08 0.000117187
8.5e-08 -0.000265625
8.51e-08 -0.000539063
8.52e-08 -3.57628e-10
8.53e-08 0.00139844
8.54e-08 0.00216406
8.55e-08 0.00134375
8.56e-08 -4.68754e-05
8.57e-08 -3.57628e-10
8.58e-08 0.00216406
8.59e-08 0.00399219
8.6e-08 0.00309375
8.61e-08 0.000101562
8.62e-08 -0.002
8.63e-08 -0.001
8.64e-08 0.00126562
8.65e-08 0.00191406
8.66e-08 0.000140625
8.67e-08 -0.002
8.68e-08 -0.002125
8.69e-08 -0.00078125
8.7e-08 0.000421875
8.71e-08 0.000476562
8.72e-08 -3.57628e-10
8.73e-08 1.56246e-05
8.74e-08 0.000117187
8.75e-08 -0.000367188
8.76e-08 -0.00134375
8.77e-08 -0.002
8.78e-08 -0.00158594
8.79e-08 -0.000570313
8.8e-08 0.00040625
8.81e-08 0.001125
8.82e-08 0.002
8.83e-08 0.00299219
8.84e-08 0.00278906
8.85e-08 0.000734375
8.86e-08 -0.00160156
8.87e-08 -0.002
8.88e-08 0.000375
8.89e-08 0.00323437
8.9e-08 0.00392969
8.91e-08 0.00210156
8.92e-08 -3.57628e-10
8.93e-08 -0.000109375
8.94e-08 0.00128125
8.95e-08 0.00229687
8.96e-08 0.00167187
8.97e-08 -3.57628e-10
8.98e-08 -0.00133594
8.99e-08 -0.00198438
9e-08 -0.00198438
9.01e-08 -0.00133594
9.02e-08 -3.57628e-10
9.03e-08 0.001625
9.04e-08 0.00230469
9.05e-08 0.00128125
9.06e-08 -0.000664063
9.07e-08 -0.002
9.08e-08 -0.00167969
9.09e-08 -0.00053125
9.1e-08 0.000210937
9.11e-08 0.000140625
9.12e-08 -3.57628e-10
9.13e-08 0.000429687
9.14e-08 0.000414062
9.15e-08 -0.000828125
9.16e-08 -0.00226563
9.17e-08 -0.002
9.18e-08 0.000679687
9.19e-08 0.00340625
9.2e-08 0.00374219
9.21e-08 0.00177344
9.22e-08 -3.57628e-10
9.23e-08 0.000429687
9.24e-08 0.00170312
9.25e-08 0.00164844
9.26e-08 -0.000171875
9.27e-08 -0.002
9.28e-08 -0.00197656
9.29e-08 -0.000695313
9.3e-08 0.00034375
9.31e-08 0.000328125
9.32e-08 -3.57628e-10
9.33e-08 0.0004375
9.34e-08 0.00146875
9.35e-08 0.00236719
9.36e-08 0.0025
9.37e-08 0.002
9.38e-08 0.00123437
9.39e-08 0.000382812
9.4e-08 -0.000382813
9.41e-08 -0.00059375
9.42e-08 -3.57628e-10
9.43e-08 0.00114844
9.44e-08 0.00196094
9.45e-08 0.00174219
9.46e-08 0.00078125
9.47e-08 -3.57628e-10
9.48e-08 7.81214e-06
9.49e-08 0.000132812
9.5e-08 -0.000398438
9.51e-08 -0.00142188
9.52e-08 -0.002
9.53e-08 -0.00139063
9.54e-08 -0.000375
9.55e-08 7.81246e-05
9.56e-08 -9.37504e-05
9.57e-08 -3.57628e-10
9.58e-08 0.00100781
9.59e-08 0.00191406
9.6e-08 0.0016875
9.61e-08 0.000601562
9.62e-08 -3.57628e-10
9.63e-08 0.000734375
9.64e-08 0.00177344
9.65e-08 0.00178906
9.66e-08 0.000765625
9.67e-08 -3.57628e-10
9.68e-08 0.0005625
9.69e-08 0.00165625
9.7e-08 0.00194531
9.71e-08 0.0010625
9.72e-08 -3.57628e-10
9.73e-08 -0.000179688
9.74e-08 -2.34379e-05
9.75e-08 -0.00021875
9.76e-08 -0.000515625
9.77e-08 -3.57628e-10
9.78e-08 0.0015625
9.79e-08 0.00233594
9.8e-08 0.00104687
9.81e-08 -0.00120313
9.82e-08 -0.002
9.83e-08 7.03121e-05
9.84e-08 0.00303906
9.85e-08 0.00417969
9.86e-08 0.0025625
9.87e-08 -3.57628e-10
9.88e-08 -0.00116406
9.89e-08 -0.00065625
9.9e-08 0.000523437
9.91e-08 0.00140625
9.92e-08 0.002
9.93e-08 0.00255469
9.94e-08 0.00242969
9.95e-08 0.00128906
9.96e-08 5.46871e-05
9.97e-08 -3.57628e-10
9.98e-08 0.00139062
9.99e-08 0.00225781
1e-07 0.00110156
1.001e-07 -0.00111719
1.002e-07 -0.002
1.003e-07 -0.000226563
1.004e-07 0.00174219
1.005e-07 0.00135937
1.006e-07 -0.000898438
1.007e-07 -0.002
1.008e-07 0.000203125
1.009e-07 0.0031875
1.01e-07 0.00380469
1.011e-07 0.00176562
1.012e-07 -3.57628e-10
1.013e-07 0.00100781
1.014e-07 0.00325
1.015e-07 0.00395312
1.016e-07 0.00221875
1.017e-07 -3.57628e-10
1.018e-07 -0.000351563
1.019e-07 0.00105469
1.02e-07 0.0026875
1.021e-07 0.00301562
1.022e-07 0.002
1.023e-07 0.000382812
1.024e-07 -0.0013125
1.025e-07 -0.00258594
1.026e-07 -0.00285938
1.027e-07 -0.002
1.028e-07 -0.000273438
1.029e-07 0.00141406
1.03e-07 0.00233594
1.031e-07 0.00235156
1.032e-07 0.002
1.033e-07 0.00160937
1.034e-07 0.000703125
1.035e-07 -0.000898438
1.036e-07 -0.00217969
1.037e-07 -0.002
1.038e-07 -0.000101563
1.039e-07 0.00171094
1.04e-07 0.00165625
1.041e-07 -0.000210938
1.042e-07 -0.002
1.043e-07 -0.00201563
1.044e-07 -0.000734375
1.045e-07 0.000453125
1.046e-07 0.0005625
1.047e-07 -3.57628e-10
1.048e-07 -0.000273438
1.049e-07 -0.000140625
1.05e-07 5.46871e-05
1.051e-07 6.24996e-05
1.052e-07 -3.57628e-10
1.053e-07 6.24996e-05
1.054e-07 5.46871e-05
1.055e-07 -0.000140625
1.056e-07 -0.000273438
1.057e-07 -3.57628e-10
1.058e-07 0.0005625
1.059e-07 0.000453125
1.06e-07 -0.000734375
1.061e-07 -0.00200781
1.062e-07 -0.002
1.063e-07 -0.000234375
1.064e-07 0.001625
1.065e-07 0.00176562
1.066e-07 -3.57628e-10
1.067e-07 -0.002
1.068e-07 -0.00238281
1.069e-07 -0.00104688
1.07e-07 0.0009375
1.071e-07 0.00207812
1.072e-07 0.002
1.073e-07 0.00114844
1.074e-07 0.000273437
1.075e-07 -0.000132813
1.076e-07 -7.81254e-05
1.077e-07 -3.57628e-10
1.078e-07 -0.000210938
1.079e-07 -0.00021875
1.08e-07 0.000414062
1.081e-07 0.00141406
1.082e-07 0.002
1.083e-07 0.00154687
1.084e-07 0.0005
1.085e-07 -0.000335938
1.086e-07 -0.000414063
1.087e-07 -3.57628e-10
1.088e-07 0.000320312
1.089e-07 0.0001875
1.09e-07 -0.00021875
1.091e-07 -0.000390625
1.092e-07 -3.57628e-10
1.093e-07 0.000882812
1.094e-07 0.00177344
1.095e-07 0.00201562
1.096e-07 0.00128906
1.097e-07 -3.57628e-10
1.098e-07 -0.000960938
1.099e-07 -0.000695313
1.1e-07 0.000929687
1.101e-07 0.00289062
1.102e-07 0.004
1.103e-07 0.00342187
1.104e-07 0.00132812
1.105e-07 -0.00125781
1.106e-07 -0.00260156
1.107e-07 -0.002
1.108e-07 7.81214e-06
1.109e-07 0.00170312
1.11e-07 0.00182031
1.111e-07 0.000726562
1.112e-07 -3.57628e-10
1.113e-07 0.000710937
1.114e-07 0.00177344
1.115e-07 0.00177344
1.116e-07 0.000710937
1.117e-07 -3.57628e-10
1.118e-07 0.000773437
1.119e-07 0.00182031
1.12e-07 0.00167187
1.121e-07 0.0005
1.122e-07 -3.57628e-10
1.123e-07 0.00134375
1.124e-07 0.00332031
1.125e-07 0.00415625
1.126e-07 0.00330469
1.127e-07 0.002
1.128e-07 0.00160156
1.129e-07 0.00188281
1.13e-07 0.00186719
1.131e-07 0.00107812
1.132e-07 -3.57628e-10
1.133e-07 -0.000554688
1.134e-07 -0.000359375
1.135e-07 0.000382812
1.136e-07 0.00125
1.137e-07 0.002
1.138e-07 0.00246094
1.139e-07 0.00232812
1.14e-07 0.0015625
1.141e-07 0.000632812
1.142e-07 -3.57628e-10
1.143e-07 -0.000109375
1.144e-07 -1.56254e-05
1.145e-07 -9.37504e-05
1.146e-07 -0.000242188
1.147e-07 -3.57628e-10
1.148e-07 0.000859375
1.149e-07 0.00173437
1.15e-07 0.00205469
1.151e-07 0.00191406
1.152e-07 0.002
1.153e-07 0.00252344
1.154e-07 0.00249219
1.155e-07 0.00110937
1.156e-07 -0.000898438
1.157e-07 -0.002
1.158e-07 -0.00110156
1.159e-07 0.000984375
1.16e-07 0.00266406
1.161e-07 0.00285156
1.162e-07 0.002
1.163e-07 0.00107812
1.164e-07 0.000296875
1.165e-07 -0.000320313
1.166e-07 -0.000515625
1.167e-07 -3.57628e-10
1.168e-07 0.00113281
1.169e-07 0.00195312
1.17e-07 0.00174219
1.171e-07 0.000765625
1.172e-07 -3.57628e-10
1.173e-07 0.000257812
1.174e-07 0.00136719
1.175e-07 0.00249219
1.176e-07 0.00272656
1.177e-07 0.002
1.178e-07 0.000875
1.179e-07 8.59371e-05
1.18e-07 0.000101562
1.181e-07 0.00090625
1.182e-07 0.002
1.183e-07 0.002625
1.184e-07 0.00242187
1.185e-07 0.00147656
1.186e-07 0.00046875
1.187e-07 -3.57628e-10
1.188e-07 0.0003125
1.189e-07 0.001375
1.19e-07 0.0025625
1.191e-07 0.00291406
1.192e-07 0.002
1.193e-07 0.000140625
1.194e-07 -0.0015625
1.195e-07 -0.00210156
1.196e-07 -0.00128906
1.197e-07 -3.57628e-10
1.198e-07 0.000757812
1.199e-07 0.000492187
1.2e-07 -0.000585938
1.201e-07 -0.00163281
1.202e-07 -0.002
1.203e-07 -0.00144531
1.204e-07 -0.0005
1.205e-07 0.000375
1.206e-07 0.00110156
1.207e-07 0.002
1.208e-07 0.00296094
1.209e-07 0.00276562
1.21e-07 0.000757812
1.211e-07 -0.0015625
1.212e-07 -0.002
1.213e-07 0.00034375
1.214e-07 0.00321094
1.215e-07 0.00396875
1.216e-07 0.0021875
1.217e-07 -3.57628e-10
1.218e-07 -0.0005
1.219e-07 -9.37504e-05
1.22e-07 -0.000367188
1.221e-07 -0.00148438
1.222e-07 -0.002
1.223e-07 -0.000617188
1.224e-07 0.00130469
1.225e-07 0.00217969
1.226e-07 0.00190625
1.227e-07 0.002
1.228e-07 0.00335156
1.229e-07 0.00427344
1.23e-07 0.00303125
1.231e-07 0.000164062
1.232e-07 -0.002
1.233e-07 -0.00153906
1.234e-07 0.000757812
1.235e-07 0.00282031
1.236e-07 0.00308594
1.237e-07 0.002
1.238e-07 0.000820312
1.239e-07 0.000125
1.24e-07 -8.59379e-05
1.241e-07 -6.25004e-05
1.242e-07 -3.57628e-10
1.243e-07 5.46871e-05
1.244e-07 3.12496e-05
1.245e-07 -3.12504e-05
1.246e-07 -4.68754e-05
1.247e-07 -3.57628e-10
1.248e-07 5.46871e-05
1.249e-07 3.12496e-05
1.25e-07 -3.12504e-05
1.251e-07 -5.46879e-05
1.252e-07 -3.57628e-10
1.253e-07 0.00025
1.254e-07 0.000171875
1.255e-07 -0.00025
1.256e-07 -0.000476563
1.257e-07 -3.57628e-10
1.258e-07 0.000992187
1.259e-07 0.00190625
1.26e-07 0.00149219
1.261e-07 0.000726562
1.262e-07 0.002
1.263e-07 0.00514062
1.264e-07 0.00989844
1.265e-07 0.0132109
1.266e-07 0.0135625
1.267e-07 0.012
1.268e-07 0.00707812
1.269e-07 -0.00346094
1.27e-07 -0.0221406
1.271e-07 -0.0441328
1.272e-07 -0.064
1.273e-07 -0.0771953
1.274e-07 -0.0852109
1.275e-07 -0.0908984
1.276e-07 -0.0953438
1.277e-07 -0.098
1.278e-07 -0.0951172
1.279e-07 -0.0884141
1.28e-07 -0.0792422
1.281e-07 -0.0721172
1.282e-07 -0.07
1.283e-07 -0.0712031
1.284e-07 -0.0765469
1.285e-07 -0.0830078
1.286e-07 -0.0870625
1.287e-07 -0.088
1.288e-07 -0.0846641
1.289e-07 -0.0784453
1.29e-07 -0.0692891
1.291e-07 -0.0579609
1.292e-07 -0.044
1.293e-07 -0.0280391
1.294e-07 -0.0126719
1.295e-07 -0.000265625
1.296e-07 0.00682031
1.297e-07 0.01
1.298e-07 0.00996875
1.299e-07 0.00582031
1.3e-07 -0.0026875
1.301e-07 -0.0115313
1.302e-07 -0.016
1.303e-07 -0.0131641
1.304e-07 -0.00528125
1.305e-07 0.00497656
1.306e-07 0.0150469
1.307e-07 0.026
1.308e-07 0.0387344
1.309e-07 0.0498516
1.31e-07 0.0568906
1.311e-07 0.060125
1.312e-07 0.064
1.313e-07 0.0712891
1.314e-07 0.0811719
1.315e-07 0.0896953
1.316e-07 0.0940156
1.317e-07 0.096
1.318e-07 0.0959453
1.319e-07 0.0950859
1.32e-07 0.0921563
1.321e-07 0.0883203
1.322e-07 0.086
1.323e-07 0.0845781
1.324e-07 0.0833516
1.325e-07 0.0796797
1.326e-07 0.0742813
1.327e-07 0.07
1.328e-07 0.068
1.329e-07 0.0680469
1.33e-07 0.0674297
1.331e-07 0.0641563
1.332e-07 0.058
1.333e-07 0.0498203
1.334e-07 0.0397109
1.335e-07 0.0282969
1.336e-07 0.0180938
1.337e-07 0.01
1.338e-07 0.00614844
1.339e-07 0.00532812
1.34e-07 0.00710156
1.341e-07 0.00985938
1.342e-07 0.012
1.343e-07 0.0143359
1.344e-07 0.0165313
1.345e-07 0.0198047
1.346e-07 0.0244141
1.347e-07 0.03
1.348e-07 0.0357891
1.349e-07 0.0405234
1.35e-07 0.0429141
1.351e-07 0.0424375
1.352e-07 0.04
1.353e-07 0.0360859
1.354e-07 0.0320156
1.355e-07 0.028
1.356e-07 0.0246406
1.357e-07 0.022
1.358e-07 0.0200547
1.359e-07 0.0195469
1.36e-07 0.0206797
1.361e-07 0.0230469
1.362e-07 0.026
1.363e-07 0.0284297
1.364e-07 0.0298203
1.365e-07 0.0299375
1.366e-07 0.0291641
1.367e-07 0.028
1.368e-07 0.0261094
1.369e-07 0.0226719
1.37e-07 0.0168438
1.371e-07 0.0100625
1.372e-07 0.004
1.373e-07 0.000234375
1.374e-07 -0.001625
1.375e-07 -0.00232813
1.376e-07 -0.00242188
1.377e-07 -0.002
1.378e-07 -0.000335938
1.379e-07 0.00133594
1.38e-07 0.00247656
1.381e-07 0.00311719
1.382e-07 0.004
1.383e-07 0.00595312
1.384e-07 0.00759375
1.385e-07 0.00799219
1.386e-07 0.007625
1.387e-07 0.008
1.388e-07 0.00964844
1.389e-07 0.0104844
1.39e-07 0.00871094
1.391e-07 0.00554687
1.392e-07 0.004
1.393e-07 0.00585156
1.394e-07 0.00891406
1.395e-07 0.0101875
1.396e-07 0.00904688
1.397e-07 0.008
1.398e-07 0.00938281
1.399e-07 0.0124922
1.4e-07 0.0149297
1.401e-07 0.0151406
1.402e-07 0.014
1.403e-07 0.0126094
1.404e-07 0.0110391
1.405e-07 0.00869531
1.406e-07 0.00605469
1.407e-07 0.004
1.408e-07 0.00303906
1.409e-07 0.00244531
1.41e-07 0.00132031
1.411e-07 -0.000367188
1.412e-07 -0.002
1.413e-07 -0.002625
1.414e-07 -0.00238281
1.415e-07 -0.00159375
1.416e-07 -0.00075
1.417e-07 -3.57628e-10
1.418e-07 0.000914062
1.419e-07 0.00171875
1.42e-07 0.0021875
1.421e-07 0.00222656
1.422e-07 0.002
1.423e-07 0.00153125
1.424e-07 0.000625
1.425e-07 -0.000742188
1.426e-07 -0.00185938
1.427e-07 -0.002
1.428e-07 -0.00105469
1.429e-07 -0.000125
1.43e-07 -0.000234375
1.431e-07 -0.00122656
1.432e-07 -0.002
1.433e-07 -0.00179688
1.434e-07 -0.00171875
1.435e-07 -0.00266406
1.436e-07 -0.00395313
1.437e-07 -0.004
1.438e-07 -0.00189844
1.439e-07 0.000953125
1.44e-07 0.00245312
1.441e-07 0.00171875
1.442e-07 -3.57628e-10
1.443e-07 -0.000921875
1.444e-07 -0.000523438
1.445e-07 0.000492187
1.446e-07 0.000875
1.447e-07 -3.57628e-10
1.448e-07 -0.00200781
1.449e-07 -0.00472656
1.45e-07 -0.00710938
1.451e-07 -0.00767188
1.452e-07 -0.006
1.453e-07 -0.00285156
1.454e-07 -0.0004375
1.455e-07 -0.000164063
1.456e-07 -0.00139063
1.457e-07 -0.002
1.458e-07 -0.000664063
1.459e-07 0.00132812
1.46e-07 0.00214062
1.461e-07 0.00125781
1.462e-07 -3.57628e-10
1.463e-07 -0.000203125
1.464e-07 7.81246e-05
1.465e-07 -0.00046875
1.466e-07 -0.00217188
1.467e-07 -0.004
1.468e-07 -0.00446875
1.469e-07 -0.00321875
1.47e-07 -0.000703125
1.471e-07 0.00191406
1.472e-07 0.004
1.473e-07 0.00502344
1.474e-07 0.00465625
1.475e-07 0.00315625
1.476e-07 0.001875
1.477e-07 0.002
1.478e-07 0.00338281
1.479e-07 0.00428125
1.48e-07 0.00309375
1.481e-07 0.00034375
1.482e-07 -0.002
1.483e-07 -0.00249219
1.484e-07 -0.00209375
1.485e-07 -0.00233594
1.486e-07 -0.00340625
1.487e-07 -0.004
1.488e-07 -0.0028125
1.489e-07 -0.00084375
1.49e-07 0.000445312
1.491e-07 0.000429687
1.492e-07 -3.57628e-10
1.493e-07 0.000117187
1.494e-07 0.000234375
1.495e-07 -0.000546875
1.496e-07 -0.00223438
1.497e-07 -0.004
1.498e-07 -0.00478125
1.499e-07 -0.00447656
1.5e-07 -0.00353125
1.501e-07 -0.002625
1.502e-07 -0.002
1.503e-07 -0.00165625
1.504e-07 -0.00178906
1.505e-07 -0.00225781
1.506e-07 -0.00249219
1.507e-07 -0.002
1.508e-07 -0.000796875
1.509e-07 7.81214e-06
1.51e-07 -0.000359375
1.511e-07 -0.00145313
1.512e-07 -0.002
1.513e-07 -0.00130469
1.514e-07 -0.000304688
1.515e-07 -7.03129e-05
1.516e-07 -0.000414063
1.517e-07 -3.57628e-10
1.518e-07 0.00185937
1.519e-07 0.00367969
1.52e-07 0.00367969
1.521e-07 0.00185156
1.522e-07 -3.57628e-10
1.523e-07 -0.000359375
1.524e-07 -2.34379e-05
1.525e-07 -0.000398438
1.526e-07 -0.00149219
1.527e-07 -0.002
1.528e-07 -0.000984375
1.529e-07 -1.56254e-05
1.53e-07 -0.000570313
1.531e-07 -0.00195313
1.532e-07 -0.002
1.533e-07 0.000296875
1.534e-07 0.00210937
1.535e-07 0.000882812
1.536e-07 -0.00232813
1.537e-07 -0.004
1.538e-07 -0.00179688
1.539e-07 0.00128125
1.54e-07 0.00155469
1.541e-07 -0.00130469
1.542e-07 -0.004
1.543e-07 -0.00338281
1.544e-07 -0.00100781
1.545e-07 0.000234375
1.546e-07 -0.000742188
1.547e-07 -0.002
1.548e-07 -0.00121094
1.549e-07 0.0009375
1.55e-07 0.002625
1.551e-07 0.00274219
1.552e-07 0.002
1.553e-07 0.00142969
1.554e-07 0.000609375
1.555e-07 -0.00084375
1.556e-07 -0.00210938
1.557e-07 -0.002
1.558e-07 -0.000203125
1.559e-07 0.00160156
1.56e-07 0.00183594
1.561e-07 0.0006875
1.562e-07 -3.57628e-10
1.563e-07 0.00115625
1.564e-07 0.00320312
1.565e-07 0.00430469
1.566e-07 0.00359375
1.567e-07 0.002
1.568e-07 0.000875
1.569e-07 0.000226562
1.57e-07 -0.000351563
1.571e-07 -0.000625
1.572e-07 -3.57628e-10
1.573e-07 0.00149219
1.574e-07 0.00228125
1.575e-07 0.00117969
1.576e-07 -0.000929688
1.577e-07 -0.002
1.578e-07 -0.00078125
1.579e-07 0.00126562
1.58e-07 0.00217969
1.581e-07 0.00132031
1.582e-07 -3.57628e-10
1.583e-07 -0.0003125
1.584e-07 -4.68754e-05
1.585e-07 -0.00025
1.586e-07 -0.00117188
1.587e-07 -0.002
1.588e-07 -0.00173438
1.589e-07 -0.000617188
1.59e-07 0.000460937
1.591e-07 0.000664062
1.592e-07 -3.57628e-10
1.593e-07 -0.00103906
1.594e-07 -0.00185938
1.595e-07 -0.00196875
1.596e-07 -0.00123438
1.597e-07 -3.57628e-10
1.598e-07 0.0011875
1.599e-07 0.00192187
1.6e-07 0.0019375
1.601e-07 0.00121094
1.602e-07 -3.57628e-10
1.603e-07 -0.00127344
1.604e-07 -0.002
1.605e-07 -0.00180469
1.606e-07 -0.000914063
1.607e-07 -3.57628e-10
1.608e-07 0.000414062
1.609e-07 0.000234375
1.61e-07 -0.000265625
1.611e-07 -0.000484375
1.612e-07 -3.57628e-10
1.613e-07 0.00102344
1.614e-07 0.00182812
1.615e-07 0.00194531
1.616e-07 0.00174219
1.617e-07 0.002
1.618e-07 0.00280469
1.619e-07 0.00275
1.62e-07 0.000679687
1.621e-07 -0.0023125
1.622e-07 -0.004
1.623e-07 -0.00298438
1.624e-07 -0.000859375
1.625e-07 0.000265625
1.626e-07 7.81214e-06
1.627e-07 -3.57628e-10
1.628e-07 0.00145312
1.629e-07 0.00236719
1.63e-07 0.000828125
1.631e-07 -0.00223438
1.632e-07 -0.004
1.633e-07 -0.00260156
1.634e-07 -0.00046875
1.635e-07 -0.000421875
1.636e-07 -0.00250781
1.637e-07 -0.004
1.638e-07 -0.00247656
1.639e-07 0.00065625
1.64e-07 0.00265625
1.641e-07 0.002
1.642e-07 -3.57628e-10
1.643e-07 -0.00111719
1.644e-07 -0.000679688
1.645e-07 0.000679687
1.646e-07 0.00175
1.647e-07 0.002
1.648e-07 0.00144531
1.649e-07 0.000476562
1.65e-07 -0.000390625
1.651e-07 -0.000554688
1.652e-07 -3.57628e-10
1.653e-07 0.00065625
1.654e-07 0.000484375
1.655e-07 -0.00071875
1.656e-07 -0.00194531
1.657e-07 -0.002
1.658e-07 -0.000445313
1.659e-07 0.00142969
1.66e-07 0.00209375
1.661e-07 0.00121875
1.662e-07 -3.57628e-10
1.663e-07 -0.000242188
1.664e-07 -4.68754e-05
1.665e-07 -0.000226563
1.666e-07 -0.000554688
1.667e-07 -3.57628e-10
1.668e-07 0.00174219
1.669e-07 0.00248437
1.67e-07 0.00078125
1.671e-07 -0.00173438
1.672e-07 -0.002
1.673e-07 0.0013125
1.674e-07 0.00508594
1.675e-07 0.00574219
1.676e-07 0.00295312
1.677e-07 -3.57628e-10
1.678e-07 0.000132812
1.679e-07 0.00265625
1.68e-07 0.00475
1.681e-07 0.0043125
1.682e-07 0.002
1.683e-07 -0.000273438
1.684e-07 -0.00171875
1.685e-07 -0.0021875
1.686e-07 -0.00159375
1.687e-07 -3.57628e-10
1.688e-07 0.00194531
1.689e-07 0.00251562
1.69e-07 0.000992187
1.691e-07 -0.00121875
1.692e-07 -0.002
1.693e-07 -0.0004375
1.694e-07 0.00153906
1.695e-07 0.00178125
1.696e-07 -7.81286e-06
1.697e-07 -0.002
1.698e-07 -0.0021875
1.699e-07 -0.00084375
1.7e-07 0.0005625
1.701e-07 0.00075
1.702e-07 -3.57628e-10
1.703e-07 -0.000617188
1.704e-07 -0.0004375
1.705e-07 0.000546875
1.706e-07 0.00158594
1.707e-07 0.002
1.708e-07 0.00148437
1.709e-07 0.00046875
1.71e-07 -0.0003125
1.711e-07 -0.000382813
1.712e-07 -3.57628e-10
1.713e-07 0.00025
1.714e-07 0.000148437
1.715e-07 -0.00015625
1.716e-07 -0.000289063
1.717e-07 -3.57628e-10
1.718e-07 0.000710937
1.719e-07 0.00161719
1.72e-07 0.00225781
1.721e-07 0.00234375
1.722e-07 0.002
1.723e-07 0.00142969
1.724e-07 0.000515625
1.725e-07 -0.0005625
1.726e-07 -0.000945313
1.727e-07 -3.57628e-10
1.728e-07 0.00184375
1.729e-07 0.00254687
1.73e-07 0.000804687
1.731e-07 -0.00221875
1.732e-07 -0.004
1.733e-07 -0.00275
1.734e-07 0.000398437
1.735e-07 0.003125
1.736e-07 0.00350781
1.737e-07 0.002
1.738e-07 0.000320312
1.739e-07 -0.000257813
1.74e-07 0.000460937
1.741e-07 0.0015625
1.742e-07 0.002
1.743e-07 0.00135937
1.744e-07 0.000328125
1.745e-07 -7.81254e-05
1.746e-07 0.00065625
1.747e-07 0.002
1.748e-07 0.00283594
1.749e-07 0.00254687
1.75e-07 0.0013125
1.751e-07 0.000171875
1.752e-07 -3.57628e-10
1.753e-07 0.00090625
1.754e-07 0.00184375
1.755e-07 0.00179687
1.756e-07 0.000828125
1.757e-07 -3.57628e-10
1.758e-07 0.000117187
1.759e-07 0.000226562
1.76e-07 -0.00059375
1.761e-07 -0.0018125
1.762e-07 -0.002
1.763e-07 -0.00034375
1.764e-07 0.00152344
1.765e-07 0.00189844
1.766e-07 0.000789062
1.767e-07 -3.57628e-10
1.768e-07 0.00102344
1.769e-07 0.00310937
1.77e-07 0.00446094
1.771e-07 0.00389844
1.772e-07 0.002
1.773e-07 0.000242187
1.774e-07 -0.00028125
1.775e-07 0.000476562
1.776e-07 0.00157812
1.777e-07 0.002
1.778e-07 0.00134375
1.779e-07 0.000320312
1.78e-07 -6.25004e-05
1.781e-07 0.000679687
1.782e-07 0.002
1.783e-07 0.00285937
1.784e-07 0.0025625
1.785e-07 0.00130469
1.786e-07 0.00015625
1.787e-07 -3.57628e-10
1.788e-07 0.000921875
1.789e-07 0.00185937
1.79e-07 0.00178125
1.791e-07 0.00078125
1.792e-07 -3.57628e-10
1.793e-07 0.00040625
1.794e-07 0.0015
1.795e-07 0.00222656
1.796e-07 0.00217969
1.797e-07 0.002
1.798e-07 0.00227344
1.799e-07 0.00228906
1.8e-07 0.00139062
1.801e-07 0.000210937
1.802e-07 -3.57628e-10
1.803e-07 0.00121875
1.804e-07 0.00214844
1.805e-07 0.00125
1.806e-07 -0.00084375
1.807e-07 -0.002
1.808e-07 -0.000773438
1.809e-07 0.00128906
1.81e-07 0.00209375
1.811e-07 0.00113281
1.812e-07 -3.57628e-10
1.813e-07 0.000335937
1.814e-07 0.00152344
1.815e-07 0.00210156
1.816e-07 0.00135156
1.817e-07 -3.57628e-10
1.818e-07 -0.00071875
1.819e-07 -0.000414063
1.82e-07 0.000421875
1.821e-07 0.000757812
1.822e-07 -3.57628e-10
1.823e-07 -0.00145313
1.824e-07 -0.00221875
1.825e-07 -0.00135938
1.826e-07 0.000554687
1.827e-07 0.002
1.828e-07 0.00185156
1.829e-07 0.000609375
1.83e-07 -0.000335938
1.831e-07 0.000203125
1.832e-07 0.002
1.833e-07 0.00357812
1.834e-07 0.00317969
1.835e-07 0.0003125
1.836e-07 -0.00292188
1.837e-07 -0.004
1.838e-07 -0.00192188
1.839e-07 0.00102344
1.84e-07 0.00217187
1.841e-07 0.00109375
1.842e-07 -3.57628e-10
1.843e-07 0.000820312
1.844e-07 0.00195312
1.845e-07 0.0013125
1.846e-07 -0.000804688
1.847e-07 -0.002
1.848e-07 -0.0005
1.849e-07 0.0015625
1.85e-07 0.00159375
1.851e-07 -0.0004375
1.852e-07 -0.002
1.853e-07 -0.000945313
1.854e-07 0.00121875
1.855e-07 0.00209375
1.856e-07 0.00109375
1.857e-07 -3.57628e-10
1.858e-07 0.000585937
1.859e-07 0.00171875
1.86e-07 0.00173437
1.861e-07 0.000625
1.862e-07 -3.57628e-10
1.863e-07 0.00096875
1.864e-07 0.002
1.865e-07 0.00138281
1.866e-07 -0.000625
1.867e-07 -0.002
1.868e-07 -0.00108594
1.869e-07 0.00107031
1.87e-07 0.0024375
1.871e-07 0.0018125
1.872e-07 -3.57628e-10
1.873e-07 -0.00146875
1.874e-07 -0.00207031
1.875e-07 -0.00186719
1.876e-07 -0.001125
1.877e-07 -3.57628e-10
1.878e-07 0.00125781
1.879e-07 0.00199219
1.88e-07 0.00178906
1.881e-07 0.000890625
1.882e-07 -3.57628e-10
1.883e-07 -0.00040625
1.884e-07 -0.000226563
1.885e-07 0.000210937
1.886e-07 0.000367187
1.887e-07 -3.57628e-10
1.888e-07 -0.000570313
1.889e-07 -0.000445313
1.89e-07 0.000664062
1.891e-07 0.00185937
1.892e-07 0.002
1.893e-07 0.000617187
1.894e-07 -0.00130469
1.895e-07 -0.00232031
1.896e-07 -0.00165625
1.897e-07 -3.57628e-10
1.898e-07 0.00124219
1.899e-07 0.000835937
1.9e-07 -0.00109375
1.901e-07 -0.00263281
1.902e-07 -0.002
1.903e-07 0.00090625
1.904e-07 0.00353906
1.905e-07 0.00360156
1.906e-07 0.0015
1.907e-07 -3.57628e-10
1.908e-07 0.00115625
1.909e-07 0.00333594
1.91e-07 0.00388281
1.911e-07 0.00211719
1.912e-07 -3.57628e-10
1.913e-07 -0.000421875
1.914e-07 -4.68754e-05
1.915e-07 -0.000429688
1.916e-07 -0.00158594
1.917e-07 -0.002
1.918e-07 -0.000476563
1.919e-07 0.00144531
1.92e-07 0.00196875
1.921e-07 0.000921875
1.922e-07 -3.57628e-10
1.923e-07 0.000648437
1.924e-07 0.00174219
1.925e-07 0.00175781
1.926e-07 0.000679687
1.927e-07 -3.57628e-10
1.928e-07 0.0008125
1.929e-07 0.00185156
1.93e-07 0.001625
1.931e-07 0.000414062
1.932e-07 -3.57628e-10
1.933e-07 0.00155469
1.934e-07 0.00352344
1.935e-07 0.00382031
1.936e-07 0.00208594
1.937e-07 -3.57628e-10
1.938e-07 -0.000632813
1.939e-07 -0.000265625
1.94e-07 -7.81286e-06
1.941e-07 -0.000164063
1.942e-07 -3.57628e-10
1.943e-07 0.00107812
1.944e-07 0.00196094
1.945e-07 0.00161719
1.946e-07 0.000445312
1.947e-07 -3.57628e-10
1.948e-07 0.00132031
1.949e-07 0.00328906
1.95e-07 0.00423437
1.951e-07 0.00347656
1.952e-07 0.002
1.953e-07 0.00101562
1.954e-07 0.000328125
1.955e-07 -0.000515625
1.956e-07 -0.000945313
1.957e-07 -3.57628e-10
1.958e-07 0.00240625
1.959e-07 0.00403906
1.96e-07 0.00320312
1.961e-07 0.0009375
1.962e-07 -3.57628e-10
1.963e-07 0.00184375
1.964e-07 0.00384375
1.965e-07 0.00315625
1.966e-07 0.000148437
1.967e-07 -0.002
1.968e-07 -0.000851563
1.969e-07 0.00139062
1.97e-07 0.00169531
1.971e-07 -0.0003125
1.972e-07 -0.002
1.973e-07 -0.000960938
1.974e-07 0.00125
1.975e-07 0.00201562
1.976e-07 0.000359375
1.977e-07 -0.002
1.978e-07 -0.00261719
1.979e-07 -0.0011875
1.98e-07 0.00110156
1.981e-07 0.00238281
1.982e-07 0.002
1.983e-07 0.000375
1.984e-07 -0.00142969
1.985e-07 -0.00225781
1.986e-07 -0.00158594
1.987e-07 -3.57628e-10
1.988e-07 0.00146094
1.989e-07 0.00209375
1.99e-07 0.00174219
1.991e-07 0.000851562
1.992e-07 -3.57628e-10
1.993e-07 -0.000429688
1.994e-07 -0.000289063
1.995e-07 0.000296875
1.996e-07 0.00109375
1.997e-07 0.002
1.998e-07 0.00275781
1.999e-07 0.00255469
2e-07 0.00115625
2.001e-07 -0.0001875
2.002e-07 -3.57628e-10
2.003e-07 0.00178906
2.004e-07 0.00258594
2.005e-07 0.0005625
2.006e-07 -0.00275
2.007e-07 -0.004
2.008e-07 -0.00124219
2.009e-07 0.00271094
2.01e-07 0.00421094
2.011e-07 0.00238281
2.012e-07 -3.57628e-10
2.013e-07 -2.34379e-05
2.014e-07 0.00138281
2.015e-07 0.00202344
2.016e-07 0.00108594
2.017e-07 -3.57628e-10
2.018e-07 0.000398437
2.019e-07 0.0015625
2.02e-07 0.00202344
2.021e-07 0.00120312
2.022e-07 -3.57628e-10
2.023e-07 -0.000460938
2.024e-07 -0.000234375
2.025e-07 0.000132812
2.026e-07 0.000179687
2.027e-07 -3.57628e-10
2.028e-07 -7.81254e-05
2.029e-07 -4.68754e-05
2.03e-07 3.12496e-05
2.031e-07 5.46871e-05
2.032e-07 -3.57628e-10
2.033e-07 -7.81254e-05
2.034e-07 -5.46879e-05
2.035e-07 8.59371e-05
2.036e-07 0.000164062
2.037e-07 -3.57628e-10
2.038e-07 -0.0003125
2.039e-07 -0.000273438
2.04e-07 0.000429687
2.041e-07 0.00141406
2.042e-07 0.002
2.043e-07 0.00164062
2.044e-07 0.000578125
2.045e-07 -0.000484375
2.046e-07 -0.000726563
2.047e-07 -3.57628e-10
2.048e-07 0.00117969
2.049e-07 0.00196875
2.05e-07 0.00177344
2.051e-07 0.00084375
2.052e-07 -3.57628e-10
2.053e-07 -0.000171875
2.054e-07 -3.90629e-05
2.055e-07 -0.000117188
2.056e-07 -0.000304688
2.057e-07 -3.57628e-10
2.058e-07 0.00109375
2.059e-07 0.00196094
2.06e-07 0.00164062
2.061e-07 0.00053125
2.062e-07 -3.57628e-10
2.063e-07 0.000835937
2.064e-07 0.00183594
2.065e-07 0.00171094
2.066e-07 0.000625
2.067e-07 -3.57628e-10
2.068e-07 0.000859375
2.069e-07 0.00191406
2.07e-07 0.00153906
2.071e-07 -0.000304688
2.072e-07 -0.002
2.073e-07 -0.00195313
2.074e-07 -0.000742188
2.075e-07 0.000460937
2.076e-07 0.00114062
2.077e-07 0.002
2.078e-07 0.00345312
2.079e-07 0.00424219
2.08e-07 0.00323437
2.081e-07 0.00119531
2.082e-07 -3.57628e-10
2.083e-07 0.000703125
2.084e-07 0.00185156
2.085e-07 0.00155469
2.086e-07 -0.000296875
2.087e-07 -0.002
2.088e-07 -0.00192969
2.089e-07 -0.000671875
2.09e-07 0.000351562
2.091e-07 0.000375
2.092e-07 -3.57628e-10
2.093e-07 0.000117187
2.094e-07 0.0001875
2.095e-07 -0.000453125
2.096e-07 -0.00150781
2.097e-07 -0.002
2.098e-07 -0.00127344
2.099e-07 -0.000296875
2.1e-07 -3.90629e-05
2.101e-07 -0.000320313
2.102e-07 -3.57628e-10
2.103e-07 0.0014375
2.104e-07 0.00228125
2.105e-07 0.00107812
2.106e-07 -0.00116406
2.107e-07 -0.002
2.108e-07 -0.000171875
2.109e-07 0.00178125
2.11e-07 0.00129687
2.111e-07 -0.00101563
2.112e-07 -0.002
2.113e-07 0.000359375
2.114e-07 0.00334375
2.115e-07 0.00354687
2.116e-07 0.000703125
2.117e-07 -0.002
2.118e-07 -0.00153906
2.119e-07 0.000875
2.12e-07 0.00245312
2.121e-07 0.00173437
2.122e-07 -3.57628e-10
2.123e-07 -0.000757813
2.124e-07 -0.000390625
2.125e-07 0.000234375
2.126e-07 0.000320312
2.127e-07 -3.57628e-10
2.128e-07 -0.000140625
2.129e-07 -7.81254e-05
2.13e-07 4.68746e-05
2.131e-07 8.59371e-05
2.132e-07 -3.57628e-10
2.133e-07 -0.000351563
2.134e-07 -0.00135156
2.135e-07 -0.00271875
2.136e-07 -0.00325
2.137e-07 -0.002
2.138e-07 0.000898437
2.139e-07 0.00346094
2.14e-07 0.003875
2.141e-07 0.00211719
2.142e-07 -3.57628e-10
2.143e-07 -0.000742188
2.144e-07 -0.00034375
2.145e-07 0.000117187
2.146e-07 5.46871e-05
2.147e-07 -3.57628e-10
2.148e-07 0.00065625
2.149e-07 0.00161719
2.15e-07 0.00214844
2.151e-07 0.00207812
2.152e-07 0.002
2.153e-07 0.00228125
2.154e-07 0.00228125
2.155e-07 0.00146094
2.156e-07 0.000351562
2.157e-07 -3.57628e-10
2.158e-07 0.00090625
2.159e-07 0.001875
2.16e-07 0.00167969
2.161e-07 0.000570312
2.162e-07 -3.57628e-10
2.163e-07 0.000820312
2.164e-07 0.00182812
2.165e-07 0.00172656
2.166e-07 0.000625
2.167e-07 -3.57628e-10
2.168e-07 0.00107812
2.169e-07 0.00316406
2.17e-07 0.00441406
2.171e-07 0.00325781
2.172e-07 -3.57628e-10
2.173e-07 -0.0035
2.174e-07 -0.00473438
2.175e-07 -0.00253125
2.176e-07 0.00135937
2.177e-07 0.004
2.178e-07 0.00351562
2.179e-07 0.0011875
2.18e-07 -0.000679688
2.181e-07 -0.000765625
2.182e-07 -3.57628e-10
2.183e-07 0.000140625
2.184e-07 -3.90629e-05
2.185e-07 0.000320312
2.186e-07 0.00128906
2.187e-07 0.002
2.188e-07 0.00157812
2.189e-07 0.000515625
2.19e-07 -0.000335938
2.191e-07 -0.000421875
2.192e-07 -3.57628e-10
2.193e-07 0.00034375
2.194e-07 0.00021875
2.195e-07 -0.000296875
2.196e-07 -0.0005625
2.197e-07 -3.57628e-10
2.198e-07 0.00129687
2.199e-07 0.00208594
2.2e-07 0.00150781
2.201e-07 0.000289062
2.202e-07 -3.57628e-10
2.203e-07 0.00125781
2.204e-07 0.0021875
2.205e-07 0.001125
2.206e-07 -0.00110938
2.207e-07 -0.002
2.208e-07 7.81214e-06
2.209e-07 0.00300781
2.21e-07 0.00419531
2.211e-07 0.00257812
2.212e-07 -3.57628e-10
2.213e-07 -0.00113281
2.214e-07 -0.000601563
2.215e-07 0.000460937
2.216e-07 0.000742187
2.217e-07 -3.57628e-10
2.218e-07 -0.00109375
2.219e-07 -0.00189844
2.22e-07 -0.00192188
2.221e-07 -0.00115625
2.222e-07 -3.57628e-10
2.223e-07 0.00103125
2.224e-07 0.00175781
2.225e-07 0.00221875
2.226e-07 0.00232812
2.227e-07 0.002
2.228e-07 0.0011875
2.229e-07 0.0003125
2.23e-07 -0.0001875
2.231e-07 -0.0001875
2.232e-07 -3.57628e-10
2.233e-07 1.56246e-05
2.234e-07 -7.81286e-06
2.235e-07 5.46871e-05
2.236e-07 0.000117187
2.237e-07 -3.57628e-10
2.238e-07 -0.00028125
2.239e-07 -0.000257813
2.24e-07 0.000414062
2.241e-07 0.00138281
2.242e-07 0.002
2.243e-07 0.00176562
2.244e-07 0.000679687
2.245e-07 -0.000648438
2.246e-07 -0.00103906
2.247e-07 -3.57628e-10
2.248e-07 0.00180469
2.249e-07 0.00246875
