-2.5e-08 0.00025
-2.49e-08 0.00115625
-2.48e-08 0.002
-2.47e-08 0.00184375
-2.46e-08 0.000703125
-2.45e-08 -0.000617187
-2.44e-08 -0.000960937
-2.43e-08 1.3411e-10
-2.42e-08 0.00157813
-2.41e-08 0.00229688
-2.4e-08 0.00123438
-2.39e-08 -0.000789062
-2.38e-08 -0.002
-2.37e-08 -0.0011875
-2.36e-08 0.000921875
-2.35e-08 0.00275
-2.34e-08 0.003
-2.33e-08 0.002
-2.32e-08 0.000820313
-2.31e-08 0.000125
-2.3e-08 -8.59374e-05
-2.29e-08 -6.24999e-05
-2.28e-08 1.3411e-10
-2.27e-08 1.56251e-05
-2.26e-08 -3.90624e-05
-2.25e-08 6.25001e-05
-2.24e-08 0.000703125
-2.23e-08 0.002
-2.22e-08 0.0033125
-2.21e-08 0.00302344
-2.2e-08 0.000445313
-2.19e-08 -0.00267969
-2.18e-08 -0.004
-2.17e-08 -0.00248437
-2.16e-08 -0.000476562
-2.15e-08 -0.00028125
-2.14e-08 -0.00163281
-2.13e-08 -0.002
-2.12e-08 0.00040625
-2.11e-08 0.0033125
-2.1e-08 0.00373438
-2.09e-08 0.00111719
-2.08e-08 -0.002
-2.07e-08 -0.00276562
-2.06e-08 -0.00122656
-2.05e-08 0.00100781
-2.04e-08 0.00213281
-2.03e-08 0.002
-2.02e-08 0.0015
-2.01e-08 0.00164844
-2e-08 0.0025
-1.99e-08 0.00298438
-1.98e-08 0.002
-1.97e-08 -0.000429687
-1.96e-08 -0.00210156
-1.95e-08 -0.00114062
-1.94e-08 0.00176563
-1.93e-08 0.004
-1.92e-08 0.0034375
-1.91e-08 0.00115625
-1.9e-08 -0.000671875
-1.89e-08 -0.000757812
-1.88e-08 1.3411e-10
-1.87e-08 0.000179688
-1.86e-08 -7.81237e-06
-1.85e-08 0.000234375
-1.84e-08 0.00110938
-1.83e-08 0.002
-1.82e-08 0.00220313
-1.81e-08 0.00207031
-1.8e-08 0.00202344
-1.79e-08 0.00210938
-1.78e-08 0.002
-1.77e-08 0.001375
-1.76e-08 0.0004375
-1.75e-08 -0.00034375
-1.74e-08 -0.00046875
-1.73e-08 1.3411e-10
-1.72e-08 0.000539063
-1.71e-08 0.000414063
-1.7e-08 -0.000609375
-1.69e-08 -0.00175
-1.68e-08 -0.002
-1.67e-08 -0.00078125
-1.66e-08 0.00114063
-1.65e-08 0.00257813
-1.64e-08 0.00274219
-1.63e-08 0.002
-1.62e-08 0.001125
-1.61e-08 0.000328125
-1.6e-08 -0.000351562
-1.59e-08 -0.000570312
-1.58e-08 1.3411e-10
-1.57e-08 0.00117969
-1.56e-08 0.00198438
-1.55e-08 0.0016875
-1.54e-08 0.000640625
-1.53e-08 1.3411e-10
-1.52e-08 0.000484375
-1.51e-08 0.00157031
-1.5e-08 0.00217969
-1.49e-08 0.00155469
-1.48e-08 1.3411e-10
-1.47e-08 -0.00149219
-1.46e-08 -0.002125
-1.45e-08 -0.0016875
-1.44e-08 -0.000726562
-1.43e-08 1.3411e-10
-1.42e-08 0.000140625
-1.41e-08 -7.81237e-06
-1.4e-08 0.000132813
-1.39e-08 0.000875
-1.38e-08 0.002
-1.37e-08 0.00278125
-1.36e-08 0.00253906
-1.35e-08 0.00125781
-1.34e-08 4.68751e-05
-1.33e-08 1.3411e-10
-1.32e-08 0.0011875
-1.31e-08 0.00210156
-1.3e-08 0.00136719
-1.29e-08 -0.000585937
-1.28e-08 -0.002
-1.27e-08 -0.00160937
-1.26e-08 -0.000421875
-1.25e-08 -1.56249e-05
-1.24e-08 -0.000898437
-1.23e-08 -0.002
-1.22e-08 -0.00186719
-1.21e-08 -0.000695312
-1.2e-08 0.000507813
-1.19e-08 0.000734375
-1.18e-08 1.3411e-10
-1.17e-08 -0.00101562
-1.16e-08 -0.00183594
-1.15e-08 -0.00203906
-1.14e-08 -0.00138281
-1.13e-08 1.3411e-10
-1.12e-08 0.00149219
-1.11e-08 0.00215625
-1.1e-08 0.00154688
-1.09e-08 0.000421875
-1.08e-08 1.3411e-10
-1.07e-08 0.00078125
-1.06e-08 0.00178906
-1.05e-08 0.00182813
-1.04e-08 0.000875
-1.03e-08 1.3411e-10
-1.02e-08 3.12501e-05
-1.01e-08 0.000171875
-1e-08 -0.00053125
-9.9e-09 -0.00169531
-9.8e-09 -0.002
-9.7e-09 -0.000554687
-9.6e-09 0.001375
-9.5e-09 0.00213281
-9.4e-09 0.00128125
-9.3e-09 1.3411e-10
-9.2e-09 -0.000367187
-9.1e-09 -0.000140625
-9e-09 -6.24999e-05
-8.9e-09 -0.000234375
-8.8e-09 1.3411e-10
-8.7e-09 0.00103906
-8.6e-09 0.00192188
-8.5e-09 0.00169531
-8.4e-09 0.000640625
-8.3e-09 1.3411e-10
-8.2e-09 0.000609375
-8.1e-09 0.00167188
-8e-09 0.00197656
-7.9e-09 0.00114063
-7.8e-09 1.3411e-10
-7.7e-09 -0.000460937
-7.6e-09 -0.000226562
-7.5e-09 0.000117188
-7.4e-09 0.000148438
-7.3e-09 1.3411e-10
-7.2e-09 1.56251e-05
-7.1e-09 3.12501e-05
-7e-09 -0.000125
-6.9e-09 -0.00025
-6.8e-09 1.3411e-10
-6.7e-09 0.000554688
-6.6e-09 0.000453125
-6.5e-09 -0.000765625
-6.4e-09 -0.00207031
-6.3e-09 -0.002
-6.2e-09 -9.37499e-05
-6.1e-09 0.00173438
-6e-09 0.00157813
-5.9e-09 -0.000367187
-5.8e-09 -0.002
-5.7e-09 -0.00157812
-5.6e-09 -0.000367187
-5.5e-09 -0.000171875
-5.4e-09 -0.00121875
-5.3e-09 -0.002
-5.2e-09 -0.00116406
-5.1e-09 -0.000125
-5e-09 -0.0004375
-4.9e-09 -0.00172656
-4.8e-09 -0.002
-4.7e-09 7.81251e-05
-4.6e-09 0.00296094
-4.5e-09 0.00439063
-4.4e-09 0.00357813
-4.3e-09 0.002
-4.2e-09 0.00136719
-4.1e-09 0.00174219
-4e-09 0.00204688
-3.9e-09 0.00140625
-3.8e-09 1.3411e-10
-3.7e-09 -0.00125781
-3.6e-09 -0.00195312
-3.5e-09 -0.00196875
-3.4e-09 -0.00125781
-3.3e-09 1.3411e-10
-3.2e-09 0.00103125
-3.1e-09 0.000679688
-3e-09 -0.0009375
-2.9e-09 -0.00182812
-2.8e-09 1.3411e-10
-2.7e-09 0.00473438
-2.6e-09 0.00917969
-2.5e-09 0.009625
-2.4e-09 0.00504688
-2.3e-09 -0.002
-2.2e-09 -0.0076875
-2.1e-09 -0.01025
-2e-09 -0.00928125
-1.9e-09 -0.0055
-1.8e-09 1.3411e-10
-1.7e-09 0.0058125
-1.6e-09 0.00949219
-1.5e-09 0.0096875
-1.4e-09 0.00757813
-1.3e-09 0.006
-1.2e-09 0.0064375
-1.1e-09 0.00769531
-1e-09 0.00770313
-9e-10 0.006
-8e-10 0.004
-7e-10 0.00299219
-6e-10 0.00246094
-5e-10 0.00110156
-4e-10 -0.000859375
-3e-10 -0.002
-2e-10 -0.00128125
-1e-10 -0.000203125
0 -0.00028125
1e-10 -0.00139844
2e-10 -0.002
3e-10 -0.000960937
4e-10 4.68751e-05
5e-10 -0.000664062
6e-10 -0.00270312
7e-10 -0.004
8e-10 -0.00289063
9e-10 -0.00078125
1e-09 0.000203125
1.1e-09 -0.00065625
1.2e-09 -0.002
1.3e-09 -0.00228906
1.4e-09 -0.00203125
1.5e-09 -0.00227344
1.6e-09 -0.00321094
1.7e-09 -0.004
1.8e-09 -0.00367188
1.9e-09 -0.00257812
2e-09 -0.00160156
2.1e-09 -0.00146875
2.2e-09 -0.002
2.3e-09 -0.00253906
2.4e-09 -0.00239844
2.5e-09 -0.00144531
2.6e-09 -0.000367187
2.7e-09 1.3411e-10
2.8e-09 -0.000671875
2.9e-09 -0.00164062
3e-09 -0.00215625
3.1e-09 -0.00207031
3.2e-09 -0.002
3.3e-09 -0.00263281
3.4e-09 -0.00364063
3.5e-09 -0.00415625
3.6e-09 -0.00353906
3.7e-09 -0.002
3.8e-09 -0.000335937
3.9e-09 0.000304688
4e-09 -0.000671875
4.1e-09 -0.00253906
4.2e-09 -0.004
4.3e-09 -0.00417969
4.4e-09 -0.00403125
4.5e-09 -0.00425781
4.6e-09 -0.00407031
4.7e-09 -0.002
4.8e-09 0.00196875
4.9e-09 0.00432813
5e-09 0.0024375
5.1e-09 -0.00186719
5.2e-09 -0.004
5.3e-09 -0.00121875
5.4e-09 0.002875
5.5e-09 0.00369531
5.6e-09 0.000726563
5.7e-09 -0.002
5.8e-09 -0.000929687
5.9e-09 0.00141406
6e-09 0.00142969
6.1e-09 -0.00090625
6.2e-09 -0.002
6.3e-09 0.000765625
6.4e-09 0.00372656
6.5e-09 0.00285156
6.6e-09 -0.00126562
6.7e-09 -0.004
6.8e-09 -0.00177344
6.9e-09 0.00246875
7e-09 0.00428125
7.1e-09 0.00239844
7.2e-09 1.3411e-10
7.3e-09 0.000554688
7.4e-09 0.00292969
7.5e-09 0.00433594
7.6e-09 0.00349219
7.7e-09 0.002
7.8e-09 0.00178906
7.9e-09 0.00205469
8e-09 0.00149219
8.1e-09 0.0003125
8.2e-09 1.3411e-10
8.3e-09 0.00132813
8.4e-09 0.00224219
8.5e-09 0.00105469
8.6e-09 -0.00124219
8.7e-09 -0.002
8.8e-09 0.000328125
8.9e-09 0.00324219
9e-09 0.00382031
9.1e-09 0.00182813
9.2e-09 1.3411e-10
9.3e-09 0.000851563
9.4e-09 0.00309375
9.5e-09 0.00421875
9.6e-09 0.00332031
9.7e-09 0.002
9.8e-09 0.00189063
9.9e-09 0.00211719
1e-08 0.00142188
1.01e-08 0.000164063
1.02e-08 1.3411e-10
1.03e-08 0.00182813
1.04e-08 0.00375
1.05e-08 0.0035
1.06e-08 0.00090625
1.07e-08 -0.002
1.08e-08 -0.00304688
1.09e-08 -0.00254687
1.1e-08 -0.00167187
1.11e-08 -0.00100781
1.12e-08 1.3411e-10
1.13e-08 0.00167969
1.14e-08 0.00239844
1.15e-08 0.000992188
1.16e-08 -0.00127344
1.17e-08 -0.002
1.18e-08 -0.000125
1.19e-08 0.00183594
1.2e-08 0.00124219
1.21e-08 -0.00164844
1.22e-08 -0.004
1.23e-08 -0.00335938
1.24e-08 -0.00102344
1.25e-08 0.000367188
1.26e-08 -0.000414062
1.27e-08 -0.002
1.28e-08 -0.00247656
1.29e-08 -0.0021875
1.3e-08 -0.00208594
1.31e-08 -0.00230469
1.32e-08 -0.002
1.33e-08 -0.0006875
1.34e-08 0.000171875
1.35e-08 -0.000695312
1.36e-08 -0.0026875
1.37e-08 -0.004
1.38e-08 -0.00345313
1.39e-08 -0.0023125
1.4e-08 -0.00215625
1.41e-08 -0.0031875
1.42e-08 -0.004
1.43e-08 -0.00310156
1.44e-08 -0.00103906
1.45e-08 0.00071875
1.46e-08 0.000960938
1.47e-08 1.3411e-10
1.48e-08 -0.00116406
1.49e-08 -0.00192187
1.5e-08 -0.00195312
1.51e-08 -0.00123437
1.52e-08 1.3411e-10
1.53e-08 0.00126563
1.54e-08 0.00199219
1.55e-08 0.00179688
1.56e-08 0.000921875
1.57e-08 1.3411e-10
1.58e-08 -0.0004375
1.59e-08 -0.000289062
1.6e-08 0.000304688
1.61e-08 0.00110938
1.62e-08 0.002
1.63e-08 0.00270313
1.64e-08 0.00251563
1.65e-08 0.00122656
1.66e-08 -7.03124e-05
1.67e-08 1.3411e-10
1.68e-08 0.00176563
1.69e-08 0.00357813
1.7e-08 0.00385938
1.71e-08 0.00275781
1.72e-08 0.002
1.73e-08 0.00275781
1.74e-08 0.00385156
1.75e-08 0.00359375
1.76e-08 0.00179688
1.77e-08 1.3411e-10
1.78e-08 -0.000109375
1.79e-08 0.00119531
1.8e-08 0.00254688
1.81e-08 0.00275781
1.82e-08 0.002
1.83e-08 0.00108594
1.84e-08 0.00025
1.85e-08 -0.000210937
1.86e-08 0.00028125
1.87e-08 0.002
1.88e-08 0.00423438
1.89e-08 0.00478906
1.9e-08 0.00251563
1.91e-08 -0.000726562
1.92e-08 -0.002
1.93e-08 0.000109375
1.94e-08 0.00311719
1.95e-08 0.0039375
1.96e-08 0.00203906
1.97e-08 1.3411e-10
1.98e-08 0.000265625
1.99e-08 0.00157813
2e-08 0.00176563
2.01e-08 0.000601563
2.02e-08 1.3411e-10
2.03e-08 0.00132813
2.04e-08 0.00232813
2.05e-08 0.000804688
2.06e-08 -0.00232812
2.07e-08 -0.004
2.08e-08 -0.00211719
2.09e-08 0.000984375
2.1e-08 0.00209375
2.11e-08 0.000328125
2.12e-08 -0.002
2.13e-08 -0.00224219
2.14e-08 -0.000851562
2.15e-08 0.000492188
2.16e-08 0.00059375
2.17e-08 1.3411e-10
2.18e-08 -0.000195312
2.19e-08 -3.12499e-05
2.2e-08 -0.000132812
2.21e-08 -0.000882812
2.22e-08 -0.002
2.23e-08 -0.0028125
2.24e-08 -0.00261719
2.25e-08 -0.00115625
2.26e-08 0.000742188
2.27e-08 0.002
2.28e-08 0.00188281
2.29e-08 0.000742188
2.3e-08 -0.000640625
2.31e-08 -0.00153906
2.32e-08 -0.002
2.33e-08 -0.00228125
2.34e-08 -0.00222656
2.35e-08 -0.00166406
2.36e-08 -0.000789062
2.37e-08 1.3411e-10
2.38e-08 0.000335938
2.39e-08 0.0001875
2.4e-08 -0.000195312
2.41e-08 -0.000328125
2.42e-08 1.3411e-10
2.43e-08 0.0005625
2.44e-08 0.000445313
2.45e-08 -0.00071875
2.46e-08 -0.00197656
2.47e-08 -0.002
2.48e-08 -0.000320312
2.49e-08 0.00153125
2.5e-08 0.00190625
2.51e-08 0.000835938
2.52e-08 1.3411e-10
2.53e-08 0.000726563
2.54e-08 0.00179688
2.55e-08 0.00167188
2.56e-08 0.000515625
2.57e-08 1.3411e-10
2.58e-08 0.00114844
2.59e-08 0.00214063
2.6e-08 0.00114844
2.61e-08 -0.00107812
2.62e-08 -0.002
2.63e-08 6.25001e-05
2.64e-08 0.00305469
2.65e-08 0.00410156
2.66e-08 0.00239844
2.67e-08 1.3411e-10
2.68e-08 -0.000757812
2.69e-08 -0.000320312
2.7e-08 -1.56249e-05
2.71e-08 -0.00021875
2.72e-08 1.3411e-10
2.73e-08 0.00135156
2.74e-08 0.00221875
2.75e-08 0.00117188
2.76e-08 -0.000976562
2.77e-08 -0.002
2.78e-08 -0.000546875
2.79e-08 0.00145313
2.8e-08 0.00186719
2.81e-08 0.000679688
2.82e-08 1.3411e-10
2.83e-08 0.00144531
2.84e-08 0.00346875
2.85e-08 0.00382813
2.86e-08 0.00205469
2.87e-08 1.3411e-10
2.88e-08 -0.000289062
2.89e-08 0.00108594
2.9e-08 0.0026875
2.91e-08 0.00301563
2.92e-08 0.002
2.93e-08 0.000578125
2.94e-08 -0.000117187
2.95e-08 0.000382813
2.96e-08 0.00145313
2.97e-08 0.002
2.98e-08 0.00142188
2.99e-08 0.000367188
3e-08 -9.37499e-05
3.01e-08 0.000617188
3.02e-08 0.002
3.03e-08 0.00292969
3.04e-08 0.002625
3.05e-08 0.00120313
3.06e-08 -4.68749e-05
3.07e-08 1.3411e-10
3.08e-08 0.00135156
3.09e-08 0.00221875
3.1e-08 0.00117969
3.11e-08 -0.000953125
3.12e-08 -0.002
3.13e-08 -0.00059375
3.14e-08 0.00142969
3.15e-08 0.00185156
3.16e-08 0.000640625
3.17e-08 1.3411e-10
3.18e-08 0.00158594
3.19e-08 0.00358594
3.2e-08 0.00360938
3.21e-08 0.001625
3.22e-08 1.3411e-10
3.23e-08 0.000625
3.24e-08 0.00185156
3.25e-08 0.00141406
3.26e-08 -0.000601562
3.27e-08 -0.002
3.28e-08 -0.00115625
3.29e-08 -1.56249e-05
3.3e-08 -0.000734375
3.31e-08 -0.00291406
3.32e-08 -0.004
3.33e-08 -0.00205469
3.34e-08 0.000976563
3.35e-08 0.00221875
3.36e-08 0.000617188
3.37e-08 -0.002
3.38e-08 -0.00313281
3.39e-08 -0.00264062
3.4e-08 -0.0015
3.41e-08 -0.000640625
3.42e-08 1.3411e-10
3.43e-08 0.000664063
3.44e-08 0.000507813
3.45e-08 -0.000820312
3.46e-08 -0.00217969
3.47e-08 -0.002
3.48e-08 6.25001e-05
3.49e-08 0.00184375
3.5e-08 0.0014375
3.51e-08 -0.000648437
3.52e-08 -0.002
3.53e-08 -0.000890625
3.54e-08 0.00122656
3.55e-08 0.00213281
3.56e-08 0.00117188
3.57e-08 1.3411e-10
3.58e-08 0.000367188
3.59e-08 0.00155469
3.6e-08 0.00201563
3.61e-08 0.00116406
3.62e-08 1.3411e-10
3.63e-08 -0.0003125
3.64e-08 -0.000109375
3.65e-08 -9.37499e-05
3.66e-08 -0.00028125
3.67e-08 1.3411e-10
3.68e-08 0.00109375
3.69e-08 0.00196094
3.7e-08 0.00164063
3.71e-08 0.00053125
3.72e-08 1.3411e-10
3.73e-08 0.000859375
3.74e-08 0.00185938
3.75e-08 0.00166406
3.76e-08 0.000523438
3.77e-08 1.3411e-10
3.78e-08 0.00105469
3.79e-08 0.0020625
3.8e-08 0.00129688
3.81e-08 -0.000773437
3.82e-08 -0.002
3.83e-08 -0.000773437
3.84e-08 0.00130469
3.85e-08 0.00204688
3.86e-08 0.00102344
3.87e-08 1.3411e-10
3.88e-08 0.000648438
3.89e-08 0.00176563
3.9e-08 0.00166406
3.91e-08 0.000484375
3.92e-08 1.3411e-10
3.93e-08 0.00132031
3.94e-08 0.00226563
3.95e-08 0.000921875
3.96e-08 -0.00152344
3.97e-08 -0.002
3.98e-08 0.000992188
3.99e-08 0.00382031
4e-08 0.00285938
4.01e-08 -0.00117969
4.02e-08 -0.004
4.03e-08 -0.00232031
4.04e-08 0.000960938
4.05e-08 0.00184375
4.06e-08 -0.000289062
4.07e-08 -0.002
4.08e-08 -0.00015625
4.09e-08 0.00299219
4.1e-08 0.00396875
4.11e-08 0.00204688
4.12e-08 1.3411e-10
4.13e-08 0.000414063
4.14e-08 0.00173438
4.15e-08 0.00150781
4.16e-08 -0.000476562
4.17e-08 -0.002
4.18e-08 -0.0010625
4.19e-08 0.00110938
4.2e-08 0.0023125
4.21e-08 0.00153906
4.22e-08 1.3411e-10
4.23e-08 -0.000601562
4.24e-08 -0.000296875
4.25e-08 0.000132813
4.26e-08 0.000140625
4.27e-08 1.3411e-10
4.28e-08 0.000140625
4.29e-08 0.000132813
4.3e-08 -0.000296875
4.31e-08 -0.00059375
4.32e-08 1.3411e-10
4.33e-08 0.00145313
4.34e-08 0.00225
4.35e-08 0.00121094
4.36e-08 -0.000867187
4.37e-08 -0.002
4.38e-08 -0.000867187
4.39e-08 0.00121094
4.4e-08 0.00224219
4.41e-08 0.00145313
4.42e-08 1.3411e-10
4.43e-08 -0.000789062
4.44e-08 -0.00148437
4.45e-08 -0.00282813
4.46e-08 -0.00414063
4.47e-08 -0.004
4.48e-08 -0.00165625
4.49e-08 0.00110156
4.5e-08 0.00228125
4.51e-08 0.00139844
4.52e-08 1.3411e-10
4.53e-08 -0.00034375
4.54e-08 -6.24999e-05
4.55e-08 -0.000257812
4.56e-08 -0.00120312
4.57e-08 -0.002
4.58e-08 -0.00161719
4.59e-08 -0.000570312
4.6e-08 0.00034375
4.61e-08 0.000992188
4.62e-08 0.002
4.63e-08 0.00329688
4.64e-08 0.00305469
4.65e-08 0.000304688
4.66e-08 -0.00302344
4.67e-08 -0.004
4.68e-08 -0.00121875
4.69e-08 0.0026875
4.7e-08 0.00433594
4.71e-08 0.00267188
4.72e-08 1.3411e-10
4.73e-08 -0.00101562
4.74e-08 -0.000484375
4.75e-08 0.000195313
4.76e-08 0.000171875
4.77e-08 1.3411e-10
4.78e-08 0.000648438
4.79e-08 0.00166406
4.8e-08 0.0020625
4.81e-08 0.00135156
4.82e-08 1.3411e-10
4.83e-08 -0.00122656
4.84e-08 -0.00194531
4.85e-08 -0.00192969
4.86e-08 -0.00119531
4.87e-08 1.3411e-10
4.88e-08 0.00122656
4.89e-08 0.00196094
4.9e-08 0.00185156
4.91e-08 0.00103125
4.92e-08 1.3411e-10
4.93e-08 -0.000648437
4.94e-08 -0.0004375
4.95e-08 0.000546875
4.96e-08 0.00158594
4.97e-08 0.002
4.98e-08 0.00153906
4.99e-08 0.000523438
5e-08 -0.000453125
5.01e-08 -0.000664062
5.02e-08 1.3411e-10
5.03e-08 0.0009375
5.04e-08 0.000695313
5.05e-08 -0.00107031
5.06e-08 -0.00264844
5.07e-08 -0.002
5.08e-08 0.00119531
5.09e-08 0.0038125
5.1e-08 0.003125
5.11e-08 -7.81237e-06
5.12e-08 -0.002
5.13e-08 -0.00028125
5.14e-08 0.00290625
5.15e-08 0.004125
5.16e-08 0.00235156
5.17e-08 1.3411e-10
5.18e-08 -0.0001875
5.19e-08 0.00125
5.2e-08 0.00228906
5.21e-08 0.001625
5.22e-08 1.3411e-10
5.23e-08 -0.001
5.24e-08 -0.00065625
5.25e-08 0.00078125
5.26e-08 0.002
5.27e-08 0.002
5.28e-08 0.00075
5.29e-08 -0.000101562
5.3e-08 0.000601563
5.31e-08 0.00196875
5.32e-08 0.002
5.33e-08 -0.000195312
5.34e-08 -0.00202344
5.35e-08 -0.00107031
5.36e-08 0.00196875
5.37e-08 0.004
5.38e-08 0.00257813
5.39e-08 -0.000625
5.4e-08 -0.00264062
5.41e-08 -0.00192969
5.42e-08 1.3411e-10
5.43e-08 0.000648438
5.44e-08 -0.000757812
5.45e-08 -0.00324219
5.46e-08 -0.0046875
5.47e-08 -0.004
5.48e-08 -0.00147656
5.49e-08 0.00117969
5.5e-08 0.00229688
5.51e-08 0.00148438
5.52e-08 1.3411e-10
5.53e-08 -0.000640625
5.54e-08 -0.000320312
5.55e-08 0.000164063
5.56e-08 0.000203125
5.57e-08 1.3411e-10
5.58e-08 3.12501e-05
5.59e-08 5.46876e-05
5.6e-08 -0.0001875
5.61e-08 -0.000382812
5.62e-08 1.3411e-10
5.63e-08 0.000851563
5.64e-08 0.00071875
5.65e-08 -0.0011875
5.66e-08 -0.00347656
5.67e-08 -0.004
5.68e-08 -0.00174219
5.69e-08 0.00110156
5.7e-08 0.00214063
5.71e-08 0.00107031
5.72e-08 1.3411e-10
5.73e-08 0.000726563
5.74e-08 0.001875
5.75e-08 0.00146875
5.76e-08 -0.000492187
5.77e-08 -0.002
5.78e-08 -0.00122656
5.79e-08 0.0009375
5.8e-08 0.00261719
5.81e-08 0.00269531
5.82e-08 0.002
5.83e-08 0.00173438
5.84e-08 0.00192969
5.85e-08 0.00189844
5.86e-08 0.00117188
5.87e-08 1.3411e-10
5.88e-08 -0.00103906
5.89e-08 -0.0018125
5.9e-08 -0.00213281
5.91e-08 -0.00158594
5.92e-08 1.3411e-10
5.93e-08 0.002
5.94e-08 0.0025625
5.95e-08 0.000875
5.96e-08 -0.00146875
5.97e-08 -0.002
5.98e-08 0.000335938
5.99e-08 0.00322656
6e-08 0.00390625
6.01e-08 0.00203906
6.02e-08 1.3411e-10
6.03e-08 6.25001e-05
6.04e-08 0.00141406
6.05e-08 0.0020625
6.06e-08 0.00119531
6.07e-08 1.3411e-10
6.08e-08 -0.000132812
6.09e-08 7.81251e-05
6.1e-08 -0.000453125
6.11e-08 -0.0015625
6.12e-08 -0.002
6.13e-08 -0.000984375
6.14e-08 -3.90624e-05
6.15e-08 -0.000460937
6.16e-08 -0.00171875
6.17e-08 -0.002
6.18e-08 -0.000273437
6.19e-08 0.00163281
6.2e-08 0.00167188
6.21e-08 -0.000234375
6.22e-08 -0.002
6.23e-08 -0.00151562
6.24e-08 0.000742188
6.25e-08 0.00290625
6.26e-08 0.00327344
6.27e-08 0.002
6.28e-08 0.000179688
6.29e-08 -0.00147656
6.3e-08 -0.00239844
6.31e-08 -0.00194531
6.32e-08 1.3411e-10
6.33e-08 0.00264844
6.34e-08 0.00411719
6.35e-08 0.0033125
6.36e-08 0.00123438
6.37e-08 1.3411e-10
6.38e-08 0.000703125
6.39e-08 0.00185156
6.4e-08 0.00155469
6.41e-08 -0.000296875
6.42e-08 -0.002
6.43e-08 -0.00184375
6.44e-08 -0.000601562
6.45e-08 0.000203125
6.46e-08 5.46876e-05
6.47e-08 1.3411e-10
6.48e-08 0.00102344
6.49e-08 0.00194531
6.5e-08 0.00157031
6.51e-08 0.000359375
6.52e-08 1.3411e-10
6.53e-08 0.00132031
6.54e-08 0.00225781
6.55e-08 0.000976563
6.56e-08 -0.00141406
6.57e-08 -0.002
6.58e-08 0.000695313
6.59e-08 0.0035625
6.6e-08 0.00326563
6.61e-08 0.0001875
6.62e-08 -0.002
6.63e-08 -0.000578125
6.64e-08 0.00165625
6.65e-08 0.0011875
6.66e-08 -0.00190625
6.67e-08 -0.004
6.68e-08 -0.00216406
6.69e-08 0.00100781
6.7e-08 0.00189063
6.71e-08 -0.000125
6.72e-08 -0.002
6.73e-08 -0.000890625
6.74e-08 0.00134375
6.75e-08 0.00178125
6.76e-08 -0.000117187
6.77e-08 -0.002
6.78e-08 -0.00161719
6.79e-08 -0.000367187
6.8e-08 -0.00025
6.81e-08 -0.00142187
6.82e-08 -0.002
6.83e-08 -0.000539062
6.84e-08 0.00146875
6.85e-08 0.00188281
6.86e-08 0.000171875
6.87e-08 -0.002
6.88e-08 -0.00253906
6.89e-08 -0.00114844
6.9e-08 0.00107813
6.91e-08 0.00235156
6.92e-08 0.002
6.93e-08 0.000429688
6.94e-08 -0.001375
6.95e-08 -0.00236719
6.96e-08 -0.00180469
6.97e-08 1.3411e-10
6.98e-08 0.0019375
6.99e-08 0.00245313
7e-08 0.001125
7.01e-08 -0.000375
7.02e-08 1.3411e-10
7.03e-08 0.00255469
7.04e-08 0.00425781
7.05e-08 0.00270313
7.06e-08 -0.00065625
7.07e-08 -0.002
7.08e-08 0.000742188
7.09e-08 0.00371875
7.1e-08 0.00282031
7.11e-08 -0.00132812
7.12e-08 -0.004
7.13e-08 -0.00158594
7.14e-08 0.00264844
7.15e-08 0.00395313
7.16e-08 0.0011875
7.17e-08 -0.002
7.18e-08 -0.00167969
7.19e-08 0.000820313
7.2e-08 0.00239063
7.21e-08 0.0015625
7.22e-08 1.3411e-10
7.23e-08 -0.000226562
7.24e-08 5.46876e-05
7.25e-08 -0.000507812
7.26e-08 -0.00171875
7.27e-08 -0.002
7.28e-08 -0.000382812
7.29e-08 0.00154688
7.3e-08 0.00183594
7.31e-08 0.000117188
7.32e-08 -0.002
7.33e-08 -0.00275781
7.34e-08 -0.00236719
7.35e-08 -0.00180469
7.36e-08 -0.00175781
7.37e-08 -0.002
7.38e-08 -0.00192969
7.39e-08 -0.00191406
7.4e-08 -0.00222656
7.41e-08 -0.0025
7.42e-08 -0.002
7.43e-08 -0.000375
7.44e-08 0.00139063
7.45e-08 0.00225781
7.46e-08 0.00214063
7.47e-08 0.002
7.48e-08 0.00239063
7.49e-08 0.00238281
7.5e-08 0.00121875
7.51e-08 -0.00015625
7.52e-08 1.3411e-10
7.53e-08 0.00215625
7.54e-08 0.00397656
7.55e-08 0.00315625
7.56e-08 0.00021875
7.57e-08 -0.002
7.58e-08 -0.00128125
7.59e-08 0.00100781
7.6e-08 0.00235938
7.61e-08 0.00158594
7.62e-08 1.3411e-10
7.63e-08 -0.000492187
7.64e-08 -0.000195312
7.65e-08 -7.81249e-05
7.66e-08 -0.000289062
7.67e-08 1.3411e-10
7.68e-08 0.00125781
7.69e-08 0.00208594
7.7e-08 0.00142188
7.71e-08 9.37501e-05
7.72e-08 1.3411e-10
7.73e-08 0.0019375
7.74e-08 0.00382813
7.75e-08 0.00336719
7.76e-08 0.000640625
7.77e-08 -0.002
7.78e-08 -0.00227344
7.79e-08 -0.000851562
7.8e-08 0.000460938
7.81e-08 0.000515625
7.82e-08 1.3411e-10
7.83e-08 1.56251e-05
7.84e-08 8.59376e-05
7.85e-08 -0.000328125
7.86e-08 -0.00071875
7.87e-08 1.3411e-10
7.88e-08 0.00213281
7.89e-08 0.00385156
7.9e-08 0.0035
7.91e-08 0.00152344
7.92e-08 1.3411e-10
7.93e-08 0.0004375
7.94e-08 0.00164063
7.95e-08 0.00182031
7.96e-08 0.000765625
7.97e-08 1.3411e-10
7.98e-08 0.000796875
7.99e-08 0.00184375
8e-08 0.00161719
8.01e-08 0.000390625
8.02e-08 1.3411e-10
8.03e-08 0.00160938
8.04e-08 0.0035625
8.05e-08 0.00375781
8.06e-08 0.00195313
8.07e-08 1.3411e-10
8.08e-08 -0.000210937
8.09e-08 0.00113281
8.1e-08 0.002625
8.11e-08 0.00289063
8.12e-08 0.002
8.13e-08 0.000804688
8.14e-08 8.59376e-05
8.15e-08 7.03126e-05
8.16e-08 0.00028125
8.17e-08 1.3411e-10
8.18e-08 -0.000953125
8.19e-08 -0.00185156
8.2e-08 -0.00185156
8.21e-08 -0.000953125
8.22e-08 1.3411e-10
8.23e-08 0.00025
8.24e-08 4.68751e-05
8.25e-08 0.000125
8.26e-08 0.000875
8.27e-08 0.002
8.28e-08 0.00274219
8.29e-08 0.00251563
8.3e-08 0.00128906
8.31e-08 0.000109375
8.32e-08 1.3411e-10
8.33e-08 0.00107031
8.34e-08 0.00198438
8.35e-08 0.00153125
8.36e-08 0.000296875
8.37e-08 1.3411e-10
8.38e-08 0.0014375
8.39e-08 0.002375
8.4e-08 0.000804688
8.41e-08 -0.00229687
8.42e-08 -0.004
8.43e-08 -0.00242969
8.44e-08 -0.000335937
8.45e-08 -0.000671875
8.46e-08 -0.00303125
8.47e-08 -0.004
8.48e-08 -0.00108594
8.49e-08 0.00282031
8.5e-08 0.00401563
8.51e-08 0.00200781
8.52e-08 1.3411e-10
8.53e-08 0.000789063
8.54e-08 0.00207031
8.55e-08 0.000921875
8.56e-08 -0.00221094
8.57e-08 -0.004
8.58e-08 -0.00198437
8.59e-08 0.00110938
8.6e-08 0.00180469
8.61e-08 -0.000289062
8.62e-08 -0.002
8.63e-08 -0.000484375
8.64e-08 0.00267969
8.65e-08 0.00453906
8.66e-08 0.00375781
8.67e-08 0.002
8.68e-08 0.00144531
8.69e-08 0.00182813
8.7e-08 0.00182813
8.71e-08 0.000953125
8.72e-08 1.3411e-10
8.73e-08 -0.000203125
8.74e-08 -5.46874e-05
8.75e-08 -0.000132812
8.76e-08 -0.000335937
8.77e-08 1.3411e-10
8.78e-08 0.001125
8.79e-08 0.00201563
8.8e-08 0.00160156
8.81e-08 -9.37499e-05
8.82e-08 -0.002
8.83e-08 -0.00286719
8.84e-08 -0.00253125
8.85e-08 -0.00146094
8.86e-08 -0.000507812
8.87e-08 1.3411e-10
8.88e-08 0.000132813
8.89e-08 6.25001e-05
8.9e-08 -4.68749e-05
8.91e-08 -6.24999e-05
8.92e-08 1.3411e-10
8.93e-08 3.90626e-05
8.94e-08 1.56251e-05
8.95e-08 -7.81237e-06
8.96e-08 1.3411e-10
8.97e-08 1.3411e-10
8.98e-08 -0.000101562
8.99e-08 -8.59374e-05
9e-08 0.000148438
9.01e-08 0.000296875
9.02e-08 1.3411e-10
9.03e-08 -0.000664062
9.04e-08 -0.00053125
9.05e-08 0.000851563
9.06e-08 0.00224219
9.07e-08 0.002
9.08e-08 -0.000234375
9.09e-08 -0.00201562
9.1e-08 -0.00117969
9.11e-08 0.00172656
9.12e-08 0.004
9.13e-08 0.00319531
9.14e-08 -0.000117187
9.15e-08 -0.0035
9.16e-08 -0.00421094
9.17e-08 -0.002
9.18e-08 0.0011875
9.19e-08 0.00253125
9.2e-08 0.000726563
9.21e-08 -0.00245312
9.22e-08 -0.004
9.23e-08 -0.00216406
9.24e-08 0.0009375
9.25e-08 0.00220313
9.26e-08 0.000570313
9.27e-08 -0.002
9.28e-08 -0.00289844
9.29e-08 -0.00245312
9.3e-08 -0.00183594
9.31e-08 -0.00133594
9.32e-08 1.3411e-10
9.33e-08 0.00254688
9.34e-08 0.00416406
9.35e-08 0.00304688
9.36e-08 8.59376e-05
9.37e-08 -0.002
9.38e-08 -0.00128906
9.39e-08 0.000984375
9.4e-08 0.00246094
9.41e-08 0.00180469
9.42e-08 1.3411e-10
9.43e-08 -0.00105469
9.44e-08 -0.00065625
9.45e-08 0.000671875
9.46e-08 0.00175
9.47e-08 0.002
9.48e-08 0.00144531
9.49e-08 0.000429688
9.5e-08 -0.000304687
9.51e-08 0.000179688
9.52e-08 0.002
9.53e-08 0.00413281
9.54e-08 0.0046875
9.55e-08 0.00271094
9.56e-08 -0.000328125
9.57e-08 -0.002
9.58e-08 -0.00096875
9.59e-08 0.0011875
9.6e-08 0.0021875
9.61e-08 0.00128906
9.62e-08 1.3411e-10
9.63e-08 -5.46874e-05
9.64e-08 0.00015625
9.65e-08 -0.000617187
9.66e-08 -0.00191406
9.67e-08 -0.002
9.68e-08 6.25001e-05
9.69e-08 0.001875
9.7e-08 0.00128906
9.71e-08 -0.000976562
9.72e-08 -0.002
9.73e-08 9.37501e-05
9.74e-08 0.00310156
9.75e-08 0.00397656
9.76e-08 0.00213281
9.77e-08 1.3411e-10
9.78e-08 8.59376e-05
9.79e-08 0.0014375
9.8e-08 0.002
9.81e-08 0.00107813
9.82e-08 1.3411e-10
9.83e-08 5.46876e-05
9.84e-08 0.00021875
9.85e-08 -0.000664062
9.86e-08 -0.002
9.87e-08 -0.002
9.88e-08 0.000351563
9.89e-08 0.00317969
9.9e-08 0.00410156
9.91e-08 0.00248438
9.92e-08 1.3411e-10
9.93e-08 -0.00142969
9.94e-08 -0.00192969
9.95e-08 -0.00223437
9.96e-08 -0.00246094
9.97e-08 -0.002
9.98e-08 -0.000375
9.99e-08 0.0014375
1e-07 0.00215625
1.001e-07 0.00135938
1.002e-07 1.3411e-10
1.003e-07 -0.0006875
1.004e-07 -0.0004375
1.005e-07 0.000445313
1.006e-07 0.00136719
1.007e-07 0.002
1.008e-07 0.00205469
1.009e-07 0.000953125
1.01e-07 -0.00115625
1.011e-07 -0.00264062
1.012e-07 -0.002
1.013e-07 0.0008125
1.014e-07 0.00345313
1.015e-07 0.00377344
1.016e-07 0.00186719
1.017e-07 1.3411e-10
1.018e-07 0.000125
1.019e-07 0.0014375
1.02e-07 0.00208594
1.021e-07 0.00125781
1.022e-07 1.3411e-10
1.023e-07 -0.000289062
1.024e-07 -7.03124e-05
1.025e-07 -0.000210937
1.026e-07 -0.000523437
1.027e-07 1.3411e-10
1.028e-07 0.00165625
1.029e-07 0.00242188
1.03e-07 0.000898438
1.031e-07 -0.00150781
1.032e-07 -0.002
1.033e-07 0.000671875
1.034e-07 0.00352344
1.035e-07 0.00338281
1.036e-07 0.0004375
1.037e-07 -0.002
1.038e-07 -0.00114062
1.039e-07 0.00120313
1.04e-07 0.00192969
1.041e-07 0.000140625
1.042e-07 -0.002
1.043e-07 -0.00203125
1.044e-07 -0.000695312
1.045e-07 0.00025
1.046e-07 0.000109375
1.047e-07 1.3411e-10
1.048e-07 0.000992188
1.049e-07 0.00197656
1.05e-07 0.00151563
1.051e-07 -0.000296875
1.052e-07 -0.002
1.053e-07 -0.00233594
1.054e-07 -0.00208594
1.055e-07 -0.00221094
1.056e-07 -0.00253906
1.057e-07 -0.002
1.058e-07 -2.34374e-05
1.059e-07 0.00174219
1.06e-07 0.00164063
1.061e-07 -0.00021875
1.062e-07 -0.002
1.063e-07 -0.00202344
1.064e-07 -0.00075
1.065e-07 0.0005
1.066e-07 0.000664063
1.067e-07 1.3411e-10
1.068e-07 -0.000539062
1.069e-07 -0.00034375
1.07e-07 0.000414063
1.071e-07 0.000757813
1.072e-07 1.3411e-10
1.073e-07 -0.00159375
1.074e-07 -0.002375
1.075e-07 -0.00109375
1.076e-07 0.00164063
1.077e-07 0.004
1.078e-07 0.0043125
1.079e-07 0.00291406
1.08e-07 0.00128906
1.081e-07 0.00096875
1.082e-07 0.002
1.083e-07 0.00314063
1.084e-07 0.00289844
1.085e-07 0.000679688
1.086e-07 -0.00222656
1.087e-07 -0.004
1.088e-07 -0.00346875
1.089e-07 -0.00128906
1.09e-07 0.00102344
1.091e-07 0.0020625
1.092e-07 0.002
1.093e-07 0.00176563
1.094e-07 0.00184375
1.095e-07 0.00214844
1.096e-07 0.00228125
1.097e-07 0.002
1.098e-07 0.00125781
1.099e-07 0.000375
1.1e-07 -0.000304687
1.101e-07 -0.000414062
1.102e-07 1.3411e-10
1.103e-07 0.00046875
1.104e-07 0.000359375
1.105e-07 -0.000515625
1.106e-07 -0.00153906
1.107e-07 -0.002
1.108e-07 -0.00170312
1.109e-07 -0.00167969
1.11e-07 -0.002625
1.111e-07 -0.00385938
1.112e-07 -0.004
1.113e-07 -0.00211719
1.114e-07 0.000726563
1.115e-07 0.00286719
1.116e-07 0.00310156
1.117e-07 0.002
1.118e-07 0.000804688
1.119e-07 0.000117188
1.12e-07 -8.59374e-05
1.121e-07 -6.24999e-05
1.122e-07 1.3411e-10
1.123e-07 2.34376e-05
1.124e-07 -3.12499e-05
1.125e-07 3.90626e-05
1.126e-07 0.000640625
1.127e-07 0.002
1.128e-07 0.00361719
1.129e-07 0.00429688
1.13e-07 0.00328125
1.131e-07 0.00132031
1.132e-07 1.3411e-10
1.133e-07 0.000335938
1.134e-07 0.00149219
1.135e-07 0.00214063
1.136e-07 0.00199219
1.137e-07 0.002
1.138e-07 0.00272656
1.139e-07 0.00267188
1.14e-07 0.00075
1.141e-07 -0.00163281
1.142e-07 -0.002
1.143e-07 0.00071875
1.144e-07 0.00353906
1.145e-07 0.00339844
1.146e-07 0.000484375
1.147e-07 -0.002
1.148e-07 -0.00126562
1.149e-07 0.0010625
1.15e-07 0.00217188
1.151e-07 0.00117188
1.152e-07 1.3411e-10
1.153e-07 0.000640625
1.154e-07 0.00177344
1.155e-07 0.00160938
1.156e-07 0.00034375
1.157e-07 1.3411e-10
1.158e-07 0.00182813
1.159e-07 0.00377344
1.16e-07 0.00339844
1.161e-07 0.000671875
1.162e-07 -0.002
1.163e-07 -0.00230469
1.164e-07 -0.000867187
1.165e-07 0.0005
1.166e-07 0.00059375
1.167e-07 1.3411e-10
1.168e-07 -0.000171875
1.169e-07 -5.46874e-05
1.17e-07 -9.37499e-05
1.171e-07 -0.000257812
1.172e-07 1.3411e-10
1.173e-07 0.000984375
1.174e-07 0.00186719
1.175e-07 0.00182813
1.176e-07 0.000914063
1.177e-07 1.3411e-10
1.178e-07 -0.000203125
1.179e-07 -5.46874e-05
1.18e-07 -0.000132812
1.181e-07 -0.000335937
1.182e-07 1.3411e-10
1.183e-07 0.00116406
1.184e-07 0.00200781
1.185e-07 0.00157031
1.186e-07 0.000390625
1.187e-07 1.3411e-10
1.188e-07 0.001125
1.189e-07 0.00210156
1.19e-07 0.00127344
1.191e-07 -0.000804687
1.192e-07 -0.002
1.193e-07 -0.000773437
1.194e-07 0.00129688
1.195e-07 0.00207031
1.196e-07 0.00108594
1.197e-07 1.3411e-10
1.198e-07 0.000453125
1.199e-07 0.00160938
1.2e-07 0.00194531
1.201e-07 0.00103125
1.202e-07 1.3411e-10
1.203e-07 0.000164063
1.204e-07 0.00132813
1.205e-07 0.00245313
1.206e-07 0.00263281
1.207e-07 0.002
1.208e-07 0.00110156
1.209e-07 0.000296875
1.21e-07 -0.000257812
1.211e-07 -0.000359375
1.212e-07 1.3411e-10
1.213e-07 0.000523438
1.214e-07 0.000414063
1.215e-07 -0.000648437
1.216e-07 -0.0018125
1.217e-07 -0.002
1.218e-07 -0.000875
1.219e-07 1.56251e-05
1.22e-07 -0.0005
1.221e-07 -0.00178125
1.222e-07 -0.002
1.223e-07 -0.000179687
1.224e-07 0.00170313
1.225e-07 0.00155469
1.226e-07 -0.000445312
1.227e-07 -0.002
1.228e-07 -0.001125
1.229e-07 0.00107031
1.23e-07 0.00235156
1.231e-07 0.00160938
1.232e-07 1.3411e-10
1.233e-07 -0.000742187
1.234e-07 -0.0004375
1.235e-07 0.000359375
1.236e-07 0.00114844
1.237e-07 0.002
1.238e-07 0.00282031
1.239e-07 0.00265625
1.24e-07 0.000953125
1.241e-07 -0.00116406
1.242e-07 -0.002
1.243e-07 -0.000703125
1.244e-07 0.00125781
1.245e-07 0.00225781
1.246e-07 0.00207031
1.247e-07 0.002
1.248e-07 0.00283594
1.249e-07 0.0028125
1.25e-07 0.000484375
1.251e-07 -0.00275
1.252e-07 -0.004
1.253e-07 -0.00150781
1.254e-07 0.00245313
1.255e-07 0.00467188
1.256e-07 0.00388281
1.257e-07 0.002
1.258e-07 0.00136719
1.259e-07 0.00178125
1.26e-07 0.00186719
1.261e-07 0.00102344
1.262e-07 1.3411e-10
1.263e-07 -0.000203125
1.264e-07 -4.68749e-05
1.265e-07 -0.00015625
1.266e-07 -0.000382812
1.267e-07 1.3411e-10
1.268e-07 0.00121094
1.269e-07 0.00207031
1.27e-07 0.00150781
1.271e-07 -0.00028125
1.272e-07 -0.002
1.273e-07 -0.00228125
1.274e-07 -0.001
1.275e-07 0.000929688
1.276e-07 0.00208594
1.277e-07 0.002
1.278e-07 0.00104688
1.279e-07 0.00015625
1.28e-07 7.81251e-05
1.281e-07 0.000914063
1.282e-07 0.002
1.283e-07 0.00229688
1.284e-07 0.00111719
1.285e-07 -0.00127344
1.286e-07 -0.00336719
1.287e-07 -0.004
1.288e-07 -0.00285938
1.289e-07 -0.000898437
1.29e-07 0.000609375
1.291e-07 0.000765625
1.292e-07 1.3411e-10
1.293e-07 -0.000640625
1.294e-07 -0.000445312
1.295e-07 0.000539063
1.296e-07 0.00157031
1.297e-07 0.002
1.298e-07 0.00157031
1.299e-07 0.0005625
1.3e-07 -0.0005625
1.301e-07 -0.000875
1.302e-07 1.3411e-10
1.303e-07 0.001
1.304e-07 0.000726563
1.305e-07 -0.000945312
1.306e-07 -0.00297656
1.307e-07 -0.004
1.308e-07 -0.00195312
1.309e-07 -1.56249e-05
1.31e-07 -0.000453125
1.311e-07 -0.00515625
1.312e-07 -0.014
1.313e-07 -0.0216172
1.314e-07 -0.0256641
1.315e-07 -0.0203438
1.316e-07 -0.00275781
1.317e-07 0.026
1.318e-07 0.0606094
1.319e-07 0.0909219
1.32e-07 0.109938
1.321e-07 0.116758
1.322e-07 0.12
1.323e-07 0.124109
1.324e-07 0.129211
1.325e-07 0.128492
1.326e-07 0.119359
1.327e-07 0.106
1.328e-07 0.0918828
1.329e-07 0.0845859
1.33e-07 0.0840234
1.331e-07 0.0880625
1.332e-07 0.094
1.333e-07 0.0959844
1.334e-07 0.0935391
1.335e-07 0.0856797
1.336e-07 0.0735391
1.337e-07 0.058
1.338e-07 0.0406797
1.339e-07 0.0229063
1.34e-07 0.00567969
1.341e-07 -0.00928125
1.342e-07 -0.024
1.343e-07 -0.0373125
1.344e-07 -0.0477578
1.345e-07 -0.0504922
1.346e-07 -0.0415781
1.347e-07 -0.022
1.348e-07 0.00342969
1.349e-07 0.0245078
1.35e-07 0.0320625
1.351e-07 0.0237109
1.352e-07 0.006
1.353e-07 -0.0140234
1.354e-07 -0.0319688
1.355e-07 -0.0478672
1.356e-07 -0.0598516
1.357e-07 -0.068
1.358e-07 -0.0731875
1.359e-07 -0.0782813
1.36e-07 -0.0867422
1.361e-07 -0.0976406
1.362e-07 -0.108
1.363e-07 -0.113516
1.364e-07 -0.113805
1.365e-07 -0.109578
1.366e-07 -0.103945
1.367e-07 -0.1
1.368e-07 -0.0991563
1.369e-07 -0.102484
1.37e-07 -0.110023
1.371e-07 -0.119688
1.372e-07 -0.13
1.373e-07 -0.138859
1.374e-07 -0.146539
1.375e-07 -0.153008
1.376e-07 -0.158852
1.377e-07 -0.166
1.378e-07 -0.172484
1.379e-07 -0.177484
1.38e-07 -0.176977
1.381e-07 -0.169766
1.382e-07 -0.158
1.383e-07 -0.142344
1.384e-07 -0.126039
1.385e-07 -0.110063
1.386e-07 -0.0982891
1.387e-07 -0.092
1.388e-07 -0.0900859
1.389e-07 -0.09025
1.39e-07 -0.0889766
1.391e-07 -0.085125
1.392e-07 -0.08
1.393e-07 -0.0754453
1.394e-07 -0.0729609
1.395e-07 -0.0710469
1.396e-07 -0.0669453
1.397e-07 -0.058
1.398e-07 -0.0438516
1.399e-07 -0.0279766
1.4e-07 -0.0127813
1.401e-07 -0.000304687
1.402e-07 0.012
1.403e-07 0.0252813
1.404e-07 0.0373672
1.405e-07 0.0452031
1.406e-07 0.0480703
1.407e-07 0.05
1.408e-07 0.0530469
1.409e-07 0.0566016
1.41e-07 0.0584531
1.411e-07 0.0590781
1.412e-07 0.062
1.413e-07 0.0681172
1.414e-07 0.0750938
1.415e-07 0.0797031
1.416e-07 0.0819453
1.417e-07 0.086
1.418e-07 0.0936094
1.419e-07 0.102461
1.42e-07 0.108063
1.421e-07 0.108758
1.422e-07 0.108
1.423e-07 0.10793
1.424e-07 0.108398
1.425e-07 0.106625
1.426e-07 0.102375
1.427e-07 0.098
1.428e-07 0.094625
1.429e-07 0.0917734
1.43e-07 0.0875938
1.431e-07 0.0829375
1.432e-07 0.08
1.433e-07 0.0799219
1.434e-07 0.0814219
1.435e-07 0.0819531
1.436e-07 0.0804453
1.437e-07 0.078
1.438e-07 0.0757891
1.439e-07 0.0735625
1.44e-07 0.0700078
1.441e-07 0.0652266
1.442e-07 0.06
1.443e-07 0.0550703
1.444e-07 0.0504453
1.445e-07 0.0453672
1.446e-07 0.0403906
1.447e-07 0.036
1.448e-07 0.0327578
1.449e-07 0.0307656
1.45e-07 0.0292266
1.451e-07 0.0272344
1.452e-07 0.024
1.453e-07 0.0198906
1.454e-07 0.0158516
1.455e-07 0.0124219
1.456e-07 0.00958594
1.457e-07 0.006
1.458e-07 0.000976563
1.459e-07 -0.005
1.46e-07 -0.0107188
1.461e-07 -0.0143438
1.462e-07 -0.016
1.463e-07 -0.0165
1.464e-07 -0.0171875
1.465e-07 -0.0190938
1.466e-07 -0.0221875
1.467e-07 -0.026
1.468e-07 -0.0294844
1.469e-07 -0.0325234
1.47e-07 -0.0354531
1.471e-07 -0.0384609
1.472e-07 -0.042
1.473e-07 -0.0454844
1.474e-07 -0.0486953
1.475e-07 -0.0510469
1.476e-07 -0.0519922
1.477e-07 -0.052
1.478e-07 -0.0513516
1.479e-07 -0.0514766
1.48e-07 -0.0527031
1.481e-07 -0.0544531
1.482e-07 -0.056
1.483e-07 -0.0562109
1.484e-07 -0.0560625
1.485e-07 -0.0560078
1.486e-07 -0.0561094
1.487e-07 -0.056
1.488e-07 -0.0545703
1.489e-07 -0.0528594
1.49e-07 -0.05125
1.491e-07 -0.0498438
1.492e-07 -0.048
1.493e-07 -0.0447891
1.494e-07 -0.0415391
1.495e-07 -0.0386953
1.496e-07 -0.0359609
1.497e-07 -0.032
1.498e-07 -0.0262891
1.499e-07 -0.0214844
1.5e-07 -0.0193516
1.501e-07 -0.0192188
1.502e-07 -0.018
1.503e-07 -0.013875
1.504e-07 -0.00949219
1.505e-07 -0.00751563
1.506e-07 -0.0075625
1.507e-07 -0.006
1.508e-07 -0.000414062
1.509e-07 0.00678906
1.51e-07 0.0121563
1.511e-07 0.0142813
1.512e-07 0.016
1.513e-07 0.0196094
1.514e-07 0.0241328
1.515e-07 0.0270938
1.516e-07 0.0271484
1.517e-07 0.026
1.518e-07 0.0255859
1.519e-07 0.0268438
1.52e-07 0.0291406
1.521e-07 0.0310234
1.522e-07 0.032
1.523e-07 0.0321328
1.524e-07 0.0329453
1.525e-07 0.0354609
1.526e-07 0.0389531
1.527e-07 0.042
1.528e-07 0.0431953
1.529e-07 0.0436953
1.53e-07 0.0445703
1.531e-07 0.0456953
1.532e-07 0.046
1.533e-07 0.0443516
1.534e-07 0.0425
1.535e-07 0.0419766
1.536e-07 0.0429688
1.537e-07 0.044
1.538e-07 0.0431719
1.539e-07 0.0411406
1.54e-07 0.0390234
1.541e-07 0.0379922
1.542e-07 0.038
1.543e-07 0.0380859
1.544e-07 0.0381094
1.545e-07 0.0378125
1.546e-07 0.037125
1.547e-07 0.036
1.548e-07 0.0341406
1.549e-07 0.0316016
1.55e-07 0.0282578
1.551e-07 0.0248906
1.552e-07 0.022
1.553e-07 0.0198672
1.554e-07 0.0184922
1.555e-07 0.0174844
1.556e-07 0.0166875
1.557e-07 0.016
1.558e-07 0.0153438
1.559e-07 0.0146016
1.56e-07 0.01325
1.561e-07 0.0110625
1.562e-07 0.008
1.563e-07 0.00451563
1.564e-07 0.00133594
1.565e-07 -0.001125
1.566e-07 -0.00265625
1.567e-07 -0.004
1.568e-07 -0.00582031
1.569e-07 -0.00842969
1.57e-07 -0.0115938
1.571e-07 -0.0142813
1.572e-07 -0.016
1.573e-07 -0.0164844
1.574e-07 -0.0161875
1.575e-07 -0.0158984
1.576e-07 -0.0163984
1.577e-07 -0.018
1.578e-07 -0.0202813
1.579e-07 -0.0227891
1.58e-07 -0.0250703
1.581e-07 -0.0266875
1.582e-07 -0.028
1.583e-07 -0.0292813
1.584e-07 -0.0309844
1.585e-07 -0.0330469
1.586e-07 -0.0348516
1.587e-07 -0.036
1.588e-07 -0.0358594
1.589e-07 -0.0347734
1.59e-07 -0.0331875
1.591e-07 -0.0320547
1.592e-07 -0.032
1.593e-07 -0.0328359
1.594e-07 -0.0348516
1.595e-07 -0.0370625
1.596e-07 -0.0377266
1.597e-07 -0.036
1.598e-07 -0.0320469
1.599e-07 -0.0287578
1.6e-07 -0.0279766
1.601e-07 -0.0292422
1.602e-07 -0.03
1.603e-07 -0.0279141
1.604e-07 -0.0240938
1.605e-07 -0.0202891
1.606e-07 -0.0178672
1.607e-07 -0.016
1.608e-07 -0.0134063
1.609e-07 -0.0109297
1.61e-07 -0.00947656
1.611e-07 -0.00897656
1.612e-07 -0.008
1.613e-07 -0.00565625
1.614e-07 -0.00308594
1.615e-07 -0.00132031
1.616e-07 -0.000171875
1.617e-07 0.002
1.618e-07 0.00596875
1.619e-07 0.0102813
1.62e-07 0.0131016
1.621e-07 0.0137969
1.622e-07 0.014
1.623e-07 0.0151406
1.624e-07 0.0170391
1.625e-07 0.0186641
1.626e-07 0.0193984
1.627e-07 0.02
1.628e-07 0.0211406
1.629e-07 0.0229453
1.63e-07 0.0249297
1.631e-07 0.0265547
1.632e-07 0.028
1.633e-07 0.0290859
1.634e-07 0.0298281
1.635e-07 0.0300078
1.636e-07 0.0298594
1.637e-07 0.03
1.638e-07 0.0304688
1.639e-07 0.0314688
1.64e-07 0.0324063
1.641e-07 0.032625
1.642e-07 0.032
1.643e-07 0.0304688
1.644e-07 0.0287734
1.645e-07 0.0273047
1.646e-07 0.0264375
1.647e-07 0.026
1.648e-07 0.0254375
1.649e-07 0.0245703
1.65e-07 0.0233281
1.651e-07 0.0222969
1.652e-07 0.022
1.653e-07 0.0223203
1.654e-07 0.0223672
1.655e-07 0.0212813
1.656e-07 0.0194844
1.657e-07 0.018
1.658e-07 0.0171484
1.659e-07 0.0155
1.66e-07 0.0119531
1.661e-07 0.00800781
1.662e-07 0.006
1.663e-07 0.00721875
1.664e-07 0.00944531
1.665e-07 0.00974219
1.666e-07 0.00729688
1.667e-07 0.004
1.668e-07 0.00225
1.669e-07 0.00194531
1.67e-07 0.00183594
1.671e-07 0.00110156
1.672e-07 1.3411e-10
1.673e-07 -0.000703125
1.674e-07 -0.00142969
1.675e-07 -0.00279687
1.676e-07 -0.00453125
1.677e-07 -0.006
1.678e-07 -0.00678125
1.679e-07 -0.00750781
1.68e-07 -0.0086875
1.681e-07 -0.0098125
1.682e-07 -0.01
1.683e-07 -0.00891406
1.684e-07 -0.00792969
1.685e-07 -0.00859375
1.686e-07 -0.0110313
1.687e-07 -0.014
1.688e-07 -0.0160469
1.689e-07 -0.0174219
1.69e-07 -0.0187188
1.691e-07 -0.0197656
1.692e-07 -0.02
1.693e-07 -0.0189453
1.694e-07 -0.0180391
1.695e-07 -0.0183828
1.696e-07 -0.0195234
1.697e-07 -0.02
1.698e-07 -0.0188359
1.699e-07 -0.0178828
1.7e-07 -0.0187188
1.701e-07 -0.0207969
1.702e-07 -0.022
1.703e-07 -0.0206563
1.704e-07 -0.0186172
1.705e-07 -0.0180391
1.706e-07 -0.0191484
1.707e-07 -0.02
1.708e-07 -0.0187266
1.709e-07 -0.01675
1.71e-07 -0.0157578
1.711e-07 -0.0160391
1.712e-07 -0.016
1.713e-07 -0.0140625
1.714e-07 -0.0112344
1.715e-07 -0.00921094
1.716e-07 -0.00908594
1.717e-07 -0.01
1.718e-07 -0.0103203
1.719e-07 -0.0091875
1.72e-07 -0.00664844
1.721e-07 -0.00392969
1.722e-07 -0.002
1.723e-07 -0.00135156
1.724e-07 -0.00171875
1.725e-07 -0.0021875
1.726e-07 -0.00172656
1.727e-07 1.3411e-10
1.728e-07 0.00226563
1.729e-07 0.00375
1.73e-07 0.00389063
1.731e-07 0.00345313
1.732e-07 0.004
1.733e-07 0.00620313
1.734e-07 0.00892969
1.735e-07 0.0105781
1.736e-07 0.0105469
1.737e-07 0.01
1.738e-07 0.0102344
1.739e-07 0.0113125
1.74e-07 0.0125156
1.741e-07 0.0132969
1.742e-07 0.014
1.743e-07 0.0148281
1.744e-07 0.0156875
1.745e-07 0.0161406
1.746e-07 0.0161094
1.747e-07 0.016
1.748e-07 0.0159609
1.749e-07 0.0160391
1.75e-07 0.015875
1.751e-07 0.0151875
1.752e-07 0.014
1.753e-07 0.0126172
1.754e-07 0.0119219
1.755e-07 0.0123125
1.756e-07 0.0132969
1.757e-07 0.014
1.758e-07 0.0138984
1.759e-07 0.0138047
1.76e-07 0.0144453
1.761e-07 0.0155156
1.762e-07 0.016
1.763e-07 0.0149766
1.764e-07 0.0130391
1.765e-07 0.011125
1.766e-07 0.0101797
1.767e-07 0.01
1.768e-07 0.00971875
1.769e-07 0.00875781
1.77e-07 0.00708594
1.771e-07 0.00582813
1.772e-07 0.006
1.773e-07 0.00744531
1.774e-07 0.00832031
1.775e-07 0.00704688
1.776e-07 0.00425781
1.777e-07 0.002
1.778e-07 0.00175781
1.779e-07 0.00217188
1.78e-07 0.00125781
1.781e-07 -0.00128906
1.782e-07 -0.004
1.783e-07 -0.00503906
1.784e-07 -0.00453125
1.785e-07 -0.003625
1.786e-07 -0.00344531
1.787e-07 -0.004
1.788e-07 -0.00445313
1.789e-07 -0.00429688
1.79e-07 -0.00361719
1.791e-07 -0.00325
1.792e-07 -0.004
1.793e-07 -0.00605469
1.794e-07 -0.00878906
1.795e-07 -0.0109297
1.796e-07 -0.0112734
1.797e-07 -0.01
1.798e-07 -0.00820313
1.799e-07 -0.00757813
1.8e-07 -0.00883594
1.801e-07 -0.0108906
1.802e-07 -0.012
1.803e-07 -0.0110469
1.804e-07 -0.00898438
1.805e-07 -0.007375
1.806e-07 -0.00724219
1.807e-07 -0.008
1.808e-07 -0.00842188
1.809e-07 -0.00823438
1.81e-07 -0.00782031
1.811e-07 -0.00769531
1.812e-07 -0.008
1.813e-07 -0.00857813
1.814e-07 -0.00950781
1.815e-07 -0.0105
1.816e-07 -0.0108281
1.817e-07 -0.01
1.818e-07 -0.00816406
1.819e-07 -0.0065
1.82e-07 -0.00583594
1.821e-07 -0.00602344
1.822e-07 -0.006
1.823e-07 -0.00502344
1.824e-07 -0.00410938
1.825e-07 -0.00427344
1.826e-07 -0.00532813
1.827e-07 -0.006
1.828e-07 -0.00528125
1.829e-07 -0.00428125
1.83e-07 -0.00413281
1.831e-07 -0.00455469
1.832e-07 -0.004
1.833e-07 -0.0015625
1.834e-07 0.00110938
1.835e-07 0.00230469
1.836e-07 0.002
1.837e-07 0.002
1.838e-07 0.00359375
1.839e-07 0.00551563
1.84e-07 0.00588281
1.841e-07 0.00419531
1.842e-07 0.002
1.843e-07 0.00126563
1.844e-07 0.00267188
1.845e-07 0.00536719
1.846e-07 0.00746875
1.847e-07 0.008
1.848e-07 0.00709375
1.849e-07 0.00609375
1.85e-07 0.00628906
1.851e-07 0.00791406
1.852e-07 0.01
1.853e-07 0.0111016
1.854e-07 0.0106875
1.855e-07 0.00921094
1.856e-07 0.00801563
1.857e-07 0.008
1.858e-07 0.00888281
1.859e-07 0.00982031
1.86e-07 0.00985938
1.861e-07 0.00895313
1.862e-07 0.008
1.863e-07 0.00796094
1.864e-07 0.00916406
1.865e-07 0.0107656
1.866e-07 0.0112734
1.867e-07 0.01
1.868e-07 0.0073125
1.869e-07 0.00475
1.87e-07 0.00369531
1.871e-07 0.00446875
1.872e-07 0.006
1.873e-07 0.00688281
1.874e-07 0.0065625
1.875e-07 0.00534375
1.876e-07 0.00426563
1.877e-07 0.004
1.878e-07 0.00439063
1.879e-07 0.004375
1.88e-07 0.00328906
1.881e-07 0.00201563
1.882e-07 0.002
1.883e-07 0.00360938
1.884e-07 0.00447656
1.885e-07 0.00271094
1.886e-07 -0.000445312
1.887e-07 -0.002
1.888e-07 -0.000304687
1.889e-07 0.00183594
1.89e-07 0.00107813
1.891e-07 -0.002625
1.892e-07 -0.006
1.893e-07 -0.00567188
1.894e-07 -0.00217969
1.895e-07 0.00175
1.896e-07 0.00321094
1.897e-07 0.002
1.898e-07 -0.0005
1.899e-07 -0.003
1.9e-07 -0.00478906
1.901e-07 -0.005625
1.902e-07 -0.006
1.903e-07 -0.00625781
1.904e-07 -0.00623438
1.905e-07 -0.00560156
1.906e-07 -0.00463281
1.907e-07 -0.004
1.908e-07 -0.00428906
1.909e-07 -0.00538281
1.91e-07 -0.0065
1.911e-07 -0.00674219
1.912e-07 -0.006
1.913e-07 -0.00473438
1.914e-07 -0.00397656
1.915e-07 -0.00430469
1.916e-07 -0.0053125
1.917e-07 -0.006
1.918e-07 -0.00565625
1.919e-07 -0.00457813
1.92e-07 -0.00357031
1.921e-07 -0.00339844
1.922e-07 -0.004
1.923e-07 -0.00464844
1.924e-07 -0.00447656
1.925e-07 -0.00332813
1.926e-07 -0.00215625
1.927e-07 -0.002
1.928e-07 -0.00304688
1.929e-07 -0.004
1.93e-07 -0.00357031
1.931e-07 -0.00180469
1.932e-07 1.3411e-10
1.933e-07 0.000351563
1.934e-07 -0.001
1.935e-07 -0.00295313
1.936e-07 -0.00357813
1.937e-07 -0.002
1.938e-07 0.000882813
1.939e-07 0.00238281
1.94e-07 0.000773438
1.941e-07 -0.00242969
1.942e-07 -0.004
1.943e-07 -0.00203125
1.944e-07 0.00100781
1.945e-07 0.00205469
1.946e-07 0.0008125
1.947e-07 1.3411e-10
1.948e-07 0.00182813
1.949e-07 0.00383594
1.95e-07 0.00313281
1.951e-07 8.59376e-05
1.952e-07 -0.002
1.953e-07 -0.0004375
1.954e-07 0.00274219
1.955e-07 0.00439844
1.956e-07 0.00344531
1.957e-07 0.002
1.958e-07 0.00255469
1.959e-07 0.00478125
1.96e-07 0.00682813
1.961e-07 0.007125
1.962e-07 0.006
1.963e-07 0.00464063
1.964e-07 0.00395313
1.965e-07 0.00420313
1.966e-07 0.00507031
1.967e-07 0.006
1.968e-07 0.00635938
1.969e-07 0.00622656
1.97e-07 0.00577344
1.971e-07 0.0050625
1.972e-07 0.004
1.973e-07 0.00266406
1.974e-07 0.0019375
1.975e-07 0.00233594
1.976e-07 0.003375
1.977e-07 0.004
1.978e-07 0.00354688
1.979e-07 0.00246094
1.98e-07 0.00173438
1.981e-07 0.00228906
1.982e-07 0.004
1.983e-07 0.00564844
1.984e-07 0.00523438
1.985e-07 0.00219531
1.986e-07 -0.00114844
1.987e-07 -0.002
1.988e-07 0.000570313
1.989e-07 0.00346875
1.99e-07 0.00344531
1.991e-07 0.000539063
1.992e-07 -0.002
1.993e-07 -0.00129687
1.994e-07 0.00104688
1.995e-07 0.00217969
1.996e-07 0.0011875
1.997e-07 1.3411e-10
1.998e-07 0.000664063
1.999e-07 0.00183594
2e-07 0.0015
2.001e-07 -0.000421875
2.002e-07 -0.002
2.003e-07 -0.00160156
2.004e-07 -0.000390625
2.005e-07 -0.000125
2.006e-07 -0.001125
2.007e-07 -0.002
2.008e-07 -0.00141406
2.009e-07 -0.0003125
2.01e-07 -0.000125
2.011e-07 -0.00107031
2.012e-07 -0.002
2.013e-07 -0.00189844
2.014e-07 -0.00177344
2.015e-07 -0.002625
2.016e-07 -0.00389063
2.017e-07 -0.004
2.018e-07 -0.00214062
2.019e-07 -0.00028125
2.02e-07 -0.000421875
2.021e-07 -0.00238281
2.022e-07 -0.004
2.023e-07 -0.00352344
2.024e-07 -0.00232031
2.025e-07 -0.00225781
2.026e-07 -0.00342188
2.027e-07 -0.004
2.028e-07 -0.00246875
2.029e-07 -0.000523437
2.03e-07 -0.000148437
2.031e-07 -0.00132031
2.032e-07 -0.002
2.033e-07 -0.000828125
2.034e-07 0.000171875
2.035e-07 -0.000945312
2.036e-07 -0.00329688
2.037e-07 -0.004
2.038e-07 -0.00120312
2.039e-07 0.00269531
2.04e-07 0.0043125
2.041e-07 0.00261719
2.042e-07 1.3411e-10
2.043e-07 -0.000875
2.044e-07 -0.000382812
2.045e-07 1.56251e-05
2.046e-07 -0.000179687
2.047e-07 1.3411e-10
2.048e-07 0.00126563
2.049e-07 0.00215625
2.05e-07 0.00126563
2.051e-07 -0.000796875
2.052e-07 -0.002
2.053e-07 -0.000953125
2.054e-07 0.00114844
2.055e-07 0.00236719
2.056e-07 0.00167969
2.057e-07 1.3411e-10
2.058e-07 -0.000976562
2.059e-07 -0.000617187
2.06e-07 0.000679688
2.061e-07 0.00178125
2.062e-07 0.002
2.063e-07 0.00133594
2.064e-07 0.00034375
2.065e-07 -0.000179687
2.066e-07 0.000398438
2.067e-07 0.002
2.068e-07 0.00373438
2.069e-07 0.0043125
2.07e-07 0.00334375
2.071e-07 0.00205469
2.072e-07 0.002
2.073e-07 0.00339063
2.074e-07 0.0043125
2.075e-07 0.00298438
2.076e-07 7.03126e-05
2.077e-07 -0.002
2.078e-07 -0.001125
2.079e-07 0.00214844
2.08e-07 0.00546875
2.081e-07 0.00617969
2.082e-07 0.004
2.083e-07 0.00053125
2.084e-07 -0.00179687
2.085e-07 -0.00157031
2.086e-07 0.000421875
2.087e-07 0.002
2.088e-07 0.00173438
2.089e-07 0.000484375
2.09e-07 -6.24999e-05
2.091e-07 0.000789063
2.092e-07 0.002
2.093e-07 0.00205469
2.094e-07 0.000820313
2.095e-07 -0.00071875
2.096e-07 -0.00114062
2.097e-07 1.3411e-10
2.098e-07 0.00209375
2.099e-07 0.00372656
2.1e-07 0.00382813
2.101e-07 0.00278125
2.102e-07 0.002
2.103e-07 0.00229688
2.104e-07 0.00242188
2.105e-07 0.00103125
2.106e-07 -0.001125
2.107e-07 -0.002
2.108e-07 -0.000414062
2.109e-07 0.00154688
2.11e-07 0.00169531
2.111e-07 0.00034375
2.112e-07 1.3411e-10
2.113e-07 0.00213281
2.114e-07 0.0040625
2.115e-07 0.00288281
2.116e-07 -0.000914062
2.117e-07 -0.004
2.118e-07 -0.00354688
2.119e-07 -0.00110937
2.12e-07 0.000398438
2.121e-07 -0.00040625
2.122e-07 -0.002
2.123e-07 -0.00213281
2.124e-07 -0.000835937
2.125e-07 0.000609375
2.126e-07 0.000882813
2.127e-07 1.3411e-10
2.128e-07 -0.0011875
2.129e-07 -0.00194531
2.13e-07 -0.00189062
2.131e-07 -0.00107812
2.132e-07 1.3411e-10
2.133e-07 0.000671875
2.134e-07 0.000453125
2.135e-07 -0.000601562
2.136e-07 -0.00166406
2.137e-07 -0.002
2.138e-07 -0.00157031
2.139e-07 -0.00158594
2.14e-07 -0.00278125
2.141e-07 -0.00414063
2.142e-07 -0.004
2.143e-07 -0.00177344
2.144e-07 -1.56249e-05
2.145e-07 -0.00084375
2.146e-07 -0.00321875
2.147e-07 -0.004
2.148e-07 -0.00135156
2.149e-07 0.00153906
2.15e-07 0.00125781
2.151e-07 -0.00185937
2.152e-07 -0.004
2.153e-07 -0.00217969
2.154e-07 0.00100781
2.155e-07 0.00186719
2.156e-07 -0.0001875
2.157e-07 -0.002
2.158e-07 -0.000765625
2.159e-07 0.00144531
2.16e-07 0.00160156
2.161e-07 -0.000492187
2.162e-07 -0.002
2.163e-07 -0.000625
2.164e-07 0.0015
2.165e-07 0.00161719
2.166e-07 -0.000429687
2.167e-07 -0.002
2.168e-07 -0.000890625
2.169e-07 0.00129688
2.17e-07 0.00197656
2.171e-07 0.00028125
2.172e-07 -0.002
2.173e-07 -0.00255469
2.174e-07 -0.00114844
2.175e-07 0.00104688
2.176e-07 0.00227344
2.177e-07 0.002
2.178e-07 0.000835938
2.179e-07 7.81263e-06
2.18e-07 0.000304688
2.181e-07 0.00133594
2.182e-07 0.002
2.183e-07 0.00146875
2.184e-07 0.000382813
2.185e-07 -8.59374e-05
2.186e-07 0.00065625
2.187e-07 0.002
2.188e-07 0.00276563
2.189e-07 0.00249219
2.19e-07 0.00141406
2.191e-07 0.000367188
2.192e-07 1.3411e-10
2.193e-07 0.0005
2.194e-07 0.00150781
2.195e-07 0.00233594
2.196e-07 0.00246094
2.197e-07 0.002
2.198e-07 0.0013125
2.199e-07 0.0004375
2.2e-07 -0.000460937
2.201e-07 -0.00075
2.202e-07 1.3411e-10
2.203e-07 0.0015
2.204e-07 0.00225781
2.205e-07 0.00127344
2.206e-07 -0.000726562
2.207e-07 -0.002
2.208e-07 -0.00125781
2.209e-07 0.000875
2.21e-07 0.00282031
2.211e-07 0.00314063
2.212e-07 0.002
2.213e-07 0.00053125
2.214e-07 -0.000140625
2.215e-07 0.000367188
2.216e-07 0.00139844
2.217e-07 0.002
2.218e-07 0.00157813
2.219e-07 0.000523438
2.22e-07 -0.000375
2.221e-07 -0.000492187
2.222e-07 1.3411e-10
2.223e-07 0.000445313
2.224e-07 0.000289063
2.225e-07 -0.000390625
2.226e-07 -0.000726562
2.227e-07 1.3411e-10
2.228e-07 0.00164063
2.229e-07 0.002375
2.23e-07 0.00102344
2.231e-07 -0.00123437
2.232e-07 -0.002
2.233e-07 -0.000140625
2.234e-07 0.00179688
2.235e-07 0.00128906
2.236e-07 -0.00101562
2.237e-07 -0.002
2.238e-07 0.000390625
2.239e-07 0.00336719
2.24e-07 0.00349219
2.241e-07 0.00059375
2.242e-07 -0.002
2.243e-07 -0.00128125
2.244e-07 0.0010625
2.245e-07 0.002125
2.246e-07 0.00108594
2.247e-07 1.3411e-10
2.248e-07 0.000796875
2.249e-07 0.00192969
