-4e-07 -9.21875e-05
-3.995e-07 -0.000157031
-3.99e-07 -0.00019375
-3.985e-07 -0.000209375
-3.98e-07 -0.0003375
-3.975e-07 -0.000302344
-3.97e-07 -0.000285937
-3.965e-07 -0.000267969
-3.96e-07 -0.000340625
-3.955e-07 -0.000346094
-3.95e-07 -0.000355469
-3.945e-07 -0.000392969
-3.94e-07 -0.000423437
-3.935e-07 -0.000461719
-3.93e-07 -0.000482812
-3.925e-07 -0.00046875
-3.92e-07 -0.000471875
-3.915e-07 -0.000489062
-3.91e-07 -0.000498437
-3.905e-07 -0.000489062
-3.9e-07 -0.000475
-3.895e-07 -0.0005
-3.89e-07 -0.000494531
-3.885e-07 -0.00044375
-3.88e-07 -0.000452344
-3.875e-07 -0.000432031
-3.87e-07 -0.000367969
-3.865e-07 -0.000325
-3.86e-07 -0.000285156
-3.855e-07 -0.000252344
-3.85e-07 -0.000230469
-3.845e-07 -0.000173437
-3.84e-07 -0.000152344
-3.835e-07 -0.000114844
-3.83e-07 -4.45312e-05
-3.825e-07 -4.53125e-05
-3.82e-07 3.04688e-05
-3.815e-07 9.29688e-05
-3.81e-07 9.45313e-05
-3.805e-07 0.000167188
-3.8e-07 0.000194531
-3.795e-07 0.0002375
-3.79e-07 0.000292969
-3.785e-07 0.000299219
-3.78e-07 0.000310156
-3.775e-07 0.000414844
-3.77e-07 0.000403125
-3.765e-07 0.000392969
-3.76e-07 0.000471094
-3.755e-07 0.000423438
-3.75e-07 0.000414063
-3.745e-07 0.000461719
-3.74e-07 0.000420313
-3.735e-07 0.000477344
-3.73e-07 0.000453125
-3.725e-07 0.000446094
-3.72e-07 0.000435156
-3.715e-07 0.000444531
-3.71e-07 0.000407031
-3.705e-07 0.000339844
-3.7e-07 0.000367969
-3.695e-07 0.00034375
-3.69e-07 0.000346094
-3.685e-07 0.000284375
-3.68e-07 0.000292188
-3.675e-07 0.0002375
-3.67e-07 0.0001875
-3.665e-07 0.000174219
-3.66e-07 9.84375e-05
-3.655e-07 7.73438e-05
-3.65e-07 7.65625e-05
-3.645e-07 1.01563e-05
-3.64e-07 -1.32812e-05
-3.635e-07 -5.39062e-05
-3.63e-07 -8.75e-05
-3.625e-07 -0.000128125
-3.62e-07 -0.000152344
-3.615e-07 -0.000230469
-3.61e-07 -0.000147656
-3.605e-07 -0.000210156
-3.6e-07 -0.00025
-3.595e-07 -0.000178906
-3.59e-07 -0.000245312
-3.585e-07 -0.00026875
-3.58e-07 -0.000250781
-3.575e-07 -0.000247656
-3.57e-07 -0.000275781
-3.565e-07 -0.000296875
-3.56e-07 -0.000282812
-3.555e-07 -0.0002875
-3.55e-07 -0.000250781
-3.545e-07 -0.0002625
-3.54e-07 -0.000316406
-3.535e-07 -0.00026875
-3.53e-07 -0.00025625
-3.525e-07 -0.000219531
-3.52e-07 -0.000221094
-3.515e-07 -0.0002125
-3.51e-07 -0.000192969
-3.505e-07 -0.000235937
-3.5e-07 -0.000189844
-3.495e-07 -0.000127344
-3.49e-07 -8.51562e-05
-3.485e-07 -7.89062e-05
-3.48e-07 -7.89062e-05
-3.475e-07 -6.32812e-05
-3.47e-07 -4.29687e-05
-3.465e-07 -4.29687e-05
-3.46e-07 -5.3125e-05
-3.455e-07 -1.17187e-05
-3.45e-07 1.71875e-05
-3.445e-07 4.68751e-06
-3.44e-07 4.76563e-05
-3.435e-07 1.5625e-05
-3.43e-07 2.8125e-05
-3.425e-07 8.59376e-06
-3.42e-07 8.59376e-06
-3.415e-07 -7.81237e-07
-3.41e-07 -1.64062e-05
-3.405e-07 -8.59374e-06
-3.4e-07 -3.90624e-06
-3.395e-07 -3.67187e-05
-3.39e-07 -5.07812e-05
-3.385e-07 -4.6875e-05
-3.38e-07 -5.85937e-05
-3.375e-07 -3.28125e-05
-3.37e-07 -6.71875e-05
-3.365e-07 -4.6875e-05
-3.36e-07 -1.64062e-05
-3.355e-07 -1.09375e-05
-3.35e-07 -2.89062e-05
-3.345e-07 -2.26562e-05
-3.34e-07 -7.03124e-06
-3.335e-07 1.875e-05
-3.33e-07 1.48438e-05
-3.325e-07 2.34375e-05
-3.32e-07 2.89063e-05
-3.315e-07 3.35938e-05
-3.31e-07 6.5625e-05
-3.305e-07 6.64063e-05
-3.3e-07 4.0625e-05
-3.295e-07 9.14063e-05
-3.29e-07 6.5625e-05
-3.285e-07 0.000149219
-3.28e-07 0.000169531
-3.275e-07 0.000103125
-3.27e-07 0.000135938
-3.265e-07 0.000251563
-3.26e-07 0.000209375
-3.255e-07 0.000235938
-3.25e-07 0.000282813
-3.245e-07 0.000251563
-3.24e-07 0.000313281
-3.235e-07 0.000341406
-3.23e-07 0.000304688
-3.225e-07 0.000298438
-3.22e-07 0.000333594
-3.215e-07 0.000377344
-3.21e-07 0.000342188
-3.205e-07 0.000298438
-3.2e-07 0.000319531
-3.195e-07 0.000338281
-3.19e-07 0.000339063
-3.185e-07 0.000328906
-3.18e-07 0.000286719
-3.175e-07 0.000242969
-3.17e-07 0.000215625
-3.165e-07 0.000224219
-3.16e-07 0.000192969
-3.155e-07 0.000157813
-3.15e-07 0.0001875
-3.145e-07 8.04688e-05
-3.14e-07 8.75e-05
-3.135e-07 6.71875e-05
-3.13e-07 1.64063e-05
-3.125e-07 1.48438e-05
-3.12e-07 -1.25e-05
-3.115e-07 -0.000103125
-3.11e-07 -8.4375e-05
-3.105e-07 -0.000163281
-3.1e-07 -0.000184375
-3.095e-07 -0.0002125
-3.09e-07 -0.000234375
-3.085e-07 -0.000242187
-3.08e-07 -0.000279687
-3.075e-07 -0.0002875
-3.07e-07 -0.000323437
-3.065e-07 -0.00034375
-3.06e-07 -0.00034375
-3.055e-07 -0.000379687
-3.05e-07 -0.000377344
-3.045e-07 -0.000410156
-3.04e-07 -0.0004125
-3.035e-07 -0.000414062
-3.03e-07 -0.000369531
-3.025e-07 -0.00036875
-3.02e-07 -0.0004
-3.015e-07 -0.000397656
-3.01e-07 -0.000339844
-3.005e-07 -0.000285156
-3e-07 -0.000277344
-2.995e-07 -0.000239844
-2.99e-07 -0.000219531
-2.985e-07 -0.000192187
-2.98e-07 -0.000205469
-2.975e-07 -0.000142187
-2.97e-07 -4.29687e-05
-2.965e-07 -7.89062e-05
-2.96e-07 -5e-05
-2.955e-07 3.90625e-05
-2.95e-07 6.17188e-05
-2.945e-07 0.000132031
-2.94e-07 0.000126563
-2.935e-07 0.000161719
-2.93e-07 0.000182031
-2.925e-07 0.000242188
-2.92e-07 0.000260156
-2.915e-07 0.000290625
-2.91e-07 0.000338281
-2.905e-07 0.000323438
-2.9e-07 0.000313281
-2.895e-07 0.000374219
-2.89e-07 0.000352344
-2.885e-07 0.000395313
-2.88e-07 0.000369531
-2.875e-07 0.000408594
-2.87e-07 0.000383594
-2.865e-07 0.000430469
-2.86e-07 0.000391406
-2.855e-07 0.000408594
-2.85e-07 0.000389844
-2.845e-07 0.000385156
-2.84e-07 0.000384375
-2.835e-07 0.000332031
-2.83e-07 0.000353125
-2.825e-07 0.000307813
-2.82e-07 0.00026875
-2.815e-07 0.000251563
-2.81e-07 0.000253125
-2.805e-07 0.000163281
-2.8e-07 0.000177344
-2.795e-07 0.000132031
-2.79e-07 0.000123438
-2.785e-07 0.000102344
-2.78e-07 4.29688e-05
-2.775e-07 5.9375e-05
-2.77e-07 5.15625e-05
-2.765e-07 -1.71875e-05
-2.76e-07 -3.20312e-05
-2.755e-07 -4.92187e-05
-2.75e-07 -6.01562e-05
-2.745e-07 -0.000101562
-2.74e-07 -0.000102344
-2.735e-07 -0.000172656
-2.73e-07 -0.00010625
-2.725e-07 -0.000164844
-2.72e-07 -0.000180469
-2.715e-07 -0.000175
-2.71e-07 -0.00015625
-2.705e-07 -0.000188281
-2.7e-07 -0.000189062
-2.695e-07 -0.000205469
-2.69e-07 -0.000171875
-2.685e-07 -0.000224219
-2.68e-07 -0.00018125
-2.675e-07 -0.0002
-2.67e-07 -0.000170312
-2.665e-07 -0.000203125
-2.66e-07 -0.000221094
-2.655e-07 -0.000207031
-2.65e-07 -0.0001625
-2.645e-07 -0.00020625
-2.64e-07 -0.000202344
-2.635e-07 -0.00019375
-2.63e-07 -0.000183594
-2.625e-07 -0.000165625
-2.62e-07 -0.000190625
-2.615e-07 -0.000154687
-2.61e-07 -0.000163281
-2.605e-07 -0.000176562
-2.6e-07 -0.000221875
-2.595e-07 -0.000149219
-2.59e-07 -0.000130469
-2.585e-07 -0.000173437
-2.58e-07 -0.000164844
-2.575e-07 -0.000197656
-2.57e-07 -0.000171875
-2.565e-07 -0.00015
-2.56e-07 -0.000177344
-2.555e-07 -0.0002
-2.55e-07 -0.000129687
-2.545e-07 -0.000130469
-2.54e-07 -0.000209375
-2.535e-07 -0.000178125
-2.53e-07 -0.000209375
-2.525e-07 -0.000170312
-2.52e-07 -0.000172656
-2.515e-07 -0.000144531
-2.51e-07 -0.000179687
-2.505e-07 -0.00013125
-2.5e-07 -9.60937e-05
-2.495e-07 -0.000114844
-2.49e-07 -0.000134375
-2.485e-07 -0.000141406
-2.48e-07 -8.28125e-05
-2.475e-07 -0.000135156
-2.47e-07 -8.4375e-05
-2.465e-07 -1e-04
-2.46e-07 -5.15625e-05
-2.455e-07 -4.0625e-05
-2.45e-07 -3.51562e-05
-2.445e-07 -5.9375e-05
-2.44e-07 -3.35937e-05
-2.435e-07 6.48438e-05
-2.43e-07 9.21875e-05
-2.425e-07 3.82813e-05
-2.42e-07 0.00010625
-2.415e-07 0.0001375
-2.41e-07 0.000147656
-2.405e-07 0.000148438
-2.4e-07 0.000199219
-2.395e-07 0.000240625
-2.39e-07 0.000234375
-2.385e-07 0.000260156
-2.38e-07 0.000280469
-2.375e-07 0.000211719
-2.37e-07 0.000246094
-2.365e-07 0.000296094
-2.36e-07 0.00025625
-2.355e-07 0.00025625
-2.35e-07 0.000245313
-2.345e-07 0.000224219
-2.34e-07 0.000210156
-2.335e-07 0.000196094
-2.33e-07 0.000219531
-2.325e-07 0.000210938
-2.32e-07 0.000215625
-2.315e-07 0.000201563
-2.31e-07 0.000174219
-2.305e-07 0.00014375
-2.3e-07 0.000114063
-2.295e-07 0.000132813
-2.29e-07 0.00014375
-2.285e-07 0.000123438
-2.28e-07 0.000109375
-2.275e-07 5.3125e-05
-2.27e-07 2.10938e-05
-2.265e-07 2.26563e-05
-2.26e-07 1.875e-05
-2.255e-07 -5.46874e-06
-2.25e-07 -8.35937e-05
-2.245e-07 -0.000135156
-2.24e-07 -0.000135937
-2.235e-07 -0.000192187
-2.23e-07 -0.000180469
-2.225e-07 -0.000229687
-2.22e-07 -0.000294531
-2.215e-07 -0.000282031
-2.21e-07 -0.000278125
-2.205e-07 -0.0003375
-2.2e-07 -0.000300781
-2.195e-07 -0.000296094
-2.19e-07 -0.000307812
-2.185e-07 -0.00029375
-2.18e-07 -0.000300781
-2.175e-07 -0.000288281
-2.17e-07 -0.000307812
-2.165e-07 -0.000267187
-2.16e-07 -0.000292187
-2.155e-07 -0.000263281
-2.15e-07 -0.000259375
-2.145e-07 -0.000222656
-2.14e-07 -0.00024375
-2.135e-07 -0.000159375
-2.13e-07 -0.000190625
-2.125e-07 -0.000207812
-2.12e-07 -0.000149219
-2.115e-07 -0.000175781
-2.11e-07 -0.000146875
-2.105e-07 -0.000173437
-2.1e-07 -0.000147656
-2.095e-07 -9.21875e-05
-2.09e-07 -6.5625e-05
-2.085e-07 -9.45312e-05
-2.08e-07 -5.78125e-05
-2.075e-07 -8.4375e-05
-2.07e-07 7.03126e-06
-2.065e-07 -1.56249e-06
-2.06e-07 8.125e-05
-2.055e-07 8.75e-05
-2.05e-07 0.000139844
-2.045e-07 0.000135938
-2.04e-07 0.000214063
-2.035e-07 0.000153125
-2.03e-07 0.000207813
-2.025e-07 0.000275
-2.02e-07 0.000266406
-2.015e-07 0.000267969
-2.01e-07 0.000254688
-2.005e-07 0.000310156
-2e-07 0.00029375
-1.995e-07 0.000313281
-1.99e-07 0.0002625
-1.985e-07 0.000294531
-1.98e-07 0.000255469
-1.975e-07 0.000265625
-1.97e-07 0.000226563
-1.965e-07 0.000209375
-1.96e-07 0.00025
-1.955e-07 0.000179688
-1.95e-07 0.000246875
-1.945e-07 0.0002375
-1.94e-07 0.00020625
-1.935e-07 0.000157813
-1.93e-07 0.000174219
-1.925e-07 0.000139063
-1.92e-07 0.000203906
-1.915e-07 0.000155469
-1.91e-07 0.000102344
-1.905e-07 8.59375e-05
-1.9e-07 8.20313e-05
-1.895e-07 0.000100781
-1.89e-07 8.4375e-05
-1.885e-07 3.90625e-05
-1.88e-07 6.25e-05
-1.875e-07 5.46876e-06
-1.87e-07 1.32813e-05
-1.865e-07 -2.03125e-05
-1.86e-07 6.25001e-06
-1.855e-07 -4.29687e-05
-1.85e-07 -3.28125e-05
-1.845e-07 -7.34375e-05
-1.84e-07 -5.3125e-05
-1.835e-07 -7.03125e-05
-1.83e-07 -4.84375e-05
-1.825e-07 5.46876e-06
-1.82e-07 -5.39062e-05
-1.815e-07 -4.0625e-05
-1.81e-07 -7.73437e-05
-1.805e-07 -4.21875e-05
-1.8e-07 -5.54687e-05
-1.795e-07 -5.15625e-05
-1.79e-07 -2.73437e-05
-1.785e-07 -1.17187e-05
-1.78e-07 -2.03125e-05
-1.775e-07 2.5e-05
-1.77e-07 -4.60937e-05
-1.765e-07 -1.875e-05
-1.76e-07 -3.4375e-05
-1.755e-07 -6.24999e-06
-1.75e-07 1.5625e-05
-1.745e-07 -5.54687e-05
-1.74e-07 3.125e-05
-1.735e-07 1.01563e-05
-1.73e-07 3.4375e-05
-1.725e-07 3.20313e-05
-1.72e-07 -3.12499e-06
-1.715e-07 1.79688e-05
-1.71e-07 -1.48437e-05
-1.705e-07 -2.89062e-05
-1.7e-07 -2.5e-05
-1.695e-07 1.25e-05
-1.69e-07 -3.28125e-05
-1.685e-07 2.1875e-05
-1.68e-07 -1.32812e-05
-1.675e-07 -5.625e-05
-1.67e-07 -2.1875e-05
-1.665e-07 -1.40625e-05
-1.66e-07 -8.51562e-05
-1.655e-07 -6.79687e-05
-1.65e-07 -3.04687e-05
-1.645e-07 -3.90625e-05
-1.64e-07 -7.10937e-05
-1.635e-07 -2.8125e-05
-1.63e-07 -6.71875e-05
-1.625e-07 -7.57812e-05
-1.62e-07 -9.76562e-05
-1.615e-07 -5.54687e-05
-1.61e-07 -7.26562e-05
-1.605e-07 -4.375e-05
-1.6e-07 -8.04687e-05
-1.595e-07 2.5e-05
-1.59e-07 -7.81237e-07
-1.585e-07 -3.20312e-05
-1.58e-07 -3.12499e-06
-1.575e-07 -1.40625e-05
-1.57e-07 -1.875e-05
-1.565e-07 1.56251e-06
-1.56e-07 7.34375e-05
-1.555e-07 1.01563e-05
-1.55e-07 0.000114063
-1.545e-07 9.375e-05
-1.54e-07 6.79688e-05
-1.535e-07 9.53125e-05
-1.53e-07 0.000119531
-1.525e-07 0.000157031
-1.52e-07 0.000141406
-1.515e-07 0.000186719
-1.51e-07 0.000207813
-1.505e-07 0.000203125
-1.5e-07 0.000163281
-1.495e-07 0.000157031
-1.49e-07 0.000170313
-1.485e-07 0.000141406
-1.48e-07 0.000149219
-1.475e-07 0.000150781
-1.47e-07 0.000122656
-1.465e-07 9.45313e-05
-1.46e-07 9.14063e-05
-1.455e-07 0.000110156
-1.45e-07 6.40625e-05
-1.445e-07 0.0001
-1.44e-07 7.34375e-05
-1.435e-07 9.76563e-05
-1.43e-07 7.42188e-05
-1.425e-07 6.875e-05
-1.42e-07 8.67188e-05
-1.415e-07 5.3125e-05
-1.41e-07 6.95313e-05
-1.405e-07 5.85938e-05
-1.4e-07 1.40625e-05
-1.395e-07 2.96875e-05
-1.39e-07 -3.20312e-05
-1.385e-07 -4.6875e-05
-1.38e-07 -9.29687e-05
-1.375e-07 -0.000121094
-1.37e-07 -9.84375e-05
-1.365e-07 -0.000180469
-1.36e-07 -0.000190625
-1.355e-07 -0.000220312
-1.35e-07 -0.00025
-1.345e-07 -0.000275
-1.34e-07 -0.000333594
-1.335e-07 -0.000310156
-1.33e-07 -0.000328906
-1.325e-07 -0.000327344
-1.32e-07 -0.000332031
-1.315e-07 -0.000335937
-1.31e-07 -0.000360156
-1.305e-07 -0.000286719
-1.3e-07 -0.000266406
-1.295e-07 -0.000304687
-1.29e-07 -0.000314844
-1.285e-07 -0.000285937
-1.28e-07 -0.000296875
-1.275e-07 -0.00026875
-1.27e-07 -0.000310937
-1.265e-07 -0.000258594
-1.26e-07 -0.000220312
-1.255e-07 -0.000219531
-1.25e-07 -0.000210156
-1.245e-07 -0.000233594
-1.24e-07 -0.000196875
-1.235e-07 -0.000185156
-1.23e-07 -0.000202344
-1.225e-07 -0.000153906
-1.22e-07 -0.000114062
-1.215e-07 -0.000145312
-1.21e-07 -9.0625e-05
-1.205e-07 -5.39062e-05
-1.2e-07 -7.81249e-06
-1.195e-07 -6.24999e-06
-1.19e-07 -6.5625e-05
-1.185e-07 1.09375e-05
-1.18e-07 8.82813e-05
-1.175e-07 8.67188e-05
-1.17e-07 4.6875e-05
-1.165e-07 4.53125e-05
-1.16e-07 0.000116406
-1.155e-07 0.000120313
-1.15e-07 4.6875e-05
-1.145e-07 0.000150781
-1.14e-07 0.000115625
-1.135e-07 0.0002125
-1.13e-07 0.000146875
-1.125e-07 0.000221875
-1.12e-07 0.000225
-1.115e-07 0.000160156
-1.11e-07 0.000125
-1.105e-07 0.000128906
-1.1e-07 0.000110938
-1.095e-07 0.000169531
-1.09e-07 0.00025625
-1.085e-07 0.000223438
-1.08e-07 0.000236719
-1.075e-07 0.000142188
-1.07e-07 0.000119531
-1.065e-07 0.000167969
-1.06e-07 0.000121875
-1.055e-07 4.92188e-05
-1.05e-07 6.25e-05
-1.045e-07 0.000103906
-1.04e-07 0.000135938
-1.035e-07 5.54688e-05
-1.03e-07 -4.29687e-05
-1.025e-07 -3.75e-05
-1.02e-07 -3.28125e-05
-1.015e-07 -4.84375e-05
-1.01e-07 -1.5625e-05
-1.005e-07 5.78125e-05
-1e-07 4.45313e-05
-9.95e-08 1.71875e-05
-9.9e-08 -7.1875e-05
-9.85e-08 4.68751e-06
-9.8e-08 -5.23437e-05
-9.75e-08 1.40625e-05
-9.7e-08 -9.37499e-06
-9.65e-08 2.8125e-05
-9.6e-08 0.000163281
-9.55e-08 0.000140625
-9.5e-08 0.000139844
-9.45e-08 0.000139063
-9.4e-08 8.98438e-05
-9.35e-08 2.96875e-05
-9.3e-08 4.45313e-05
-9.25e-08 5.3125e-05
-9.2e-08 0.000107813
-9.15e-08 0.000198438
-9.1e-08 0.000216406
-9.05e-08 0.000210156
-9e-08 0.000189063
-8.95e-08 0.000160156
-8.9e-08 0.000109375
-8.85e-08 0.000116406
-8.8e-08 0.000108594
-8.75e-08 0.000177344
-8.7e-08 0.000253906
-8.65e-08 0.000233594
-8.6e-08 0.000263281
-8.55e-08 0.000260938
-8.5e-08 0.000241406
-8.45e-08 0.000240625
-8.4e-08 0.0001625
-8.35e-08 0.000154688
-8.3e-08 0.000188281
-8.25e-08 0.000178906
-8.2e-08 0.000153125
-8.15e-08 0.000205469
-8.1e-08 0.00013125
-8.05e-08 0.000128125
-8e-08 0.000105469
-7.95e-08 0.000127344
-7.9e-08 8.20313e-05
-7.85e-08 2.89063e-05
-7.8e-08 -1.17187e-05
-7.75e-08 3.67188e-05
-7.7e-08 5.23438e-05
-7.65e-08 7.81251e-06
-7.6e-08 -5.46875e-05
-7.55e-08 -7.26562e-05
-7.5e-08 -4.21875e-05
-7.45e-08 -9.76562e-05
-7.4e-08 -0.000132031
-7.35e-08 -7.42187e-05
-7.3e-08 -1.01562e-05
-7.25e-08 -1.79687e-05
-7.2e-08 -9.375e-05
-7.15e-08 -0.000102344
-7.1e-08 -4.0625e-05
-7.05e-08 -7.03124e-06
-7e-08 2.65625e-05
-6.95e-08 2.8125e-05
-6.9e-08 2.96875e-05
-6.85e-08 2.73438e-05
-6.8e-08 0.000101563
-6.75e-08 7.65625e-05
-6.7e-08 4.53125e-05
-6.65e-08 5.54688e-05
-6.6e-08 8.125e-05
-6.55e-08 0.000121875
-6.5e-08 0.000171094
-6.45e-08 0.000163281
-6.4e-08 0.00010625
-6.35e-08 6.875e-05
-6.3e-08 6.875e-05
-6.25e-08 3.82813e-05
-6.2e-08 -1.32812e-05
-6.15e-08 7.65625e-05
-6.1e-08 0.000107813
-6.05e-08 0.000138281
-6e-08 7.10938e-05
-5.95e-08 9.14063e-05
-5.9e-08 0.000111719
-5.85e-08 0.000132031
-5.8e-08 0.000104688
-5.75e-08 7.42188e-05
-5.7e-08 0.000110156
-5.65e-08 0.000125781
-5.6e-08 0.000164844
-5.55e-08 0.000127344
-5.5e-08 9.14063e-05
-5.45e-08 0.000113281
-5.4e-08 9.76563e-05
-5.35e-08 4.60938e-05
-5.3e-08 2.34375e-05
-5.25e-08 4.375e-05
-5.2e-08 8.59376e-06
-5.15e-08 -1.17187e-05
-5.1e-08 1.56251e-06
-5.05e-08 -2.57812e-05
-5e-08 -6.48437e-05
-4.95e-08 -0.00014375
-4.9e-08 -0.000146875
-4.85e-08 -0.000121094
-4.8e-08 -9.92187e-05
-4.75e-08 -0.000180469
-4.7e-08 -0.000180469
-4.65e-08 -0.000114844
-4.6e-08 -0.000147656
-4.55e-08 -0.000188281
-4.5e-08 -0.000234375
-4.45e-08 -0.000203906
-4.4e-08 -0.000159375
-4.35e-08 -0.000167969
-4.3e-08 -0.000196875
-4.25e-08 -0.000177344
-4.2e-08 -0.00015
-4.15e-08 -0.000128125
-4.1e-08 -9.45312e-05
-4.05e-08 -9.53125e-05
-4e-08 -2.8125e-05
-3.95e-08 -5.23437e-05
-3.9e-08 1.79688e-05
-3.85e-08 0.000108594
-3.8e-08 0.000225781
-3.75e-08 0.000335156
-3.7e-08 0.000403906
-3.65e-08 0.0005125
-3.6e-08 0.000492188
-3.55e-08 0.00049375
-3.5e-08 0.000344531
-3.45e-08 0.000315625
-3.4e-08 0.000460938
-3.35e-08 0.000642187
-3.3e-08 0.000958594
-3.25e-08 0.000996094
-3.2e-08 0.00112656
-3.15e-08 0.00404453
-3.1e-08 0.010543
-3.05e-08 0.013182
-3e-08 0.00689609
-2.95e-08 -0.00442109
-2.9e-08 -0.0133805
-2.85e-08 -0.0159977
-2.8e-08 -0.0130398
-2.75e-08 -0.00733672
-2.7e-08 -0.000817187
-2.65e-08 0.00272969
-2.6e-08 0.000914844
-2.55e-08 -0.00417891
-2.5e-08 -0.00971719
-2.45e-08 -0.013093
-2.4e-08 -0.0127031
-2.35e-08 -0.00918906
-2.3e-08 -0.00478047
-2.25e-08 -0.000520312
-2.2e-08 0.0036375
-2.15e-08 0.00706406
-2.1e-08 0.00917812
-2.05e-08 0.00956953
-2e-08 0.00788281
-1.95e-08 0.00537891
-1.9e-08 0.00382109
-1.85e-08 0.00384297
-1.8e-08 0.00536406
-1.75e-08 0.00825703
-1.7e-08 0.0114867
-1.65e-08 0.013882
-1.6e-08 0.0145258
-1.55e-08 0.0130367
-1.5e-08 0.00959375
-1.45e-08 0.00498047
-1.4e-08 8.51563e-05
-1.35e-08 -0.00420937
-1.3e-08 -0.00756719
-1.25e-08 -0.00984609
-1.2e-08 -0.0111273
-1.15e-08 -0.0113773
-1.1e-08 -0.0106828
-1.05e-08 -0.00948281
-1e-08 -0.00796875
-9.5e-09 -0.00631719
-9e-09 -0.00482969
-8.5e-09 -0.00348906
-8e-09 -0.00203906
-7.5e-09 -0.000297656
-7e-09 0.00168984
-6.5e-09 0.00371641
-6e-09 0.00555078
-5.5e-09 0.0069
-5e-09 0.00739766
-4.5e-09 0.00708125
-4e-09 0.00589609
-3.5e-09 0.00410937
-3e-09 0.00198828
-2.5e-09 -0.000149219
-2e-09 -0.00187656
-1.5e-09 -0.00317187
-1e-09 -0.00403828
-5e-10 -0.00466094
0 -0.00508047
5e-10 -0.00537031
1e-09 -0.00539687
1.5e-09 -0.00530391
2e-09 -0.00507734
2.5e-09 -0.00465859
3e-09 -0.00401016
3.5e-09 -0.00309062
4e-09 -0.00196016
4.5e-09 -0.000666406
5e-09 0.000582812
5.5e-09 0.00161719
6e-09 0.00250937
6.5e-09 0.00310312
7e-09 0.00347891
7.5e-09 0.00355391
8e-09 0.00345312
8.5e-09 0.00321016
9e-09 0.00302656
9.5e-09 0.00289531
1e-08 0.00281094
1.05e-08 0.00259766
1.1e-08 0.00228828
1.15e-08 0.00195937
1.2e-08 0.00161016
1.25e-08 0.00135234
1.3e-08 0.00118906
1.35e-08 0.00118047
1.4e-08 0.00120234
1.45e-08 0.00107266
1.5e-08 6.09375e-05
1.55e-08 -0.00134375
1.6e-08 -0.00212734
1.65e-08 -0.00211797
1.7e-08 -0.00163281
1.75e-08 -0.00128125
1.8e-08 -0.00145469
1.85e-08 -0.00143203
1.9e-08 -0.000934375
1.95e-08 -9.92187e-05
2e-08 0.000542187
2.05e-08 0.000383594
2.1e-08 -0.000176562
2.15e-08 -0.000607812
2.2e-08 -0.000547656
2.25e-08 -1.25e-05
2.3e-08 0.000889844
2.35e-08 0.00163281
2.4e-08 0.00191875
2.45e-08 0.0017625
2.5e-08 0.000864062
2.55e-08 -0.000792969
2.6e-08 -0.00295781
2.65e-08 -0.00512109
2.7e-08 -0.00608359
2.75e-08 -0.00517891
2.8e-08 -0.00252031
2.85e-08 0.000253125
2.9e-08 0.00172656
2.95e-08 0.00154609
3e-08 0.000185938
3.05e-08 -0.00148203
3.1e-08 -0.00221172
3.15e-08 -0.00167656
3.2e-08 -0.0004
3.25e-08 0.00108437
3.3e-08 0.00230781
3.35e-08 0.00308203
3.4e-08 0.0036875
3.45e-08 0.00407578
3.5e-08 0.00418437
3.55e-08 0.00330937
3.6e-08 0.00164687
3.65e-08 -0.000380469
3.7e-08 -0.00206016
3.75e-08 -0.0029375
3.8e-08 -0.00319844
3.85e-08 -0.00305312
3.9e-08 -0.00286172
3.95e-08 -0.00285391
4e-08 -0.00287266
4.05e-08 -0.00252266
4.1e-08 -0.00207578
4.15e-08 -0.00207578
4.2e-08 -0.00215391
4.25e-08 -0.00116016
4.3e-08 0.00131797
4.35e-08 0.00407266
4.4e-08 0.00580937
4.45e-08 0.00615547
4.5e-08 0.00565
4.55e-08 0.00486953
4.6e-08 0.00388828
4.65e-08 0.0029
4.7e-08 0.00189844
4.75e-08 0.00148672
4.8e-08 0.00150703
4.85e-08 0.00170703
4.9e-08 0.00149531
4.95e-08 0.0006125
5e-08 -0.000650781
5.05e-08 -0.00194687
5.1e-08 -0.00284375
5.15e-08 -0.00324375
5.2e-08 -0.00312344
5.25e-08 -0.00257734
5.3e-08 -0.00183047
5.35e-08 -0.000983594
5.4e-08 -0.000255469
5.45e-08 5.46876e-06
5.5e-08 -0.000113281
5.55e-08 -0.000428906
5.6e-08 -0.000715625
5.65e-08 -0.000754687
5.7e-08 -0.000630469
5.75e-08 -0.000346875
5.8e-08 -3.75e-05
5.85e-08 0.00016875
5.9e-08 -0.000354687
5.95e-08 -0.00143906
6e-08 -0.0027
6.05e-08 -0.00355703
6.1e-08 -0.00356953
6.15e-08 -0.00279844
6.2e-08 -0.00182266
6.25e-08 -0.000841406
6.3e-08 0.000142969
6.35e-08 0.000807812
6.4e-08 0.00122266
6.45e-08 0.00124844
6.5e-08 0.00109297
6.55e-08 0.00107422
6.6e-08 0.0011125
6.65e-08 0.00131875
6.7e-08 0.00135312
6.75e-08 0.00122969
6.8e-08 0.00105156
6.85e-08 0.000882812
6.9e-08 0.000665625
6.95e-08 0.000225781
7e-08 -0.000132812
7.05e-08 -0.000297656
7.1e-08 -0.000175
7.15e-08 0.000175
7.2e-08 0.000580469
7.25e-08 0.00096875
7.3e-08 0.00109062
7.35e-08 0.00113906
7.4e-08 0.00106797
7.45e-08 0.000879687
7.5e-08 0.000733594
7.55e-08 0.00069375
7.6e-08 0.000653906
7.65e-08 0.000526563
7.7e-08 0.000364844
7.75e-08 7.81251e-06
7.8e-08 -0.000264062
7.85e-08 -0.000600781
7.9e-08 -0.00096875
7.95e-08 -0.00127187
8e-08 -0.00140625
8.05e-08 -0.00149531
8.1e-08 -0.00158203
8.15e-08 -0.00162266
8.2e-08 -0.0016
8.25e-08 -0.00159922
8.3e-08 -0.00163828
8.35e-08 -0.00178203
8.4e-08 -0.0019125
8.45e-08 -0.00202734
8.5e-08 -0.00204531
8.55e-08 -0.00199766
8.6e-08 -0.00183359
8.65e-08 -0.00152656
8.7e-08 -0.00119297
8.75e-08 -0.000934375
8.8e-08 -0.000795312
8.85e-08 -0.000719531
8.9e-08 -0.000640625
8.95e-08 -0.000521094
9e-08 -0.0004375
9.05e-08 -0.000226562
9.1e-08 -7.81249e-06
9.15e-08 0.0002625
9.2e-08 0.000625781
9.25e-08 0.000953906
9.3e-08 0.00111562
9.35e-08 0.00108281
9.4e-08 0.000907812
9.45e-08 0.000671875
9.5e-08 0.000519531
9.55e-08 0.000392969
9.6e-08 0.000354688
9.65e-08 0.000391406
9.7e-08 0.000482813
9.75e-08 0.000569531
9.8e-08 0.000739844
9.85e-08 0.00085625
9.9e-08 0.000982812
9.95e-08 0.00111094
1e-07 0.00124375
1.005e-07 0.00128125
1.01e-07 0.00134609
1.015e-07 0.0012875
1.02e-07 0.00120937
1.025e-07 0.00123125
1.03e-07 0.00108047
1.035e-07 0.000788281
1.04e-07 0.000514844
1.045e-07 0.000234375
1.05e-07 1.5625e-05
1.055e-07 -0.000200781
1.06e-07 -0.000253125
1.065e-07 -0.00024375
1.07e-07 -0.0001875
1.075e-07 -0.000171094
1.08e-07 -0.000223437
1.085e-07 -0.000266406
1.09e-07 -0.000305469
1.095e-07 -0.00019375
1.1e-07 -0.000129687
1.105e-07 1.3411e-11
1.11e-07 0.000127344
1.115e-07 0.0001875
1.12e-07 0.000144531
1.125e-07 6.25001e-06
1.13e-07 -0.000126562
1.135e-07 -0.000197656
1.14e-07 -0.000250781
1.145e-07 -0.000216406
1.15e-07 -0.000253125
1.155e-07 -0.000257812
1.16e-07 -0.000186719
1.165e-07 -0.000161719
1.17e-07 -6.09375e-05
1.175e-07 4.6875e-05
1.18e-07 2.1875e-05
1.185e-07 -2.26562e-05
1.19e-07 -3.90625e-05
1.195e-07 -6.25e-05
1.2e-07 -9.21875e-05
1.205e-07 -0.0001125
1.21e-07 -9.76562e-05
1.215e-07 -5.54687e-05
1.22e-07 -9.45312e-05
1.225e-07 -9.76562e-05
1.23e-07 -0.000161719
1.235e-07 -0.000215625
1.24e-07 -0.000222656
1.245e-07 -0.000257031
1.25e-07 -0.000321875
1.255e-07 -0.000254687
1.26e-07 -0.000172656
1.265e-07 -0.000123437
1.27e-07 -8.35937e-05
1.275e-07 -7.57812e-05
1.28e-07 -5.625e-05
1.285e-07 -5.54687e-05
1.29e-07 -5.70312e-05
1.295e-07 -5e-05
1.3e-07 -1.875e-05
1.305e-07 -3.125e-05
1.31e-07 9.37501e-06
1.315e-07 -7.10937e-05
1.32e-07 -1.40625e-05
1.325e-07 -0.000107031
1.33e-07 -0.000170312
1.335e-07 -0.000335156
1.34e-07 -0.000358594
1.345e-07 -0.000494531
1.35e-07 -0.000509375
1.355e-07 -0.000530469
1.36e-07 -0.000532812
1.365e-07 -0.000474219
1.37e-07 -0.000435156
1.375e-07 -0.000340625
1.38e-07 -0.000377344
1.385e-07 -0.000392187
1.39e-07 -0.00044375
1.395e-07 -0.000496094
1.4e-07 -0.000471094
1.405e-07 -0.000550781
1.41e-07 -0.000576562
1.415e-07 -0.000646094
1.42e-07 -0.000647656
1.425e-07 -0.000671875
1.43e-07 -0.000760156
1.435e-07 -0.000766406
1.44e-07 -0.000785156
1.445e-07 -0.000883594
1.45e-07 -0.000982812
1.455e-07 -0.00107969
1.46e-07 -0.00117422
1.465e-07 -0.00121328
1.47e-07 -0.00121406
1.475e-07 -0.00120312
1.48e-07 -0.00117812
1.485e-07 -0.00110234
1.49e-07 -0.00106484
1.495e-07 -0.00095
1.5e-07 -0.000788281
1.505e-07 -0.000622656
1.51e-07 -0.000517187
1.515e-07 -0.000517969
1.52e-07 -0.000479687
1.525e-07 -0.000370312
1.53e-07 -0.0002625
1.535e-07 -0.000178906
1.54e-07 -0.000216406
1.545e-07 -0.000167187
1.55e-07 -7.34375e-05
1.555e-07 -9.45312e-05
1.56e-07 -0.000190625
1.565e-07 -0.000285937
1.57e-07 -0.000367969
1.575e-07 -0.000371094
1.58e-07 -0.000417969
1.585e-07 -0.000432812
1.59e-07 -0.000421875
1.595e-07 -0.000345312
1.6e-07 -0.000370312
1.605e-07 -0.000260937
1.61e-07 -0.000107031
1.615e-07 -6.32812e-05
1.62e-07 -3.35937e-05
1.625e-07 -0.000140625
1.63e-07 -0.000202344
1.635e-07 -0.000200781
1.64e-07 7.96875e-05
1.645e-07 0.00058125
1.65e-07 0.00102812
1.655e-07 0.00126719
1.66e-07 0.00117187
1.665e-07 0.000728906
1.67e-07 0.000354688
1.675e-07 0.000242969
1.68e-07 0.00059375
1.685e-07 0.00115859
1.69e-07 0.00145234
1.695e-07 0.00142734
1.7e-07 0.000960937
1.705e-07 0.000347656
1.71e-07 -0.000267969
1.715e-07 -0.000657812
1.72e-07 -0.000732812
1.725e-07 -0.000771875
1.73e-07 -0.000739844
1.735e-07 -0.000627344
1.74e-07 -0.000566406
1.745e-07 -0.000589844
1.75e-07 -0.000675781
1.755e-07 -0.000523437
1.76e-07 -0.000353906
1.765e-07 2.03125e-05
1.77e-07 0.000515625
1.775e-07 0.000905469
1.78e-07 0.00131797
1.785e-07 0.00152344
1.79e-07 0.00162891
1.795e-07 0.00165312
1.8e-07 0.00143594
1.805e-07 0.00112734
1.81e-07 0.000835156
1.815e-07 0.000516406
1.82e-07 0.000257813
1.825e-07 0.000175781
1.83e-07 8.82813e-05
1.835e-07 9.92188e-05
1.84e-07 6.32813e-05
1.845e-07 -3.28125e-05
1.85e-07 -0.0001625
1.855e-07 -0.000310156
1.86e-07 -0.000436719
1.865e-07 -0.00035
1.87e-07 -0.000166406
1.875e-07 0.000148438
1.88e-07 0.000514063
1.885e-07 0.000764062
1.89e-07 0.00102344
1.895e-07 0.000932812
1.9e-07 0.000694531
1.905e-07 0.000445313
1.91e-07 0.000311719
1.915e-07 0.000261719
1.92e-07 0.000332031
1.925e-07 0.000360156
1.93e-07 0.0002625
1.935e-07 9.53125e-05
1.94e-07 -8.90625e-05
1.945e-07 -0.000275
1.95e-07 -0.000507031
1.955e-07 -0.000647656
1.96e-07 -0.000621875
1.965e-07 -0.000475781
1.97e-07 -0.000264844
1.975e-07 -0.000110156
1.98e-07 -9.0625e-05
1.985e-07 -7.96875e-05
1.99e-07 -6.79687e-05
1.995e-07 4.68751e-06
2e-07 6.71875e-05
2.005e-07 0.00015
2.01e-07 0.000166406
2.015e-07 0.000139844
2.02e-07 4.92188e-05
2.025e-07 -6.79687e-05
2.03e-07 -0.000120312
2.035e-07 -0.000173437
2.04e-07 -0.000217187
2.045e-07 -0.000360156
2.05e-07 -0.000410156
2.055e-07 -0.000560156
2.06e-07 -0.000515625
2.065e-07 -0.000525
2.07e-07 -0.000438281
2.075e-07 -0.000329687
2.08e-07 -0.00019375
2.085e-07 -9.53125e-05
2.09e-07 -2.10937e-05
2.095e-07 -8.59374e-06
2.1e-07 -5.3125e-05
2.105e-07 -4.53125e-05
2.11e-07 -7.10937e-05
2.115e-07 -0.000149219
2.12e-07 -0.000114844
2.125e-07 -0.000100781
2.13e-07 -0.000140625
2.135e-07 -0.000226562
2.14e-07 -0.000375781
2.145e-07 -0.000497656
2.15e-07 -0.000603125
2.155e-07 -0.000582031
2.16e-07 -0.000586719
2.165e-07 -0.000588281
2.17e-07 -0.00060625
2.175e-07 -0.000509375
2.18e-07 -0.0004875
2.185e-07 -0.000419531
2.19e-07 -0.000407812
2.195e-07 -0.000388281
2.2e-07 -0.000383594
2.205e-07 -0.000360156
2.21e-07 -0.000308594
2.215e-07 -0.000296875
2.22e-07 -0.000227344
2.225e-07 -0.000209375
2.23e-07 -0.000259375
2.235e-07 -0.000159375
2.24e-07 -0.000257031
2.245e-07 -0.000360937
2.25e-07 -0.000454687
2.255e-07 -0.000471875
2.26e-07 -0.000460937
2.265e-07 -0.000496875
2.27e-07 -0.000460156
2.275e-07 -0.00045625
2.28e-07 -0.000429687
2.285e-07 -0.000349219
2.29e-07 -0.000353906
2.295e-07 -0.000339062
2.3e-07 -0.000280469
2.305e-07 -0.000275
2.31e-07 -0.00020625
2.315e-07 -0.000149219
2.32e-07 -9.76562e-05
2.325e-07 -5e-05
2.33e-07 -0.000116406
2.335e-07 -8.59375e-05
2.34e-07 -8.98437e-05
2.345e-07 -0.000115625
2.35e-07 -0.00014375
2.355e-07 -0.000174219
2.36e-07 -0.000217187
2.365e-07 -0.000254687
2.37e-07 -0.00025
2.375e-07 -0.000238281
2.38e-07 -0.000266406
2.385e-07 -0.000217969
2.39e-07 -0.000169531
2.395e-07 -0.000174219
2.4e-07 -0.000159375
2.405e-07 -6.09375e-05
2.41e-07 4.68751e-06
2.415e-07 5.15625e-05
2.42e-07 6.71875e-05
2.425e-07 9.14063e-05
2.43e-07 0.000114063
2.435e-07 0.000107031
2.44e-07 0.000173438
2.445e-07 0.000202344
2.45e-07 0.000101563
2.455e-07 0.000100781
2.46e-07 -1.64062e-05
2.465e-07 6.40625e-05
2.47e-07 1.95313e-05
2.475e-07 4.21875e-05
2.48e-07 0.000108594
2.485e-07 0.000113281
2.49e-07 0.000138281
2.495e-07 0.000208594
2.5e-07 0.000142969
2.505e-07 0.000203125
2.51e-07 0.00021875
2.515e-07 0.000310156
2.52e-07 0.000410938
2.525e-07 0.000433594
2.53e-07 0.000557031
2.535e-07 0.000585937
2.54e-07 0.000576562
2.545e-07 0.000598437
2.55e-07 0.000486719
2.555e-07 0.000469531
2.56e-07 0.000450781
2.565e-07 0.00043125
2.57e-07 0.000467188
2.575e-07 0.000420313
2.58e-07 0.0004625
2.585e-07 0.00044375
2.59e-07 0.000420313
2.595e-07 0.000339063
2.6e-07 0.000301563
2.605e-07 0.000244531
2.61e-07 0.000271094
2.615e-07 0.000303125
2.62e-07 0.000247656
2.625e-07 0.0002875
2.63e-07 0.000327344
2.635e-07 0.000319531
2.64e-07 0.000371875
2.645e-07 0.000321875
2.65e-07 0.000301563
2.655e-07 0.000339063
2.66e-07 0.000263281
2.665e-07 0.000283594
2.67e-07 0.000172656
2.675e-07 0.000232031
2.68e-07 0.000142188
2.685e-07 0.000123438
2.69e-07 0.000101563
2.695e-07 3.82813e-05
2.7e-07 -4.92187e-05
2.705e-07 -4.45312e-05
2.71e-07 -4.14062e-05
2.715e-07 -0.000167187
2.72e-07 -0.000132812
2.725e-07 -0.000174219
2.73e-07 -0.000159375
2.735e-07 -0.000209375
2.74e-07 -0.000211719
2.745e-07 -0.000185937
2.75e-07 -0.000174219
2.755e-07 -0.000175
2.76e-07 -0.000208594
2.765e-07 -0.000207031
2.77e-07 -0.000210937
2.775e-07 -0.000197656
2.78e-07 -0.000219531
2.785e-07 -0.000248437
2.79e-07 -0.00020625
2.795e-07 -0.000197656
2.8e-07 -0.000157812
2.805e-07 -0.000157812
2.81e-07 -0.000240625
2.815e-07 -0.000184375
2.82e-07 -0.000215625
2.825e-07 -0.000210156
2.83e-07 -0.00015625
2.835e-07 -0.000142969
2.84e-07 -8.98437e-05
2.845e-07 -0.000171094
2.85e-07 -2.34375e-05
2.855e-07 -4.375e-05
2.86e-07 -1.09375e-05
2.865e-07 -5.46874e-06
2.87e-07 3.28125e-05
2.875e-07 2.8125e-05
2.88e-07 7.26563e-05
2.885e-07 7.73438e-05
2.89e-07 0.000103906
2.895e-07 7.89063e-05
2.9e-07 5.23438e-05
2.905e-07 6.48438e-05
2.91e-07 5.78125e-05
2.915e-07 0.0001375
2.92e-07 0.000171875
2.925e-07 0.0001125
2.93e-07 0.0001125
2.935e-07 9.375e-05
2.94e-07 5.3125e-05
2.945e-07 7.34375e-05
2.95e-07 5e-05
2.955e-07 4.375e-05
2.96e-07 3.98438e-05
2.965e-07 5.15625e-05
2.97e-07 0.000109375
2.975e-07 9.76563e-05
2.98e-07 5e-05
2.985e-07 6.71875e-05
2.99e-07 5.85938e-05
2.995e-07 8.04688e-05
3e-07 7.10938e-05
3.005e-07 8.125e-05
3.01e-07 9.92188e-05
3.015e-07 0.000157031
3.02e-07 9.14063e-05
3.025e-07 8.04688e-05
3.03e-07 0.0001
3.035e-07 -1.56249e-06
3.04e-07 3.98438e-05
3.045e-07 -5.3125e-05
3.05e-07 -4.76562e-05
3.055e-07 -6.5625e-05
3.06e-07 -2.57812e-05
3.065e-07 -7.81249e-06
3.07e-07 1.64063e-05
3.075e-07 7.26563e-05
3.08e-07 0.000107031
3.085e-07 0.0001
3.09e-07 7.26563e-05
3.095e-07 0.000134375
3.1e-07 0.00011875
3.105e-07 9.60938e-05
3.11e-07 0.000113281
3.115e-07 0.000124219
3.12e-07 0.000120313
3.125e-07 0.000126563
3.13e-07 0.000107031
3.135e-07 0.000103906
3.14e-07 4.375e-05
3.145e-07 3.59375e-05
3.15e-07 6.5625e-05
3.155e-07 8.20313e-05
3.16e-07 8.67188e-05
3.165e-07 0.000119531
3.17e-07 8.98438e-05
3.175e-07 3.90625e-05
3.18e-07 -2.34375e-05
3.185e-07 -1.48437e-05
3.19e-07 -1.09375e-05
3.195e-07 -3.35937e-05
3.2e-07 -5.15625e-05
3.205e-07 -1.09375e-05
3.21e-07 -4.53125e-05
3.215e-07 -3.67187e-05
3.22e-07 2.10938e-05
3.225e-07 3.75e-05
3.23e-07 -2.34375e-05
3.235e-07 -6.875e-05
3.24e-07 -0.000160937
3.245e-07 -0.00020625
3.25e-07 -0.000257812
3.255e-07 -0.000264844
3.26e-07 -0.000334375
3.265e-07 -0.000264062
3.27e-07 -0.000244531
3.275e-07 -0.0003375
3.28e-07 -0.000314062
3.285e-07 -0.000388281
3.29e-07 -0.000400781
3.295e-07 -0.000405469
3.3e-07 -0.000348437
3.305e-07 -0.000371875
3.31e-07 -0.000328906
3.315e-07 -0.000276562
3.32e-07 -0.000228125
3.325e-07 -0.000272656
3.33e-07 -0.000235937
3.335e-07 -0.000291406
3.34e-07 -0.000291406
3.345e-07 -0.000253906
3.35e-07 -0.000223437
3.355e-07 -0.0002
3.36e-07 -0.000175781
3.365e-07 -0.000226562
3.37e-07 -0.00024375
3.375e-07 -0.000270312
3.38e-07 -0.00025
3.385e-07 -0.000214062
3.39e-07 -0.000167187
3.395e-07 -0.000103906
3.4e-07 -9.53125e-05
3.405e-07 -0.000116406
3.41e-07 -8.4375e-05
3.415e-07 -0.000133594
3.42e-07 -0.000108594
3.425e-07 -0.000122656
3.43e-07 -7.5e-05
3.435e-07 -4.76562e-05
3.44e-07 -3.04687e-05
3.445e-07 -1.95312e-05
3.45e-07 5.39063e-05
3.455e-07 3.98438e-05
3.46e-07 4.60938e-05
3.465e-07 3.90625e-05
3.47e-07 -2.8125e-05
3.475e-07 2.34376e-06
3.48e-07 3.90625e-05
3.485e-07 7.5e-05
3.49e-07 2.96875e-05
3.495e-07 -3.12499e-06
3.5e-07 4.45313e-05
3.505e-07 1.01563e-05
3.51e-07 1.79688e-05
3.515e-07 5e-05
3.52e-07 3.04688e-05
3.525e-07 -5.07812e-05
3.53e-07 -2.89062e-05
3.535e-07 -0.00011875
3.54e-07 -0.000111719
3.545e-07 -0.000127344
3.55e-07 -9.6875e-05
3.555e-07 -0.000151562
3.56e-07 -0.000164844
3.565e-07 -0.000207031
3.57e-07 -0.000101562
3.575e-07 -0.000127344
3.58e-07 -0.00015
3.585e-07 -0.000127344
3.59e-07 -0.00015625
3.595e-07 -0.000164844
3.6e-07 -0.000139062
3.605e-07 -0.000139062
3.61e-07 -0.000128906
3.615e-07 -0.000126562
3.62e-07 -0.000121875
3.625e-07 -0.000116406
3.63e-07 -9.45312e-05
3.635e-07 -5.85937e-05
3.64e-07 -3.82812e-05
3.645e-07 -5.85937e-05
3.65e-07 -7.10937e-05
3.655e-07 -6.48437e-05
3.66e-07 -9.45312e-05
3.665e-07 -8.98437e-05
3.67e-07 -8.4375e-05
3.675e-07 -0.000114844
3.68e-07 -0.00013125
3.685e-07 -8.98437e-05
3.69e-07 -0.000114062
3.695e-07 -0.000107031
3.7e-07 -8.04687e-05
3.705e-07 -9.6875e-05
3.71e-07 -4.14062e-05
3.715e-07 -9.37499e-06
3.72e-07 4.76563e-05
3.725e-07 4.14063e-05
3.73e-07 8.4375e-05
3.735e-07 7.03125e-05
3.74e-07 7.96875e-05
3.745e-07 0.000115625
3.75e-07 8.35938e-05
3.755e-07 9.21875e-05
3.76e-07 0.000117969
3.765e-07 0.000107813
3.77e-07 0.000100781
3.775e-07 9.76563e-05
3.78e-07 0.000109375
3.785e-07 9.14063e-05
3.79e-07 8.4375e-05
3.795e-07 8.28125e-05
3.8e-07 5.39063e-05
3.805e-07 8.75e-05
3.81e-07 4.92188e-05
3.815e-07 9.29688e-05
3.82e-07 3.04688e-05
3.825e-07 0.000100781
3.83e-07 8.20313e-05
3.835e-07 8.59375e-05
3.84e-07 6.71875e-05
3.845e-07 7.34375e-05
3.85e-07 4.21875e-05
3.855e-07 3.28125e-05
3.86e-07 7.03126e-06
3.865e-07 4.0625e-05
3.87e-07 7.1875e-05
3.875e-07 2.8125e-05
3.88e-07 1.79688e-05
3.885e-07 8.59376e-06
3.89e-07 -6.17187e-05
3.895e-07 -4.14062e-05
3.9e-07 -8.51562e-05
3.905e-07 -4.92187e-05
3.91e-07 -0.0001125
3.915e-07 -5.70312e-05
3.92e-07 -7.57812e-05
3.925e-07 -3.75e-05
3.93e-07 -8.82812e-05
3.935e-07 -8.125e-05
3.94e-07 -6.48437e-05
3.945e-07 -1.25e-05
3.95e-07 -0.00010625
3.955e-07 -6.48437e-05
3.96e-07 -9.76562e-05
3.965e-07 -0.0001875
3.97e-07 -0.00015625
3.975e-07 -0.000239844
3.98e-07 -0.000228906
3.985e-07 -0.000244531
3.99e-07 -0.00028125
3.995e-07 -0.000296094
4e-07 -0.000279687
4.005e-07 -0.000321875
4.01e-07 -0.000301562
4.015e-07 -0.00026875
4.02e-07 -0.000328125
4.025e-07 -0.000274219
4.03e-07 -0.000300781
4.035e-07 -0.000273437
4.04e-07 -0.000333594
4.045e-07 -0.000351562
4.05e-07 -0.000361719
4.055e-07 -0.000404687
4.06e-07 -0.000423437
4.065e-07 -0.000463281
4.07e-07 -0.000527344
4.075e-07 -0.000511719
4.08e-07 -0.000521094
4.085e-07 -0.000542187
4.09e-07 -0.000539844
4.095e-07 -0.000522656
4.1e-07 -0.000563281
4.105e-07 -0.000533594
4.11e-07 -0.000517969
4.115e-07 -0.000458594
4.12e-07 -0.000549219
4.125e-07 -0.000483594
4.13e-07 -0.000482812
4.135e-07 -0.000405469
4.14e-07 -0.000385156
4.145e-07 -0.000399219
4.15e-07 -0.000348437
4.155e-07 -0.000342187
4.16e-07 -0.000365625
4.165e-07 -0.000361719
4.17e-07 -0.000332812
4.175e-07 -0.000339062
4.18e-07 -0.000379687
4.185e-07 -0.000340625
4.19e-07 -0.000296875
4.195e-07 -0.000285937
4.2e-07 -0.000228125
4.205e-07 -0.000241406
4.21e-07 -0.000217969
4.215e-07 -0.000173437
4.22e-07 -9.84375e-05
4.225e-07 -6.95312e-05
4.23e-07 -4.84375e-05
4.235e-07 -1.56249e-06
4.24e-07 1.79688e-05
4.245e-07 5.15625e-05
4.25e-07 9.21875e-05
4.255e-07 7.8125e-05
4.26e-07 0.000169531
4.265e-07 0.000117969
4.27e-07 0.000153125
4.275e-07 7.57813e-05
4.28e-07 5.07813e-05
4.285e-07 4.14063e-05
4.29e-07 4.45313e-05
4.295e-07 2.1875e-05
4.3e-07 1.09375e-05
4.305e-07 5e-05
4.31e-07 3.98438e-05
4.315e-07 6.25e-05
4.32e-07 0.000121875
4.325e-07 8.125e-05
4.33e-07 9.0625e-05
4.335e-07 4.92188e-05
4.34e-07 0.000108594
4.345e-07 0.000133594
4.35e-07 0.000144531
4.355e-07 0.000133594
4.36e-07 0.000110938
4.365e-07 0.000128906
4.37e-07 0.000121094
4.375e-07 0.000101563
4.38e-07 8.35938e-05
4.385e-07 9.53125e-05
4.39e-07 6.48438e-05
4.395e-07 6.09375e-05
4.4e-07 5.46876e-06
4.405e-07 -4.68749e-06
4.41e-07 -1.79687e-05
4.415e-07 -2.89062e-05
4.42e-07 -5.70312e-05
4.425e-07 -7.96875e-05
4.43e-07 -0.000133594
4.435e-07 -0.000138281
4.44e-07 -0.000178125
4.445e-07 -0.000177344
4.45e-07 -0.000248437
4.455e-07 -0.000217969
4.46e-07 -0.0002375
4.465e-07 -0.00028125
4.47e-07 -0.000202344
4.475e-07 -0.000219531
4.48e-07 -0.000161719
4.485e-07 -0.000185937
4.49e-07 -0.000125
4.495e-07 -0.000203125
4.5e-07 -0.000135156
4.505e-07 -0.000169531
4.51e-07 -0.000203125
4.515e-07 -0.000203906
4.52e-07 -0.000203906
4.525e-07 -0.000215625
4.53e-07 -0.000197656
4.535e-07 -0.000211719
4.54e-07 -0.000241406
4.545e-07 -0.000203906
4.55e-07 -0.000210156
4.555e-07 -0.000235156
4.56e-07 -0.000188281
4.565e-07 -0.000171875
4.57e-07 -0.000132812
4.575e-07 -0.000125781
4.58e-07 -0.0001375
4.585e-07 -0.000121094
4.59e-07 -0.000119531
4.595e-07 -0.000146875
4.6e-07 -0.000207812
4.605e-07 -0.00021875
4.61e-07 -0.000275781
4.615e-07 -0.000244531
4.62e-07 -0.000279687
4.625e-07 -0.000240625
4.63e-07 -0.000192187
4.635e-07 -8.67187e-05
4.64e-07 -6.95312e-05
4.645e-07 1.95313e-05
4.65e-07 2.57813e-05
4.655e-07 0.000103125
4.66e-07 0.000125781
4.665e-07 0.000103125
4.67e-07 6.40625e-05
4.675e-07 5.3125e-05
4.68e-07 -2.10937e-05
4.685e-07 -1.64062e-05
4.69e-07 -1.875e-05
4.695e-07 -6.95312e-05
4.7e-07 -7.8125e-05
4.705e-07 -5.46875e-05
4.71e-07 -0.000104687
4.715e-07 -7.34375e-05
4.72e-07 -0.000117969
4.725e-07 -0.0001375
4.73e-07 -0.000167187
4.735e-07 -0.000133594
4.74e-07 -0.000164844
4.745e-07 -0.000179687
4.75e-07 -0.000145312
4.755e-07 -0.000210937
4.76e-07 -0.000217969
4.765e-07 -0.00024375
4.77e-07 -0.00025625
4.775e-07 -0.000217187
4.78e-07 -0.000239062
4.785e-07 -0.000211719
4.79e-07 -0.000192187
4.795e-07 -0.000133594
4.8e-07 -0.000183594
4.805e-07 -0.000185937
4.81e-07 -0.000186719
4.815e-07 -0.000155469
4.82e-07 -0.000173437
4.825e-07 -0.000188281
4.83e-07 -0.0002125
4.835e-07 -0.000252344
4.84e-07 -0.000248437
4.845e-07 -0.000240625
4.85e-07 -0.000200781
4.855e-07 -0.000225781
4.86e-07 -0.000245312
4.865e-07 -0.00025625
4.87e-07 -0.00020625
4.875e-07 -0.000247656
4.88e-07 -0.000226562
4.885e-07 -0.000120312
4.89e-07 -0.000201562
4.895e-07 -0.000195312
4.9e-07 -0.000175
4.905e-07 -0.000120312
4.91e-07 -0.00018125
4.915e-07 -0.000208594
4.92e-07 -0.000254687
4.925e-07 -0.000221094
4.93e-07 -0.000199219
4.935e-07 -0.0002125
4.94e-07 -0.00023125
4.945e-07 -0.000233594
4.95e-07 -0.000172656
4.955e-07 -0.000114062
4.96e-07 -0.000117969
4.965e-07 -9.76562e-05
4.97e-07 -6.48437e-05
4.975e-07 -7.96875e-05
4.98e-07 -1.56249e-06
4.985e-07 1.40625e-05
4.99e-07 5.07813e-05
4.995e-07 5.15625e-05
5e-07 7.8125e-05
5.005e-07 5.39063e-05
5.01e-07 0.0001
5.015e-07 0.000139844
5.02e-07 0.000164844
5.025e-07 0.000164844
5.03e-07 0.000141406
5.035e-07 0.000139844
5.04e-07 0.000189844
5.045e-07 0.00015
5.05e-07 0.0001375
5.055e-07 0.000202344
5.06e-07 0.00018125
5.065e-07 0.000246094
5.07e-07 0.000228906
5.075e-07 0.000221875
5.08e-07 0.000253125
5.085e-07 0.000282031
5.09e-07 0.000241406
5.095e-07 0.000299219
5.1e-07 0.000236719
5.105e-07 0.000258594
5.11e-07 0.000260938
5.115e-07 0.000253125
5.12e-07 0.000275781
5.125e-07 0.000259375
5.13e-07 0.000229688
5.135e-07 0.000245313
5.14e-07 0.000228906
5.145e-07 0.000223438
5.15e-07 0.000232813
5.155e-07 0.000255469
5.16e-07 0.000264063
5.165e-07 0.00028125
5.17e-07 0.000279688
5.175e-07 0.000298438
5.18e-07 0.000310156
5.185e-07 0.000296875
5.19e-07 0.000291406
5.195e-07 0.000222656
5.2e-07 0.000182813
5.205e-07 0.000113281
5.21e-07 0.000142188
5.215e-07 9.29688e-05
5.22e-07 7.5e-05
5.225e-07 6.64063e-05
5.23e-07 7.03126e-06
5.235e-07 4.45313e-05
5.24e-07 6.32813e-05
5.245e-07 5.9375e-05
5.25e-07 9.53125e-05
5.255e-07 8.90625e-05
5.26e-07 0.000161719
5.265e-07 0.000116406
5.27e-07 0.000173438
5.275e-07 0.000151563
5.28e-07 0.00010625
5.285e-07 8.90625e-05
5.29e-07 9.29688e-05
5.295e-07 8.82813e-05
5.3e-07 4.14063e-05
5.305e-07 6.32813e-05
5.31e-07 2.96875e-05
5.315e-07 3.59375e-05
5.32e-07 3.04688e-05
5.325e-07 1.48438e-05
5.33e-07 -5e-05
5.335e-07 -8.51562e-05
5.34e-07 -0.000111719
5.345e-07 -0.000123437
5.35e-07 -0.000204687
5.355e-07 -0.000222656
5.36e-07 -0.000184375
5.365e-07 -0.000224219
5.37e-07 -0.000292969
5.375e-07 -0.000307031
5.38e-07 -0.000341406
5.385e-07 -0.000369531
5.39e-07 -0.000375781
5.395e-07 -0.000363281
5.4e-07 -0.000332031
5.405e-07 -0.000364062
5.41e-07 -0.000358594
5.415e-07 -0.000292969
5.42e-07 -0.000303906
5.425e-07 -0.00030625
5.43e-07 -0.00035
5.435e-07 -0.000359375
5.44e-07 -0.000361719
5.445e-07 -0.000398437
5.45e-07 -0.000376562
5.455e-07 -0.000442969
5.46e-07 -0.000390625
5.465e-07 -0.000373437
5.47e-07 -0.000426562
5.475e-07 -0.000373437
5.48e-07 -0.000325
5.485e-07 -0.000311719
5.49e-07 -0.000298437
5.495e-07 -0.000308594
5.5e-07 -0.000241406
5.505e-07 -0.00014375
5.51e-07 -0.000188281
5.515e-07 -0.000164844
5.52e-07 -0.000172656
5.525e-07 -0.000191406
5.53e-07 -0.000201562
5.535e-07 -0.000163281
5.54e-07 -0.000257031
5.545e-07 -0.000213281
5.55e-07 -0.000201562
5.555e-07 -0.000226562
5.56e-07 -0.000246875
5.565e-07 -0.000222656
5.57e-07 -0.000232812
5.575e-07 -0.000290625
5.58e-07 -0.000271094
5.585e-07 -0.000247656
5.59e-07 -0.000207812
5.595e-07 -0.000171094
5.6e-07 -7.73437e-05
5.605e-07 -6.95312e-05
5.61e-07 -2.89062e-05
5.615e-07 -7.42187e-05
5.62e-07 -3.75e-05
5.625e-07 2.96875e-05
5.63e-07 8.125e-05
5.635e-07 6.5625e-05
5.64e-07 7.03125e-05
5.645e-07 0.000126563
5.65e-07 6.875e-05
5.655e-07 9.0625e-05
5.66e-07 3.28125e-05
5.665e-07 6.25e-05
5.67e-07 -2.1875e-05
5.675e-07 -3.4375e-05
5.68e-07 -9.6875e-05
5.685e-07 -9.84375e-05
5.69e-07 -0.000142969
5.695e-07 -0.00015
5.7e-07 -0.000166406
5.705e-07 -0.000157812
5.71e-07 -0.000185156
5.715e-07 -0.000132812
5.72e-07 -0.000103906
5.725e-07 -0.000140625
5.73e-07 -0.000105469
5.735e-07 -0.00011875
5.74e-07 -9.60937e-05
5.745e-07 -9.84375e-05
5.75e-07 -7.34375e-05
5.755e-07 -0.000145312
5.76e-07 -0.000153125
5.765e-07 -0.000144531
5.77e-07 -0.000177344
5.775e-07 -0.000225781
5.78e-07 -0.000185156
5.785e-07 -0.000179687
5.79e-07 -0.000232031
5.795e-07 -0.0002125
5.8e-07 -0.000203125
5.805e-07 -0.000196094
5.81e-07 -0.000165625
5.815e-07 -0.000175781
5.82e-07 -0.000176562
5.825e-07 -0.000144531
5.83e-07 -0.000142969
5.835e-07 -0.000132031
5.84e-07 -8.35937e-05
5.845e-07 -0.000121875
5.85e-07 -9.14062e-05
5.855e-07 -4.53125e-05
5.86e-07 -4.375e-05
5.865e-07 2.89063e-05
5.87e-07 2.34375e-05
5.875e-07 0.000113281
5.88e-07 5.70313e-05
5.885e-07 0.000113281
5.89e-07 0.000155469
5.895e-07 0.000164063
5.9e-07 0.000139844
5.905e-07 0.000265625
5.91e-07 0.000204688
5.915e-07 0.000209375
5.92e-07 0.000263281
5.925e-07 0.000269531
5.93e-07 0.000279688
5.935e-07 0.000258594
5.94e-07 0.000267969
5.945e-07 0.000264063
5.95e-07 0.000254688
5.955e-07 0.000246094
5.96e-07 0.0002875
5.965e-07 0.000275781
5.97e-07 0.000253906
5.975e-07 0.000253125
5.98e-07 0.000191406
5.985e-07 0.000238281
5.99e-07 0.000197656
5.995e-07 0.000160156
6e-07 0.000172656
6.005e-07 0.000174219
6.01e-07 0.000175781
6.015e-07 0.000161719
6.02e-07 9.76563e-05
6.025e-07 0.000126563
6.03e-07 0.000114844
6.035e-07 0.000117188
6.04e-07 0.000142969
6.045e-07 0.000164063
6.05e-07 0.000134375
6.055e-07 0.000147656
6.06e-07 0.000107813
6.065e-07 0.000103125
6.07e-07 8.67188e-05
6.075e-07 9.37501e-06
6.08e-07 4.60938e-05
6.085e-07 2.10938e-05
6.09e-07 3.35938e-05
6.095e-07 2.8125e-05
6.1e-07 -3.28125e-05
6.105e-07 -2.57812e-05
6.11e-07 -2.26562e-05
6.115e-07 -2.89062e-05
6.12e-07 -3.67187e-05
6.125e-07 -7.5e-05
6.13e-07 -3.20312e-05
6.135e-07 -4.92187e-05
6.14e-07 -8.20312e-05
6.145e-07 -0.000108594
6.15e-07 -8.75e-05
6.155e-07 -0.000124219
6.16e-07 -0.000141406
6.165e-07 -0.000127344
6.17e-07 -0.000108594
6.175e-07 -0.0001125
6.18e-07 -0.000183594
6.185e-07 -0.000164844
6.19e-07 -0.000185156
6.195e-07 -0.000160156
6.2e-07 -0.0001625
6.205e-07 -0.0001875
6.21e-07 -0.000220312
6.215e-07 -0.000224219
6.22e-07 -0.000257812
6.225e-07 -0.000239844
6.23e-07 -0.000308594
6.235e-07 -0.000310937
6.24e-07 -0.000288281
6.245e-07 -0.000351562
6.25e-07 -0.000371875
6.255e-07 -0.000301562
6.26e-07 -0.000317187
6.265e-07 -0.000330469
6.27e-07 -0.000334375
6.275e-07 -0.000386719
6.28e-07 -0.000353906
6.285e-07 -0.000378125
6.29e-07 -0.000377344
6.295e-07 -0.00036875
6.3e-07 -0.000339844
6.305e-07 -0.000310937
6.31e-07 -0.000238281
6.315e-07 -0.000261719
6.32e-07 -0.0002
6.325e-07 -0.000160156
6.33e-07 -0.000147656
6.335e-07 -0.000185156
6.34e-07 -8.82812e-05
6.345e-07 -9.6875e-05
6.35e-07 -0.000104687
6.355e-07 -0.000160937
6.36e-07 -0.000107812
6.365e-07 -9.76562e-05
6.37e-07 -1.01562e-05
6.375e-07 2.5e-05
6.38e-07 -1.01562e-05
6.385e-07 -7.03124e-06
6.39e-07 -8.90625e-05
6.395e-07 -3.90625e-05
6.4e-07 -8.20312e-05
6.405e-07 -8.98437e-05
6.41e-07 -9.76562e-05
6.415e-07 -4.92187e-05
6.42e-07 -9.375e-05
6.425e-07 -8.51562e-05
6.43e-07 -0.000110156
6.435e-07 -6.25e-05
6.44e-07 -9.14062e-05
6.445e-07 -0.000121094
6.45e-07 -0.00015
6.455e-07 -0.0001375
6.46e-07 -0.000132031
6.465e-07 -0.000146875
6.47e-07 -0.000132812
6.475e-07 -0.000153906
6.48e-07 -0.000129687
6.485e-07 -0.000142969
6.49e-07 -0.000164062
6.495e-07 -0.000164062
6.5e-07 -0.000210156
6.505e-07 -0.000233594
6.51e-07 -0.000254687
6.515e-07 -0.000244531
6.52e-07 -0.000292969
6.525e-07 -0.0003375
6.53e-07 -0.000374219
6.535e-07 -0.00041875
6.54e-07 -0.000478125
6.545e-07 -0.000444531
6.55e-07 -0.000475
6.555e-07 -0.000417969
6.56e-07 -0.000446094
6.565e-07 -0.000432812
6.57e-07 -0.000457031
6.575e-07 -0.000367969
6.58e-07 -0.000353125
6.585e-07 -0.000360937
6.59e-07 -0.000313281
6.595e-07 -0.000303906
6.6e-07 -0.000223437
6.605e-07 -0.000271875
6.61e-07 -0.000294531
6.615e-07 -0.000355469
6.62e-07 -0.000385937
6.625e-07 -0.000367187
6.63e-07 -0.000404687
6.635e-07 -0.000450781
6.64e-07 -0.000397656
6.645e-07 -0.000485156
6.65e-07 -0.000388281
6.655e-07 -0.000474219
6.66e-07 -0.000484375
6.665e-07 -0.000411719
6.67e-07 -0.000399219
6.675e-07 -0.000414062
6.68e-07 -0.000351562
6.685e-07 -0.000257031
6.69e-07 -0.000282031
6.695e-07 -0.000223437
6.7e-07 -0.00023125
6.705e-07 -0.000258594
6.71e-07 -0.000215625
6.715e-07 -0.000228125
6.72e-07 -0.000208594
6.725e-07 -0.000285937
6.73e-07 -0.000295312
6.735e-07 -0.000292187
6.74e-07 -0.000320312
6.745e-07 -0.00034375
6.75e-07 -0.000321875
6.755e-07 -0.000303906
6.76e-07 -0.000328125
6.765e-07 -0.000321875
6.77e-07 -0.000317187
6.775e-07 -0.000296094
6.78e-07 -0.000295312
6.785e-07 -0.000305469
6.79e-07 -0.000315625
6.795e-07 -0.000263281
6.8e-07 -0.000244531
6.805e-07 -0.000255469
6.81e-07 -0.000189844
6.815e-07 -0.000169531
6.82e-07 -0.000157031
6.825e-07 -0.0001125
6.83e-07 -4.76562e-05
6.835e-07 -6.32812e-05
6.84e-07 3.12501e-06
6.845e-07 -1.95312e-05
6.85e-07 -4.21875e-05
6.855e-07 1.40625e-05
6.86e-07 1.3411e-11
6.865e-07 5.23438e-05
6.87e-07 8.04688e-05
6.875e-07 0.0001
6.88e-07 0.000123438
6.885e-07 0.000202344
6.89e-07 0.000190625
6.895e-07 0.00024375
6.9e-07 0.000195313
6.905e-07 0.00029375
6.91e-07 0.000223438
6.915e-07 0.000209375
6.92e-07 0.000155469
6.925e-07 0.000184375
6.93e-07 0.000192969
6.935e-07 0.000186719
6.94e-07 9.92188e-05
6.945e-07 6.25e-05
6.95e-07 1.875e-05
6.955e-07 9.375e-05
6.96e-07 2.89063e-05
6.965e-07 -4.68749e-06
6.97e-07 -3.4375e-05
6.975e-07 -8.51562e-05
6.98e-07 -5.70312e-05
6.985e-07 -4.76562e-05
6.99e-07 -0.0001125
6.995e-07 -0.000138281
7e-07 -0.000178125
7.005e-07 -0.000180469
7.01e-07 -0.000260937
7.015e-07 -0.000271094
7.02e-07 -0.00034375
7.025e-07 -0.000341406
7.03e-07 -0.000380469
7.035e-07 -0.000410937
7.04e-07 -0.000442187
7.045e-07 -0.000445312
7.05e-07 -0.000478906
7.055e-07 -0.00051875
7.06e-07 -0.000519531
7.065e-07 -0.000532812
7.07e-07 -0.000515625
7.075e-07 -0.000521875
7.08e-07 -0.000483594
7.085e-07 -0.000485937
7.09e-07 -0.000441406
7.095e-07 -0.000435156
7.1e-07 -0.000460937
7.105e-07 -0.000379687
7.11e-07 -0.000351562
7.115e-07 -0.000372656
7.12e-07 -0.000339062
7.125e-07 -0.000303906
7.13e-07 -0.00031875
7.135e-07 -0.000276562
7.14e-07 -0.000274219
7.145e-07 -0.000192187
7.15e-07 -0.000178125
7.155e-07 -0.000135937
7.16e-07 -9.92187e-05
7.165e-07 -0.00010625
7.17e-07 -2.34374e-06
7.175e-07 4.92188e-05
7.18e-07 0.000111719
7.185e-07 0.000121875
7.19e-07 0.000186719
7.195e-07 0.000234375
7.2e-07 0.000271875
7.205e-07 0.000259375
7.21e-07 0.000275
7.215e-07 0.000285938
7.22e-07 0.000317188
7.225e-07 0.000296875
7.23e-07 0.000359375
7.235e-07 0.000355469
7.24e-07 0.000313281
7.245e-07 0.000314844
7.25e-07 0.000315625
7.255e-07 0.000301563
7.26e-07 0.000334375
7.265e-07 0.000317188
7.27e-07 0.000323438
7.275e-07 0.000317969
7.28e-07 0.000334375
7.285e-07 0.000317188
7.29e-07 0.000221875
7.295e-07 0.000278125
7.3e-07 0.0002
7.305e-07 0.000214063
7.31e-07 0.00015
7.315e-07 0.000142188
7.32e-07 0.000104688
7.325e-07 8.82813e-05
7.33e-07 8.82813e-05
7.335e-07 -7.81237e-07
7.34e-07 1.40625e-05
7.345e-07 -8.98437e-05
7.35e-07 -0.000104687
7.355e-07 -0.000122656
7.36e-07 -0.000157812
7.365e-07 -0.00020625
7.37e-07 -0.000184375
7.375e-07 -0.000257031
7.38e-07 -0.000221094
7.385e-07 -0.000259375
7.39e-07 -0.000227344
7.395e-07 -0.000257031
7.4e-07 -0.000304687
7.405e-07 -0.00031875
7.41e-07 -0.000294531
7.415e-07 -0.000307031
7.42e-07 -0.000320312
7.425e-07 -0.000316406
7.43e-07 -0.000359375
7.435e-07 -0.000369531
7.44e-07 -0.000344531
7.445e-07 -0.000385156
7.45e-07 -0.000378125
7.455e-07 -0.000349219
7.46e-07 -0.000367969
7.465e-07 -0.00039375
7.47e-07 -0.000346094
7.475e-07 -0.000355469
7.48e-07 -0.000351562
7.485e-07 -0.00033125
7.49e-07 -0.000340625
7.495e-07 -0.000342187
7.5e-07 -0.000363281
7.505e-07 -0.000370312
7.51e-07 -0.000346094
7.515e-07 -0.000350781
7.52e-07 -0.000296875
7.525e-07 -0.000308594
7.53e-07 -0.000279687
7.535e-07 -0.000251562
7.54e-07 -0.000210156
7.545e-07 -0.000226562
7.55e-07 -0.000197656
7.555e-07 -0.000189844
7.56e-07 -0.000205469
7.565e-07 -0.000233594
7.57e-07 -0.000183594
7.575e-07 -0.000195312
7.58e-07 -0.000123437
7.585e-07 -0.000159375
7.59e-07 -0.0001625
7.595e-07 -0.000153906
7.6e-07 -0.000113281
7.605e-07 -0.000151562
7.61e-07 -7.42187e-05
7.615e-07 -8.98437e-05
7.62e-07 -7.65625e-05
7.625e-07 -8.59375e-05
7.63e-07 -5.9375e-05
7.635e-07 -2.03125e-05
7.64e-07 -2.89062e-05
7.645e-07 -1.01562e-05
7.65e-07 -3.4375e-05
7.655e-07 4.84375e-05
7.66e-07 7.03125e-05
7.665e-07 7.73438e-05
7.67e-07 9.53125e-05
7.675e-07 0.000130469
7.68e-07 0.000154688
7.685e-07 0.000135938
7.69e-07 0.000110938
7.695e-07 0.000158594
7.7e-07 0.000142188
7.705e-07 0.000145313
7.71e-07 0.000203906
7.715e-07 0.000197656
7.72e-07 0.000210156
7.725e-07 0.000189844
7.73e-07 0.000150781
7.735e-07 0.000154688
7.74e-07 0.000120313
7.745e-07 0.000107031
7.75e-07 0.000122656
7.755e-07 0.0001
7.76e-07 0.000139063
7.765e-07 0.000173438
7.77e-07 0.000165625
7.775e-07 0.000146094
7.78e-07 0.000210156
7.785e-07 0.000153125
7.79e-07 0.000185156
7.795e-07 0.000173438
7.8e-07 0.000184375
7.805e-07 0.000126563
7.81e-07 0.000105469
7.815e-07 9.14063e-05
7.82e-07 3.35938e-05
7.825e-07 2.10938e-05
7.83e-07 -1.64062e-05
7.835e-07 -1.09375e-05
7.84e-07 -0.000141406
7.845e-07 -0.000139062
7.85e-07 -0.000230469
7.855e-07 -0.000203906
7.86e-07 -0.0002625
7.865e-07 -0.000271875
7.87e-07 -0.000274219
7.875e-07 -0.000370312
7.88e-07 -0.000390625
7.885e-07 -0.000346094
7.89e-07 -0.000346094
7.895e-07 -0.000380469
7.9e-07 -0.000365625
7.905e-07 -0.000378125
7.91e-07 -0.000385156
7.915e-07 -0.000367187
7.92e-07 -0.000350781
7.925e-07 -0.000361719
7.93e-07 -0.000357812
7.935e-07 -0.000353125
7.94e-07 -0.000353906
7.945e-07 -0.000303906
7.95e-07 -0.000315625
7.955e-07 -0.000325
7.96e-07 -0.0002875
7.965e-07 -0.000341406
7.97e-07 -0.000275
7.975e-07 -0.000294531
7.98e-07 -0.000335937
7.985e-07 -0.000339844
7.99e-07 -0.000308594
7.995e-07 -0.000363281
8e-07 -0.000282031
8.005e-07 -0.000217187
8.01e-07 -0.000203125
8.015e-07 -0.000174219
8.02e-07 -8.90625e-05
8.025e-07 -4.0625e-05
8.03e-07 -3.20312e-05
8.035e-07 3.67188e-05
8.04e-07 7.73438e-05
8.045e-07 0.000125781
8.05e-07 0.000163281
8.055e-07 0.000221875
8.06e-07 0.000225
8.065e-07 0.000275781
8.07e-07 0.000278906
8.075e-07 0.000291406
8.08e-07 0.000307031
8.085e-07 0.000310156
8.09e-07 0.000289063
8.095e-07 0.000277344
8.1e-07 0.000283594
8.105e-07 0.000269531
8.11e-07 0.000296094
8.115e-07 0.000238281
8.12e-07 0.000272656
8.125e-07 0.000273438
8.13e-07 0.000235938
8.135e-07 0.000257031
8.14e-07 0.000179688
8.145e-07 0.000253906
8.15e-07 0.000232813
8.155e-07 0.000225781
8.16e-07 0.000207031
8.165e-07 0.000196875
8.17e-07 0.000172656
8.175e-07 0.000161719
8.18e-07 0.000182031
8.185e-07 0.000192969
8.19e-07 0.000115625
8.195e-07 7.96875e-05
8.2e-07 2.42188e-05
8.205e-07 2.96875e-05
8.21e-07 -9.37499e-06
8.215e-07 -5.23437e-05
8.22e-07 -7.57812e-05
8.225e-07 -6.48437e-05
8.23e-07 -8.82812e-05
8.235e-07 -0.000161719
8.24e-07 -0.000114062
8.245e-07 -0.000191406
8.25e-07 -0.000215625
8.255e-07 -0.000223437
8.26e-07 -0.000222656
8.265e-07 -0.000253906
8.27e-07 -0.000271875
8.275e-07 -0.000263281
8.28e-07 -0.000240625
8.285e-07 -0.000250781
8.29e-07 -0.000242969
8.295e-07 -0.000283594
8.3e-07 -0.0002625
8.305e-07 -0.00028125
8.31e-07 -0.000298437
8.315e-07 -0.000285156
8.32e-07 -0.0002875
8.325e-07 -0.000321094
8.33e-07 -0.000335937
8.335e-07 -0.000325
8.34e-07 -0.000320312
8.345e-07 -0.00030625
8.35e-07 -0.000352344
8.355e-07 -0.000326562
8.36e-07 -0.000378125
8.365e-07 -0.000355469
8.37e-07 -0.000345312
8.375e-07 -0.000264062
8.38e-07 -0.000355469
8.385e-07 -0.000325
8.39e-07 -0.000290625
8.395e-07 -0.000277344
8.4e-07 -0.000276562
8.405e-07 -0.000270312
8.41e-07 -0.000277344
8.415e-07 -0.000263281
8.42e-07 -0.000288281
8.425e-07 -0.000288281
8.43e-07 -0.000296094
8.435e-07 -0.000260156
8.44e-07 -0.000355469
8.445e-07 -0.000261719
8.45e-07 -0.0002875
8.455e-07 -0.000282812
8.46e-07 -0.000299219
8.465e-07 -0.000222656
8.47e-07 -0.00029375
8.475e-07 -0.0002875
8.48e-07 -0.000289062
8.485e-07 -0.000271094
8.49e-07 -0.000271094
8.495e-07 -0.000253125
