-2e-07 0.00040625
-1.9975e-07 0.00040625
-1.995e-07 0.000390625
-1.9925e-07 0.0005
-1.99e-07 -9.37497e-05
-1.9875e-07 0.000546875
-1.985e-07 7.81253e-05
-1.9825e-07 0.00034375
-1.98e-07 0.00034375
-1.9775e-07 6.25003e-05
-1.975e-07 0.000265625
-1.9725e-07 0.000546875
-1.97e-07 0.00040625
-1.9675e-07 0.00021875
-1.965e-07 0.00034375
-1.9625e-07 0.000421875
-1.96e-07 0.000203125
-1.9575e-07 0.000296875
-1.955e-07 0.0004375
-1.9525e-07 0.000328125
-1.95e-07 6.25003e-05
-1.9475e-07 0.0001875
-1.945e-07 -6.24997e-05
-1.9425e-07 0.00040625
-1.94e-07 0.000296875
-1.9375e-07 2.68221e-10
-1.935e-07 0.000484375
-1.9325e-07 0.0003125
-1.93e-07 0.00053125
-1.9275e-07 6.25003e-05
-1.925e-07 0.00053125
-1.9225e-07 0.000703125
-1.92e-07 0.00078125
-1.9175e-07 0.000265625
-1.915e-07 0.000484375
-1.9125e-07 0.00028125
-1.91e-07 0.00040625
-1.9075e-07 0.000140625
-1.905e-07 0.000578125
-1.9025e-07 0.000234375
-1.9e-07 0.000328125
-1.8975e-07 1.56253e-05
-1.895e-07 0.00025
-1.8925e-07 6.25003e-05
-1.89e-07 0.00053125
-1.8875e-07 0.00025
-1.885e-07 0.00059375
-1.8825e-07 0.000265625
-1.88e-07 0.000484375
-1.8775e-07 0.00021875
-1.875e-07 0.00028125
-1.8725e-07 6.25003e-05
-1.87e-07 0.000328125
-1.8675e-07 0.000296875
-1.865e-07 0.0003125
-1.8625e-07 0.000609375
-1.86e-07 -0.00025
-1.8575e-07 0.0005625
-1.855e-07 0.00025
-1.8525e-07 0.000171875
-1.85e-07 0.00046875
-1.8475e-07 -4.68747e-05
-1.845e-07 0.00040625
-1.8425e-07 0.000640625
-1.84e-07 0.000359375
-1.8375e-07 0.0005
-1.835e-07 0.00071875
-1.8325e-07 0.000375
-1.83e-07 0.000265625
-1.8275e-07 0.000390625
-1.825e-07 0.0003125
-1.8225e-07 -0.000328125
-1.82e-07 0.000484375
-1.8175e-07 7.81253e-05
-1.815e-07 0.00053125
-1.8125e-07 0.000234375
-1.81e-07 0.000546875
-1.8075e-07 0.000140625
-1.805e-07 0.000421875
-1.8025e-07 -0.000109375
-1.8e-07 0.000140625
-1.7975e-07 0.00015625
-1.795e-07 0.000359375
-1.7925e-07 0.000359375
-1.79e-07 9.37503e-05
-1.7875e-07 0.000546875
-1.785e-07 -0.000171875
-1.7825e-07 0.0001875
-1.78e-07 0.000359375
-1.7775e-07 0.00034375
-1.775e-07 0.000515625
-1.7725e-07 0.00021875
-1.77e-07 0.000671875
-1.7675e-07 0.000640625
-1.765e-07 0.00034375
-1.7625e-07 0.00021875
-1.76e-07 -0.000203125
-1.7575e-07 0.00040625
-1.755e-07 0.00046875
-1.7525e-07 -4.68747e-05
-1.75e-07 0.000296875
-1.7475e-07 6.25003e-05
-1.745e-07 0.0001875
-1.7425e-07 0.000703125
-1.74e-07 0.0003125
-1.7375e-07 0.000171875
-1.735e-07 0.00034375
-1.7325e-07 -3.12497e-05
-1.73e-07 0.000546875
-1.7275e-07 0.000125
-1.725e-07 0.0004375
-1.7225e-07 0.0003125
-1.72e-07 0.000265625
-1.7175e-07 0.00046875
-1.715e-07 0.0003125
-1.7125e-07 0.0001875
-1.71e-07 0.0003125
-1.7075e-07 0.000453125
-1.705e-07 9.37503e-05
-1.7025e-07 0.00034375
-1.7e-07 0.000390625
-1.6975e-07 -0.000171875
-1.695e-07 0.0004375
-1.6925e-07 0.0003125
-1.69e-07 -9.37497e-05
-1.6875e-07 0.000265625
-1.685e-07 0.000671875
-1.6825e-07 0.0005625
-1.68e-07 0.000390625
-1.6775e-07 0.000515625
-1.675e-07 0.00028125
-1.6725e-07 0.000484375
-1.67e-07 0.000328125
-1.6675e-07 0.00028125
-1.665e-07 0.000171875
-1.6625e-07 0.000140625
-1.66e-07 0.000546875
-1.6575e-07 0.000171875
-1.655e-07 0.000625
-1.6525e-07 0.000796875
-1.65e-07 0.000515625
-1.6475e-07 0.000375
-1.645e-07 0.000359375
-1.6425e-07 4.68753e-05
-1.64e-07 0.00015625
-1.6375e-07 0.000421875
-1.635e-07 0.0005
-1.6325e-07 7.81253e-05
-1.63e-07 0.000359375
-1.6275e-07 0.00028125
-1.625e-07 0.000359375
-1.6225e-07 -0.000203125
-1.62e-07 -3.12497e-05
-1.6175e-07 0.000203125
-1.615e-07 0.000109375
-1.6125e-07 0.000109375
-1.61e-07 0.000609375
-1.6075e-07 0.00025
-1.605e-07 0.00059375
-1.6025e-07 0.00034375
-1.6e-07 0.000234375
-1.5975e-07 0.0006875
-1.595e-07 0.0001875
-1.5925e-07 0.0006875
-1.59e-07 0.000515625
-1.5875e-07 0.0004375
-1.585e-07 0.0004375
-1.5825e-07 0.000140625
-1.58e-07 0.0003125
-1.5775e-07 0.000359375
-1.575e-07 0.000125
-1.5725e-07 0.000734375
-1.57e-07 2.68221e-10
-1.5675e-07 0.000484375
-1.565e-07 0.000328125
-1.5625e-07 0.000234375
-1.56e-07 0.00053125
-1.5575e-07 0.000359375
-1.555e-07 0.0003125
-1.5525e-07 0.000328125
-1.55e-07 0.000328125
-1.5475e-07 0.00015625
-1.545e-07 0.00053125
-1.5425e-07 0.0003125
-1.54e-07 0.000265625
-1.5375e-07 0.00034375
-1.535e-07 0.000484375
-1.5325e-07 0.00028125
-1.53e-07 0.000703125
-1.5275e-07 -3.12497e-05
-1.525e-07 0.00053125
-1.5225e-07 0.000421875
-1.52e-07 0.000734375
-1.5175e-07 0.00021875
-1.515e-07 0.00053125
-1.5125e-07 0.000375
-1.51e-07 0.000390625
-1.5075e-07 0.000234375
-1.505e-07 0.00034375
-1.5025e-07 0.000484375
-1.5e-07 -0.00015625
-1.4975e-07 0.00028125
-1.495e-07 0.000125
-1.4925e-07 0.00084375
-1.49e-07 3.12503e-05
-1.4875e-07 0.00059375
-1.485e-07 0.000453125
-1.4825e-07 0.00040625
-1.48e-07 0.000328125
-1.4775e-07 0.000171875
-1.475e-07 0.000234375
-1.4725e-07 0.000703125
-1.47e-07 0.000234375
-1.4675e-07 0.0005
-1.465e-07 7.81253e-05
-1.4625e-07 0.000578125
-1.46e-07 0.000375
-1.4575e-07 0.00071875
-1.455e-07 9.37503e-05
-1.4525e-07 0.00034375
-1.45e-07 0.0005625
-1.4475e-07 0.0003125
-1.445e-07 0.00053125
-1.4425e-07 0.00021875
-1.44e-07 0.00015625
-1.4375e-07 0.0004375
-1.435e-07 0.0004375
-1.4325e-07 0.000171875
-1.43e-07 0.000203125
-1.4275e-07 -1.56247e-05
-1.425e-07 0.0005625
-1.4225e-07 0.00025
-1.42e-07 0.00046875
-1.4175e-07 0.000140625
-1.415e-07 0.000359375
-1.4125e-07 0.0004375
-1.41e-07 0.000421875
-1.4075e-07 -0.000109375
-1.405e-07 0.000390625
-1.4025e-07 -3.12497e-05
-1.4e-07 0.000390625
-1.3975e-07 0.000203125
-1.395e-07 0.000390625
-1.3925e-07 0.000390625
-1.39e-07 0.000296875
-1.3875e-07 0.00034375
-1.385e-07 0.000453125
-1.3825e-07 0.000484375
-1.38e-07 0.0005625
-1.3775e-07 0.000390625
-1.375e-07 -0.000109375
-1.3725e-07 0.00046875
-1.37e-07 0.000359375
-1.3675e-07 -0.000140625
-1.365e-07 0.000390625
-1.3625e-07 0.0005
-1.36e-07 0.000546875
-1.3575e-07 0.000203125
-1.355e-07 0.000421875
-1.3525e-07 0.000328125
-1.35e-07 0.000140625
-1.3475e-07 0.0001875
-1.345e-07 0.00025
-1.3425e-07 0.0006875
-1.34e-07 0.0001875
-1.3375e-07 0.00034375
-1.335e-07 0.000421875
-1.3325e-07 0.000578125
-1.33e-07 0.000109375
-1.3275e-07 -3.12497e-05
-1.325e-07 0.000484375
-1.3225e-07 0.000390625
-1.32e-07 7.81253e-05
-1.3175e-07 0.00021875
-1.315e-07 0.000421875
-1.3125e-07 3.12503e-05
-1.31e-07 0.000390625
-1.3075e-07 0.000375
-1.305e-07 0.000328125
-1.3025e-07 6.25003e-05
-1.3e-07 0.000578125
-1.2975e-07 0.000171875
-1.295e-07 0.000328125
-1.2925e-07 0.00021875
-1.29e-07 0.00015625
-1.2875e-07 0.00040625
-1.285e-07 0.00053125
-1.2825e-07 0.000234375
-1.28e-07 0.00059375
-1.2775e-07 0.000375
-1.275e-07 -9.37497e-05
-1.2725e-07 0.00021875
-1.27e-07 0.00065625
-1.2675e-07 0.00021875
-1.265e-07 0.000359375
-1.2625e-07 3.12503e-05
-1.26e-07 0.000734375
-1.2575e-07 -0.0001875
-1.255e-07 0.00040625
-1.2525e-07 0.000109375
-1.25e-07 0.000140625
-1.2475e-07 0.0001875
-1.245e-07 0.000234375
-1.2425e-07 0.000265625
-1.24e-07 0.000390625
-1.2375e-07 0.000359375
-1.235e-07 0.000671875
-1.2325e-07 0.00040625
-1.23e-07 0.000109375
-1.2275e-07 0.0004375
-1.225e-07 0.00015625
-1.2225e-07 0.000421875
-1.22e-07 0.000109375
-1.2175e-07 0.000359375
-1.215e-07 0.000328125
-1.2125e-07 0.000109375
-1.21e-07 0.000171875
-1.2075e-07 0.000296875
-1.205e-07 0.000234375
-1.2025e-07 7.81253e-05
-1.2e-07 0.000203125
-1.1975e-07 0.00015625
-1.195e-07 4.68753e-05
-1.1925e-07 0.0003125
-1.19e-07 2.68221e-10
-1.1875e-07 0.00065625
-1.185e-07 9.37503e-05
-1.1825e-07 -3.12497e-05
-1.18e-07 0.000515625
-1.1775e-07 0.000171875
-1.175e-07 0.000609375
-1.1725e-07 0.000328125
-1.17e-07 0.000265625
-1.1675e-07 0.000203125
-1.165e-07 0.000328125
-1.1625e-07 0.000203125
-1.16e-07 0.000265625
-1.1575e-07 6.25003e-05
-1.155e-07 0.000171875
-1.1525e-07 0.00028125
-1.15e-07 0.000609375
-1.1475e-07 0.000296875
-1.145e-07 0.000265625
-1.1425e-07 2.68221e-10
-1.14e-07 0.0005625
-1.1375e-07 0.0005625
-1.135e-07 0.000359375
-1.1325e-07 0.0004375
-1.13e-07 0.00028125
-1.1275e-07 7.81253e-05
-1.125e-07 0.000171875
-1.1225e-07 0.00021875
-1.12e-07 0.000640625
-1.1175e-07 0.00021875
-1.115e-07 0.0004375
-1.1125e-07 0.00021875
-1.11e-07 0.000234375
-1.1075e-07 0.000578125
-1.105e-07 0.00053125
-1.1025e-07 0.000171875
-1.1e-07 0.000453125
-1.0975e-07 0.000203125
-1.095e-07 -3.12497e-05
-1.0925e-07 0.000453125
-1.09e-07 0.00053125
-1.0875e-07 9.37503e-05
-1.085e-07 0.0001875
-1.0825e-07 0.0005625
-1.08e-07 0.0003125
-1.0775e-07 0.00028125
-1.075e-07 0.00065625
-1.0725e-07 0.000234375
-1.07e-07 2.68221e-10
-1.0675e-07 0.00034375
-1.065e-07 3.12503e-05
-1.0625e-07 3.12503e-05
-1.06e-07 0.00034375
-1.0575e-07 0.000265625
-1.055e-07 0.000515625
-1.0525e-07 0.00028125
-1.05e-07 0.000125
-1.0475e-07 0.000375
-1.045e-07 0.000328125
-1.0425e-07 3.12503e-05
-1.04e-07 0.000390625
-1.0375e-07 0.00040625
-1.035e-07 0.000234375
-1.0325e-07 1.56253e-05
-1.03e-07 0.00046875
-1.0275e-07 0.000234375
-1.025e-07 0.000359375
-1.0225e-07 2.68221e-10
-1.02e-07 0.000484375
-1.0175e-07 0.0001875
-1.015e-07 0.000609375
-1.0125e-07 0.00028125
-1.01e-07 0.000515625
-1.0075e-07 0.000265625
-1.005e-07 0.000125
-1.0025e-07 0.000375
-1e-07 0.00046875
-9.975e-08 0.000265625
-9.95e-08 0.0005
-9.925e-08 2.68221e-10
-9.9e-08 0.000484375
-9.875e-08 0.000125
-9.85e-08 0.000484375
-9.825e-08 0.0003125
-9.8e-08 3.12503e-05
-9.775e-08 4.68753e-05
-9.75e-08 -7.81247e-05
-9.725e-08 0.000296875
-9.7e-08 0.000578125
-9.675e-08 6.25003e-05
-9.65e-08 0.0004375
-9.625e-08 0.000390625
-9.6e-08 2.68221e-10
-9.575e-08 0.00053125
-9.55e-08 0.000484375
-9.525e-08 0.000578125
-9.5e-08 0.000484375
-9.475e-08 -4.68747e-05
-9.45e-08 0.000140625
-9.425e-08 0.00028125
-9.4e-08 0.00021875
-9.375e-08 0.000203125
-9.35e-08 -7.81247e-05
-9.325e-08 0.000484375
-9.3e-08 -4.68747e-05
-9.275e-08 0.00040625
-9.25e-08 0.000390625
-9.225e-08 0.000515625
-9.2e-08 0.00053125
-9.175e-08 0.00040625
-9.15e-08 0.0005625
-9.125e-08 4.68753e-05
-9.1e-08 0.00034375
-9.075e-08 6.25003e-05
-9.05e-08 0.0001875
-9.025e-08 0.000140625
-9e-08 0.000234375
-8.975e-08 7.81253e-05
-8.95e-08 -0.000109375
-8.925e-08 0.00028125
-8.9e-08 0.00034375
-8.875e-08 -3.12497e-05
-8.85e-08 0.000625
-8.825e-08 0.0004375
-8.8e-08 0.00065625
-8.775e-08 0.00075
-8.75e-08 0.00059375
-8.725e-08 0.000359375
-8.7e-08 0.000515625
-8.675e-08 0.000125
-8.65e-08 0.00040625
-8.625e-08 3.12503e-05
-8.6e-08 0.000453125
-8.575e-08 6.25003e-05
-8.55e-08 0.000359375
-8.525e-08 0.000296875
-8.5e-08 0.00040625
-8.475e-08 0.00046875
-8.45e-08 0.000234375
-8.425e-08 0.000515625
-8.4e-08 0.00059375
-8.375e-08 0.000375
-8.35e-08 0.000140625
-8.325e-08 0.00046875
-8.3e-08 0.000140625
-8.275e-08 0.000375
-8.25e-08 1.56253e-05
-8.225e-08 6.25003e-05
-8.2e-08 0.000171875
-8.175e-08 3.12503e-05
-8.15e-08 0.000234375
-8.125e-08 0.000421875
-8.1e-08 -0.000265625
-8.075e-08 0.000171875
-8.05e-08 0.00059375
-8.025e-08 0.000296875
-8e-08 0.0001875
-7.975e-08 0.00078125
-7.95e-08 9.37503e-05
-7.925e-08 7.81253e-05
-7.9e-08 0.000828125
-7.875e-08 0.0003125
-7.85e-08 0.00015625
-7.825e-08 0.000140625
-7.8e-08 7.81253e-05
-7.775e-08 0.0003125
-7.75e-08 0.000375
-7.725e-08 4.68753e-05
-7.7e-08 0.000421875
-7.675e-08 0.0003125
-7.65e-08 0.0005
-7.625e-08 0.00015625
-7.6e-08 0.000578125
-7.575e-08 0.0004375
-7.55e-08 0.00034375
-7.525e-08 0.000109375
-7.5e-08 0.000109375
-7.475e-08 0.000578125
-7.45e-08 6.25003e-05
-7.425e-08 0.000578125
-7.4e-08 -7.81247e-05
-7.375e-08 0.000171875
-7.35e-08 0.000546875
-7.325e-08 0.0003125
-7.3e-08 0.0003125
-7.275e-08 0.000328125
-7.25e-08 0.00065625
-7.225e-08 0.000453125
-7.2e-08 0.000640625
-7.175e-08 0.000140625
-7.15e-08 0.000453125
-7.125e-08 0.00040625
-7.1e-08 0.00059375
-7.075e-08 0.000234375
-7.05e-08 0.000484375
-7.025e-08 0.00021875
-7e-08 0.00021875
-6.975e-08 4.68753e-05
-6.95e-08 0.000515625
-6.925e-08 2.68221e-10
-6.9e-08 0.00028125
-6.875e-08 0.00025
-6.85e-08 0.000296875
-6.825e-08 0.00046875
-6.8e-08 0.00046875
-6.775e-08 0.000390625
-6.75e-08 0.000359375
-6.725e-08 0.000484375
-6.7e-08 0.00053125
-6.675e-08 0.00025
-6.65e-08 9.37503e-05
-6.625e-08 0.000296875
-6.6e-08 0.00046875
-6.575e-08 0.000625
-6.55e-08 0.00040625
-6.525e-08 0.00040625
-6.5e-08 0.000109375
-6.475e-08 0.000453125
-6.45e-08 0.0003125
-6.425e-08 0.000421875
-6.4e-08 0.00025
-6.375e-08 7.81253e-05
-6.35e-08 0.00075
-6.325e-08 0.00059375
-6.3e-08 0.0004375
-6.275e-08 0.000109375
-6.25e-08 -0.00028125
-6.225e-08 0.00040625
-6.2e-08 0.000171875
-6.175e-08 0.0005625
-6.15e-08 0.000125
-6.125e-08 0.000515625
-6.1e-08 0.000421875
-6.075e-08 0.000171875
-6.05e-08 0.000109375
-6.025e-08 0.00028125
-6e-08 0.000140625
-5.975e-08 0.0001875
-5.95e-08 0.00025
-5.925e-08 0.000140625
-5.9e-08 2.68221e-10
-5.875e-08 0.000421875
-5.85e-08 0.000203125
-5.825e-08 0.00025
-5.8e-08 0.000703125
-5.775e-08 -0.000125
-5.75e-08 0.0005
-5.725e-08 0.0001875
-5.7e-08 0.000453125
-5.675e-08 0.000140625
-5.65e-08 0.000671875
-5.625e-08 0.000203125
-5.6e-08 0.000546875
-5.575e-08 0.000390625
-5.55e-08 0.000546875
-5.525e-08 0.000421875
-5.5e-08 0.000109375
-5.475e-08 0.00021875
-5.45e-08 0.000265625
-5.425e-08 0.00028125
-5.4e-08 0.00053125
-5.375e-08 6.25003e-05
-5.35e-08 0.0005
-5.325e-08 0.00025
-5.3e-08 0.00025
-5.275e-08 0.000265625
-5.25e-08 0.000390625
-5.225e-08 0.00040625
-5.2e-08 0.000578125
-5.175e-08 0.000421875
-5.15e-08 0.00090625
-5.125e-08 0.000359375
-5.1e-08 0.0004375
-5.075e-08 7.81253e-05
-5.05e-08 0.000234375
-5.025e-08 0.00053125
-5e-08 0.0005625
-4.975e-08 0.000265625
-4.95e-08 0.000640625
-4.925e-08 1.56253e-05
-4.9e-08 0.000375
-4.875e-08 0.000609375
-4.85e-08 0.000359375
-4.825e-08 0.00034375
-4.8e-08 0.000296875
-4.775e-08 0.00021875
-4.75e-08 0.00025
-4.725e-08 0.00021875
-4.7e-08 6.25003e-05
-4.675e-08 0.000234375
-4.65e-08 0.000375
-4.625e-08 -0.000265625
-4.6e-08 0.0001875
-4.575e-08 0.000359375
-4.55e-08 0.0003125
-4.525e-08 0.00021875
-4.5e-08 0.00046875
-4.475e-08 0.00028125
-4.45e-08 0.0005625
-4.425e-08 0.0001875
-4.4e-08 0.000484375
-4.375e-08 0.000390625
-4.35e-08 0.000359375
-4.325e-08 0.00025
-4.3e-08 0.000734375
-4.275e-08 0.00040625
-4.25e-08 0.00034375
-4.225e-08 0.00015625
-4.2e-08 0.000390625
-4.175e-08 0.00046875
-4.15e-08 0.00053125
-4.125e-08 0.000203125
-4.1e-08 0.000515625
-4.075e-08 0.000609375
-4.05e-08 0.000578125
-4.025e-08 0.000984375
-4e-08 7.81253e-05
-3.975e-08 0.00065625
-3.95e-08 0.001
-3.925e-08 0.000984375
-3.9e-08 0.000890625
-3.875e-08 0.000921875
-3.85e-08 0.00128125
-3.825e-08 0.000875
-3.8e-08 0.000671875
-3.775e-08 0.0001875
-3.75e-08 -0.000828125
-3.725e-08 -0.00129687
-3.7e-08 -0.00225
-3.675e-08 -0.00329687
-3.65e-08 -0.00410937
-3.625e-08 -0.00426562
-3.6e-08 -0.0041875
-3.575e-08 -0.00354687
-3.55e-08 -0.002625
-3.525e-08 -0.000484375
-3.5e-08 0.00175
-3.475e-08 0.00415625
-3.45e-08 0.00701563
-3.425e-08 0.009125
-3.4e-08 0.0115469
-3.375e-08 0.0127031
-3.35e-08 0.0132969
-3.325e-08 0.0123594
-3.3e-08 0.0101719
-3.275e-08 0.0068125
-3.25e-08 0.00278125
-3.225e-08 -0.00217187
-3.2e-08 -0.00654688
-3.175e-08 -0.0101719
-3.15e-08 -0.00607813
-3.125e-08 0.0101719
-3.1e-08 0.0312969
-3.075e-08 0.0403438
-3.05e-08 0.0203438
-3.025e-08 -0.0278906
-3e-08 -0.0919844
-2.975e-08 -0.150391
-2.95e-08 -0.180609
-2.925e-08 -0.170938
-2.9e-08 -0.119859
-2.875e-08 -0.0374688
-2.85e-08 0.0576719
-2.825e-08 0.149094
-2.8e-08 0.220594
-2.775e-08 0.259844
-2.75e-08 0.264547
-2.725e-08 0.237797
-2.7e-08 0.187578
-2.675e-08 0.118063
-2.65e-08 0.0336719
-2.625e-08 -0.0588438
-2.6e-08 -0.144766
-2.575e-08 -0.210047
-2.55e-08 -0.247172
-2.525e-08 -0.254641
-2.5e-08 -0.234484
-2.475e-08 -0.190953
-2.45e-08 -0.130531
-2.425e-08 -0.062
-2.4e-08 0.00773438
-2.375e-08 0.0688281
-2.35e-08 0.113625
-2.325e-08 0.137172
-2.3e-08 0.139297
-2.275e-08 0.127188
-2.25e-08 0.104906
-2.225e-08 0.078625
-2.2e-08 0.0511094
-2.175e-08 0.0241563
-2.15e-08 -0.00215625
-2.125e-08 -0.0270469
-2.1e-08 -0.0497188
-2.075e-08 -0.0677969
-2.05e-08 -0.0796563
-2.025e-08 -0.0857188
-2e-08 -0.0857969
-1.975e-08 -0.078375
-1.95e-08 -0.0600156
-1.925e-08 -0.0310313
-1.9e-08 0.00489063
-1.875e-08 0.042
-1.85e-08 0.0762188
-1.825e-08 0.102203
-1.8e-08 0.120188
-1.775e-08 0.128297
-1.75e-08 0.12675
-1.725e-08 0.115047
-1.7e-08 0.0945625
-1.675e-08 0.0672344
-1.65e-08 0.0340469
-1.625e-08 0.00046875
-1.6e-08 -0.0317969
-1.575e-08 -0.061125
-1.55e-08 -0.0843594
-1.525e-08 -0.100703
-1.5e-08 -0.107406
-1.475e-08 -0.105078
-1.45e-08 -0.0953125
-1.425e-08 -0.0780781
-1.4e-08 -0.0560156
-1.375e-08 -0.0316719
-1.35e-08 -0.00676563
-1.325e-08 0.0157031
-1.3e-08 0.0340313
-1.275e-08 0.0472969
-1.25e-08 0.0542969
-1.225e-08 0.0538438
-1.2e-08 0.047875
-1.175e-08 0.03675
-1.15e-08 0.02225
-1.125e-08 0.00698438
-1.1e-08 -0.00982813
-1.075e-08 -0.0268594
-1.05e-08 -0.043125
-1.025e-08 -0.0571719
-1e-08 -0.0689063
-9.75e-09 -0.0759063
-9.5e-09 -0.0797031
-9.25e-09 -0.0790313
-9e-09 -0.0737656
-8.75e-09 -0.0657188
-8.5e-09 -0.0531563
-8.25e-09 -0.0374688
-8e-09 -0.0186875
-7.75e-09 0.00276563
-7.5e-09 0.0251563
-7.25e-09 0.0465469
-7e-09 0.0681094
-6.75e-09 0.0853438
-6.5e-09 0.0992188
-6.25e-09 0.110063
-6e-09 0.116828
-5.75e-09 0.118703
-5.5e-09 0.117438
-5.25e-09 0.11225
-5e-09 0.104188
-4.75e-09 0.0944063
-4.5e-09 0.0830938
-4.25e-09 0.0710313
-4e-09 0.0583906
-3.75e-09 0.0443125
-3.5e-09 0.0301406
-3.25e-09 0.0161406
-3e-09 0.00254688
-2.75e-09 -0.0118906
-2.5e-09 -0.0259375
-2.25e-09 -0.0394375
-2e-09 -0.0511875
-1.75e-09 -0.0644375
-1.5e-09 -0.077125
-1.25e-09 -0.0892188
-1e-09 -0.101031
-7.5e-10 -0.112281
-5e-10 -0.123
-2.5e-10 -0.130844
0 -0.137422
2.5e-10 -0.13975
5e-10 -0.138469
7.5e-10 -0.133438
1e-09 -0.124391
1.25e-09 -0.111625
1.5e-09 -0.095375
1.75e-09 -0.0759531
2e-09 -0.0553125
2.25e-09 -0.033
2.5e-09 -0.00985938
2.75e-09 0.0140781
3e-09 0.0373281
3.25e-09 0.0608594
3.5e-09 0.0825625
3.75e-09 0.102484
4e-09 0.120563
4.25e-09 0.134281
4.5e-09 0.144938
4.75e-09 0.1515
5e-09 0.154844
5.25e-09 0.154719
5.5e-09 0.151141
5.75e-09 0.144938
6e-09 0.137094
6.25e-09 0.126922
6.5e-09 0.114266
6.75e-09 0.0988281
7e-09 0.0828438
7.25e-09 0.066
7.5e-09 0.0469219
7.75e-09 0.0270156
8e-09 0.00745313
8.25e-09 -0.0118438
8.5e-09 -0.0312188
8.75e-09 -0.0502969
9e-09 -0.0673125
9.25e-09 -0.0844688
9.5e-09 -0.0994063
9.75e-09 -0.112984
1e-08 -0.123875
1.025e-08 -0.133328
1.05e-08 -0.140594
1.075e-08 -0.145266
1.1e-08 -0.146797
1.125e-08 -0.145531
1.15e-08 -0.140609
1.175e-08 -0.131875
1.2e-08 -0.120938
1.225e-08 -0.107344
1.25e-08 -0.0913594
1.275e-08 -0.0729375
1.3e-08 -0.0548438
1.325e-08 -0.0350313
1.35e-08 -0.0153906
1.375e-08 0.00423438
1.4e-08 0.0235156
1.425e-08 0.0418281
1.45e-08 0.0580625
1.475e-08 0.0707969
1.5e-08 0.0799219
1.525e-08 0.0881406
1.55e-08 0.0966875
1.575e-08 0.10625
1.6e-08 0.118516
1.625e-08 0.12975
1.65e-08 0.139344
1.675e-08 0.143859
1.7e-08 0.142172
1.725e-08 0.135141
1.75e-08 0.122719
1.775e-08 0.104578
1.8e-08 0.0832969
1.825e-08 0.0626563
1.85e-08 0.0430625
1.875e-08 0.0276094
1.9e-08 0.0132031
1.925e-08 0.00140625
1.95e-08 -0.0108438
1.975e-08 -0.0246719
2e-08 -0.03925
2.025e-08 -0.055625
2.05e-08 -0.0723281
2.075e-08 -0.0870156
2.1e-08 -0.0965938
2.125e-08 -0.101266
2.15e-08 -0.100625
2.175e-08 -0.0969688
2.2e-08 -0.0902656
2.225e-08 -0.0827656
2.25e-08 -0.0748438
2.275e-08 -0.0657344
2.3e-08 -0.0586406
2.325e-08 -0.0535469
2.35e-08 -0.0510781
2.375e-08 -0.0500781
2.4e-08 -0.0480938
2.425e-08 -0.0458906
2.45e-08 -0.0410781
2.475e-08 -0.0353906
2.5e-08 -0.0286719
2.525e-08 -0.0188281
2.55e-08 -0.00798438
2.575e-08 0.00459375
2.6e-08 0.0187969
2.625e-08 0.033
2.65e-08 0.0482969
2.675e-08 0.0642813
2.7e-08 0.0794688
2.725e-08 0.0953906
2.75e-08 0.109328
2.775e-08 0.119609
2.8e-08 0.121453
2.825e-08 0.114531
2.85e-08 0.0975469
2.875e-08 0.0723906
2.9e-08 0.0399219
2.925e-08 0.00784375
2.95e-08 -0.0195469
2.975e-08 -0.0411563
3e-08 -0.0543125
3.025e-08 -0.0585
3.05e-08 -0.0525
3.075e-08 -0.0390938
3.1e-08 -0.0205313
3.125e-08 0.000703125
3.15e-08 0.0194375
3.175e-08 0.0343906
3.2e-08 0.0412031
3.225e-08 0.0406094
3.25e-08 0.0330938
3.275e-08 0.0218125
3.3e-08 0.00707813
3.325e-08 -0.0103438
3.35e-08 -0.0272188
3.375e-08 -0.0407188
3.4e-08 -0.0492188
3.425e-08 -0.0539844
3.45e-08 -0.0562031
3.475e-08 -0.0560313
3.5e-08 -0.0542656
3.525e-08 -0.0522188
3.55e-08 -0.0504219
3.575e-08 -0.0480781
3.6e-08 -0.0439219
3.625e-08 -0.0377344
3.65e-08 -0.0285156
3.675e-08 -0.0170156
3.7e-08 -0.00298437
3.725e-08 0.0123906
3.75e-08 0.0254219
3.775e-08 0.0358906
3.8e-08 0.0425938
3.825e-08 0.045125
3.85e-08 0.0435469
3.875e-08 0.0387656
3.9e-08 0.0314531
3.925e-08 0.0216563
3.95e-08 0.0129531
3.975e-08 0.00390625
4e-08 -0.00196875
4.025e-08 -0.0058125
4.05e-08 -0.00596875
4.075e-08 -0.00514062
4.1e-08 -0.00357812
4.125e-08 -0.00239062
4.15e-08 -0.00321875
4.175e-08 -0.00423437
4.2e-08 -0.00423437
4.225e-08 0.00021875
4.25e-08 0.00932813
4.275e-08 0.0210469
4.3e-08 0.032875
4.325e-08 0.0418594
4.35e-08 0.0448594
4.375e-08 0.0401563
4.4e-08 0.0285469
4.425e-08 0.0130781
4.45e-08 -0.00257812
4.475e-08 -0.015
4.5e-08 -0.0214531
4.525e-08 -0.0237344
4.55e-08 -0.0200469
4.575e-08 -0.0139219
4.6e-08 -0.00571875
4.625e-08 0.002
4.65e-08 0.0085
4.675e-08 0.01275
4.7e-08 0.0156563
4.725e-08 0.016875
4.75e-08 0.0174219
4.775e-08 0.0154844
4.8e-08 0.0116875
4.825e-08 0.00423438
4.85e-08 -0.004875
4.875e-08 -0.0164844
4.9e-08 -0.0276719
4.925e-08 -0.0389063
4.95e-08 -0.0492969
4.975e-08 -0.0567969
5e-08 -0.0603125
5.025e-08 -0.0595781
5.05e-08 -0.0541875
5.075e-08 -0.0463281
5.1e-08 -0.0357813
5.125e-08 -0.0236719
5.15e-08 -0.0109063
5.175e-08 0.000265625
5.2e-08 0.00989063
5.225e-08 0.0168594
5.25e-08 0.0214844
5.275e-08 0.0244063
5.3e-08 0.0262656
5.325e-08 0.0262344
5.35e-08 0.0260625
5.375e-08 0.0246563
5.4e-08 0.0237813
5.425e-08 0.0224063
5.45e-08 0.0211875
5.475e-08 0.0205938
5.5e-08 0.0207031
5.525e-08 0.0222344
5.55e-08 0.0253594
5.575e-08 0.0294375
5.6e-08 0.0330469
5.625e-08 0.0359219
5.65e-08 0.0379375
5.675e-08 0.0376406
5.7e-08 0.036125
5.725e-08 0.0325625
5.75e-08 0.0275469
5.775e-08 0.0202969
5.8e-08 0.0118281
5.825e-08 0.00270313
5.85e-08 -0.00789063
5.875e-08 -0.0188281
5.9e-08 -0.0292031
5.925e-08 -0.0392344
5.95e-08 -0.0470156
5.975e-08 -0.0514063
6e-08 -0.0526563
6.025e-08 -0.0489063
6.05e-08 -0.0423281
6.075e-08 -0.032625
6.1e-08 -0.0217031
6.125e-08 -0.0126719
6.15e-08 -0.00589063
6.175e-08 -0.00385937
6.2e-08 -0.00445312
6.225e-08 -0.0070625
6.25e-08 -0.0120938
6.275e-08 -0.0171719
6.3e-08 -0.0211563
6.325e-08 -0.0248281
6.35e-08 -0.0254531
6.375e-08 -0.0252344
6.4e-08 -0.0227031
6.425e-08 -0.0184844
6.45e-08 -0.0123438
6.475e-08 -0.00489062
6.5e-08 0.00382813
6.525e-08 0.0146094
6.55e-08 0.025875
6.575e-08 0.0367813
6.6e-08 0.0465938
6.625e-08 0.0536563
6.65e-08 0.0575156
6.675e-08 0.0585625
6.7e-08 0.0561094
6.725e-08 0.0509375
6.75e-08 0.0446719
6.775e-08 0.0384844
6.8e-08 0.031375
6.825e-08 0.0242813
6.85e-08 0.017875
6.875e-08 0.0115
6.9e-08 0.00504688
6.925e-08 -0.00142187
6.95e-08 -0.00779688
6.975e-08 -0.0133281
7e-08 -0.0188281
7.025e-08 -0.0216875
7.05e-08 -0.0238438
7.075e-08 -0.0252969
7.1e-08 -0.0255781
7.125e-08 -0.0264375
7.15e-08 -0.027
7.175e-08 -0.0284219
7.2e-08 -0.030625
7.225e-08 -0.0318906
7.25e-08 -0.0330781
7.275e-08 -0.034125
7.3e-08 -0.0337813
7.325e-08 -0.0325
7.35e-08 -0.0297344
7.375e-08 -0.02625
7.4e-08 -0.0214219
7.425e-08 -0.0152813
7.45e-08 -0.00879688
7.475e-08 -0.001625
7.5e-08 0.00535938
7.525e-08 0.0126094
7.55e-08 0.0185781
7.575e-08 0.0234844
7.6e-08 0.0276094
7.625e-08 0.030125
7.65e-08 0.0311406
7.675e-08 0.0316406
7.7e-08 0.0311875
7.725e-08 0.0296094
7.75e-08 0.0278281
7.775e-08 0.0248594
7.8e-08 0.0226719
7.825e-08 0.0199531
7.85e-08 0.0172656
7.875e-08 0.0147188
7.9e-08 0.01225
7.925e-08 0.00929688
7.95e-08 0.0065
7.975e-08 0.00395313
8e-08 0.00129688
8.025e-08 -0.00145312
8.05e-08 -0.00492187
8.075e-08 -0.00785938
8.1e-08 -0.0108438
8.125e-08 -0.0135156
8.15e-08 -0.0155938
8.175e-08 -0.0170469
8.2e-08 -0.0186719
8.225e-08 -0.0191406
8.25e-08 -0.0198594
8.275e-08 -0.0202188
8.3e-08 -0.0201875
8.325e-08 -0.0198438
8.35e-08 -0.0187188
8.375e-08 -0.0171563
8.4e-08 -0.0148438
8.425e-08 -0.0122188
8.45e-08 -0.009
8.475e-08 -0.00495312
8.5e-08 -0.00192187
8.525e-08 0.00185938
8.55e-08 0.004125
8.575e-08 0.00614063
8.6e-08 0.00853125
8.625e-08 0.00910938
8.65e-08 0.0105625
8.675e-08 0.0107031
8.7e-08 0.0107969
8.725e-08 0.00992188
8.75e-08 0.00935938
8.775e-08 0.0085625
8.8e-08 0.0075
8.825e-08 0.00698438
8.85e-08 0.0066875
8.875e-08 0.00653125
8.9e-08 0.00660938
8.925e-08 0.0073125
8.95e-08 0.00885938
8.975e-08 0.00995313
9e-08 0.0100625
9.025e-08 0.0106875
9.05e-08 0.00990625
9.075e-08 0.00917188
9.1e-08 0.00820313
9.125e-08 0.00707813
9.15e-08 0.005375
9.175e-08 0.00301563
9.2e-08 0.0014375
9.225e-08 -0.00157812
9.25e-08 -0.00365625
9.275e-08 -0.00653125
9.3e-08 -0.00910938
9.325e-08 -0.0118438
9.35e-08 -0.0132188
9.375e-08 -0.0149688
9.4e-08 -0.0159375
9.425e-08 -0.0154219
9.45e-08 -0.0145156
9.475e-08 -0.0123438
9.5e-08 -0.0102813
9.525e-08 -0.00760938
9.55e-08 -0.00520312
9.575e-08 -0.00334375
9.6e-08 -0.00164062
9.625e-08 -0.000515625
9.65e-08 0.000453125
9.675e-08 0.0004375
9.7e-08 0.0005625
9.725e-08 0.00040625
9.75e-08 0.000109375
9.775e-08 -0.0001875
9.8e-08 6.25003e-05
9.825e-08 -0.000671875
9.85e-08 7.81253e-05
9.875e-08 0.000328125
9.9e-08 0.000921875
9.925e-08 0.00264063
9.95e-08 0.00395313
9.975e-08 0.00635938
1e-07 0.00773438
1.0025e-07 0.00884375
1.005e-07 0.0098125
1.0075e-07 0.0102344
1.01e-07 0.0104375
1.0125e-07 0.0103906
1.015e-07 0.0110781
1.0175e-07 0.0109219
1.02e-07 0.0106563
1.0225e-07 0.0105313
1.025e-07 0.0105938
1.0275e-07 0.00989063
1.03e-07 0.009875
1.0325e-07 0.00815625
1.035e-07 0.0056875
1.0375e-07 0.000921875
1.04e-07 -0.00389062
1.0425e-07 -0.00882813
1.045e-07 -0.0123125
1.0475e-07 -0.0140938
1.05e-07 -0.0144531
1.0525e-07 -0.0120469
1.055e-07 -0.00879688
1.0575e-07 -0.00504687
1.06e-07 -0.001875
1.0625e-07 -0.000546875
1.065e-07 -0.000703125
1.0675e-07 -0.00278125
1.07e-07 -0.00596875
1.0725e-07 -0.0094375
1.075e-07 -0.0123281
1.0775e-07 -0.0141094
1.08e-07 -0.0153281
1.0825e-07 -0.0153281
1.085e-07 -0.0136719
1.0875e-07 -0.0107656
1.09e-07 -0.008
1.0925e-07 -0.00478125
1.095e-07 -0.0011875
1.0975e-07 0.00234375
1.1e-07 0.00476563
1.1025e-07 0.00701563
1.105e-07 0.0078125
1.1075e-07 0.009
1.11e-07 0.0110781
1.1125e-07 0.0127969
1.115e-07 0.0127656
1.1175e-07 0.00804688
1.12e-07 0.00275
1.1225e-07 -0.00103125
1.125e-07 0.0021875
1.1275e-07 0.0146094
1.13e-07 0.0349063
1.1325e-07 0.0565156
1.135e-07 0.0725938
1.1375e-07 0.0753906
1.14e-07 0.0641719
1.1425e-07 0.0390469
1.145e-07 0.00589063
1.1475e-07 -0.0305313
1.15e-07 -0.0618906
1.1525e-07 -0.0844531
1.155e-07 -0.0955625
1.1575e-07 -0.0960469
1.16e-07 -0.0888125
1.1625e-07 -0.0730625
1.165e-07 -0.0516875
1.1675e-07 -0.0261406
1.17e-07 -0.000140625
1.1725e-07 0.0229688
1.175e-07 0.0389688
1.1775e-07 0.0478594
1.18e-07 0.0493438
1.1825e-07 0.0457656
1.185e-07 0.037375
1.1875e-07 0.0279063
1.19e-07 0.0178438
1.1925e-07 0.008875
1.195e-07 0.00284375
1.1975e-07 0.000609375
1.2e-07 0.00157813
1.2025e-07 0.00351563
1.205e-07 0.00585938
1.2075e-07 0.00675
1.21e-07 0.00604688
1.2125e-07 0.00367188
1.215e-07 0.000984375
1.2175e-07 -0.000625
1.22e-07 -0.00178125
1.2225e-07 -0.000859375
1.225e-07 0.00142188
1.2275e-07 0.00590625
1.23e-07 0.0115313
1.2325e-07 0.0170781
1.235e-07 0.0209375
1.2375e-07 0.0230781
1.24e-07 0.0219063
1.2425e-07 0.0178906
1.245e-07 0.0124375
1.2475e-07 0.00476563
1.25e-07 -0.00348437
1.2525e-07 -0.013375
1.255e-07 -0.0225938
1.2575e-07 -0.0310313
1.26e-07 -0.0380625
1.2625e-07 -0.0424844
1.265e-07 -0.045375
1.2675e-07 -0.0454688
1.27e-07 -0.04275
1.2725e-07 -0.0387969
1.275e-07 -0.0322969
1.2775e-07 -0.0248906
1.28e-07 -0.0164844
1.2825e-07 -0.00751563
1.285e-07 0.00125
1.2875e-07 0.0089375
1.29e-07 0.0150938
1.2925e-07 0.01975
1.295e-07 0.0221406
1.2975e-07 0.0218125
1.3e-07 0.0195938
1.3025e-07 0.0154844
1.305e-07 0.0108281
1.3075e-07 0.00632813
1.31e-07 0.00090625
1.3125e-07 -0.00201562
1.315e-07 -0.00560937
1.3175e-07 -0.00565625
1.32e-07 -0.00525
1.3225e-07 -0.00217187
1.325e-07 0.00221875
1.3275e-07 0.00935938
1.33e-07 0.0179844
1.3325e-07 0.0282344
1.335e-07 0.0381563
1.3375e-07 0.0484375
1.34e-07 0.0581094
1.3425e-07 0.0646406
1.345e-07 0.0693438
1.3475e-07 0.0709531
1.35e-07 0.0683594
1.3525e-07 0.0616719
1.355e-07 0.0519844
1.3575e-07 0.0381094
1.36e-07 0.0225469
1.3625e-07 0.00625
1.365e-07 -0.0112813
1.3675e-07 -0.0281875
1.37e-07 -0.0439688
1.3725e-07 -0.0573281
1.375e-07 -0.0686719
1.3775e-07 -0.0777656
1.38e-07 -0.0845781
1.3825e-07 -0.0879844
1.385e-07 -0.0890156
1.3875e-07 -0.0872969
1.39e-07 -0.083375
1.3925e-07 -0.0771094
1.395e-07 -0.0699531
1.3975e-07 -0.061375
1.4e-07 -0.0522656
1.4025e-07 -0.0428125
1.405e-07 -0.0336563
1.4075e-07 -0.0244219
1.41e-07 -0.0157188
1.4125e-07 -0.00695313
1.415e-07 0.00096875
1.4175e-07 0.00971875
1.42e-07 0.0184063
1.4225e-07 0.0272344
1.425e-07 0.0365938
1.4275e-07 0.046
1.43e-07 0.055625
1.4325e-07 0.0632031
1.435e-07 0.0710781
1.4375e-07 0.0775156
1.44e-07 0.0825781
1.4425e-07 0.0860625
1.445e-07 0.0875313
1.4475e-07 0.0875781
1.45e-07 0.0850313
1.4525e-07 0.0807813
1.455e-07 0.0744844
1.4575e-07 0.0662188
1.46e-07 0.0565625
1.4625e-07 0.0453906
1.465e-07 0.033
1.4675e-07 0.0197969
1.47e-07 0.00623438
1.4725e-07 -0.007625
1.475e-07 -0.0219844
1.4775e-07 -0.035375
1.48e-07 -0.0469063
1.4825e-07 -0.0574844
1.485e-07 -0.066375
1.4875e-07 -0.0730313
1.49e-07 -0.0782656
1.4925e-07 -0.0810938
1.495e-07 -0.0830156
1.4975e-07 -0.0820313
1.5e-07 -0.0802813
1.5025e-07 -0.0764063
1.505e-07 -0.0712813
1.5075e-07 -0.0653438
1.51e-07 -0.0586094
1.5125e-07 -0.0519375
1.515e-07 -0.044125
1.5175e-07 -0.0360938
1.52e-07 -0.0266563
1.5225e-07 -0.0175625
1.525e-07 -0.00676563
1.5275e-07 0.00425
1.53e-07 0.0138125
1.5325e-07 0.0231406
1.535e-07 0.032
1.5375e-07 0.03925
1.54e-07 0.0459531
1.5425e-07 0.0522344
1.545e-07 0.0570625
1.5475e-07 0.0610625
1.55e-07 0.0633438
1.5525e-07 0.0647188
1.555e-07 0.0646719
1.5575e-07 0.0628281
1.56e-07 0.0606875
1.5625e-07 0.0564531
1.565e-07 0.0530156
1.5675e-07 0.0469844
1.57e-07 0.0414375
1.5725e-07 0.0350313
1.575e-07 0.0272656
1.5775e-07 0.0200469
1.58e-07 0.0130781
1.5825e-07 0.00535938
1.585e-07 -0.00246875
1.5875e-07 -0.0101875
1.59e-07 -0.0184219
1.5925e-07 -0.0274219
1.595e-07 -0.0355156
1.5975e-07 -0.0424688
1.6e-07 -0.0474531
1.6025e-07 -0.0502656
1.605e-07 -0.0515
1.6075e-07 -0.0498594
1.61e-07 -0.0466094
1.6125e-07 -0.0430625
1.615e-07 -0.0386563
1.6175e-07 -0.0353438
1.62e-07 -0.0325625
1.6225e-07 -0.0295938
1.625e-07 -0.0262344
1.6275e-07 -0.0228125
1.63e-07 -0.0170938
1.6325e-07 -0.0110469
1.635e-07 -0.00246875
1.6375e-07 0.00551563
1.64e-07 0.0133594
1.6425e-07 0.0192031
1.645e-07 0.0236563
1.6475e-07 0.0255
1.65e-07 0.0250313
1.6525e-07 0.02175
1.655e-07 0.0178438
1.6575e-07 0.0133281
1.66e-07 0.00907813
1.6625e-07 0.0054375
1.665e-07 0.00446875
1.6675e-07 0.0054375
1.67e-07 0.007625
1.6725e-07 0.0118594
1.675e-07 0.0171563
1.6775e-07 0.0227188
1.68e-07 0.0275156
1.6825e-07 0.0297344
1.685e-07 0.0295625
1.6875e-07 0.0257969
1.69e-07 0.0195156
1.6925e-07 0.0111094
1.695e-07 0.00189063
1.6975e-07 -0.00832813
1.7e-07 -0.0187031
1.7025e-07 -0.0265156
1.705e-07 -0.0325156
1.7075e-07 -0.0353438
1.71e-07 -0.0346094
1.7125e-07 -0.0313125
1.715e-07 -0.0237813
1.7175e-07 -0.0140469
1.72e-07 -0.00178125
1.7225e-07 0.00885938
1.725e-07 0.0185
1.7275e-07 0.0256719
1.73e-07 0.029125
1.7325e-07 0.0293594
1.735e-07 0.0274219
1.7375e-07 0.0221563
1.74e-07 0.015375
1.7425e-07 0.00735938
1.745e-07 -0.0009375
1.7475e-07 -0.00776563
1.75e-07 -0.0125625
1.7525e-07 -0.015
1.755e-07 -0.0160938
1.7575e-07 -0.0156406
1.76e-07 -0.0133281
1.7625e-07 -0.0108906
1.765e-07 -0.00892188
1.7675e-07 -0.0074375
1.77e-07 -0.00732813
1.7725e-07 -0.00804688
1.775e-07 -0.00917188
1.7775e-07 -0.01025
1.78e-07 -0.0108906
1.7825e-07 -0.0100781
1.785e-07 -0.00809375
1.7875e-07 -0.005125
1.79e-07 -0.000828125
1.7925e-07 0.00260938
1.795e-07 0.00509375
1.7975e-07 0.00757813
1.8e-07 0.00809375
1.8025e-07 0.00635938
1.805e-07 0.00496875
1.8075e-07 0.00289063
1.81e-07 0.000453125
1.8125e-07 -0.00148437
1.815e-07 -0.00190625
1.8175e-07 -0.0020625
1.82e-07 -0.00173437
1.8225e-07 -4.68747e-05
1.825e-07 0.0028125
1.8275e-07 0.00540625
1.83e-07 0.00821875
1.8325e-07 0.00942188
1.835e-07 0.0106094
1.8375e-07 0.0111875
1.84e-07 0.0116563
1.8425e-07 0.0116563
1.845e-07 0.0129531
1.8475e-07 0.0149063
1.85e-07 0.01625
1.8525e-07 0.0167188
1.855e-07 0.0154219
1.8575e-07 0.0118125
1.86e-07 0.00696875
1.8625e-07 0.00157813
1.865e-07 -0.00314062
1.8675e-07 -0.00578125
1.87e-07 -0.006375
1.8725e-07 -0.00453125
1.875e-07 -0.00295312
1.8775e-07 -0.00134375
1.88e-07 -0.00195312
1.8825e-07 -0.0038125
1.885e-07 -0.00695313
1.8875e-07 -0.0108594
1.89e-07 -0.0155156
1.8925e-07 -0.0197813
1.895e-07 -0.0220781
1.8975e-07 -0.0242344
1.9e-07 -0.0244375
1.9025e-07 -0.0238906
1.905e-07 -0.0218594
1.9075e-07 -0.018875
1.91e-07 -0.0148906
1.9125e-07 -0.0105313
1.915e-07 -0.005625
1.9175e-07 -0.00153125
1.92e-07 0.0025625
1.9225e-07 0.0053125
1.925e-07 0.00814063
1.9275e-07 0.00932813
1.93e-07 0.0109219
1.9325e-07 0.0110938
1.935e-07 0.0118281
1.9375e-07 0.011625
1.94e-07 0.0123125
1.9425e-07 0.0127813
1.945e-07 0.013375
1.9475e-07 0.0135781
1.95e-07 0.0141094
1.9525e-07 0.0151406
1.955e-07 0.0167656
1.9575e-07 0.0178594
1.96e-07 0.0178438
1.9625e-07 0.0172344
1.965e-07 0.0160313
1.9675e-07 0.0135156
1.97e-07 0.0106406
1.9725e-07 0.00703125
1.975e-07 0.00290625
1.9775e-07 -0.00059375
1.98e-07 -0.00376562
1.9825e-07 -0.00645313
1.985e-07 -0.00873438
1.9875e-07 -0.0109375
1.99e-07 -0.0123438
1.9925e-07 -0.0136719
1.995e-07 -0.0141094
1.9975e-07 -0.0142813
2e-07 -0.0132188
2.0025e-07 -0.0127188
2.005e-07 -0.0118906
2.0075e-07 -0.0114688
2.01e-07 -0.0103125
2.0125e-07 -0.00953125
2.015e-07 -0.00903125
2.0175e-07 -0.00807813
2.02e-07 -0.00696875
2.0225e-07 -0.0053125
2.025e-07 -0.00289062
2.0275e-07 -0.001375
2.03e-07 0.00053125
2.0325e-07 0.0019375
2.035e-07 0.00240625
2.0375e-07 0.00221875
2.04e-07 0.00159375
2.0425e-07 0.000421875
2.045e-07 0.00015625
2.0475e-07 0.000375
2.05e-07 0.00165625
2.0525e-07 0.00334375
2.055e-07 0.0056875
2.0575e-07 0.008
2.06e-07 0.00960938
2.0625e-07 0.0115938
2.065e-07 0.012375
2.0675e-07 0.0130625
2.07e-07 0.013125
2.0725e-07 0.01175
2.075e-07 0.0112344
2.0775e-07 0.0094375
2.08e-07 0.00746875
2.0825e-07 0.0058125
2.085e-07 0.003625
2.0875e-07 0.00103125
2.09e-07 -0.00140625
2.0925e-07 -0.00382812
2.095e-07 -0.00592188
2.0975e-07 -0.0066875
2.1e-07 -0.00809375
2.1025e-07 -0.0078125
2.105e-07 -0.008625
2.1075e-07 -0.0081875
2.11e-07 -0.0085625
2.1125e-07 -0.00828125
2.115e-07 -0.00798438
2.1175e-07 -0.006875
2.12e-07 -0.0060625
2.1225e-07 -0.00509375
2.125e-07 -0.00325
2.1275e-07 -0.0015625
2.13e-07 -0.0003125
2.1325e-07 0.00145313
2.135e-07 0.00234375
2.1375e-07 0.00385938
2.14e-07 0.00484375
2.1425e-07 0.0054375
2.145e-07 0.00671875
2.1475e-07 0.00790625
2.15e-07 0.00860938
2.1525e-07 0.0085625
2.155e-07 0.00926563
2.1575e-07 0.00820313
2.16e-07 0.00726563
2.1625e-07 0.00639063
2.165e-07 0.00507813
2.1675e-07 0.00295313
2.17e-07 0.0019375
2.1725e-07 2.68221e-10
2.175e-07 -0.00173437
2.1775e-07 -0.003
2.18e-07 -0.00457812
2.1825e-07 -0.00629688
2.185e-07 -0.0069375
2.1875e-07 -0.0075
2.19e-07 -0.007625
2.1925e-07 -0.00779688
2.195e-07 -0.00721875
2.1975e-07 -0.00678125
2.2e-07 -0.00653125
2.2025e-07 -0.0064375
2.205e-07 -0.00614063
2.2075e-07 -0.00578125
2.21e-07 -0.00546875
2.2125e-07 -0.00448437
2.215e-07 -0.00346875
2.2175e-07 -0.00242187
2.22e-07 -0.00135937
2.2225e-07 -0.00028125
2.225e-07 0.00175
2.2275e-07 0.00278125
2.23e-07 0.00459375
2.2325e-07 0.00546875
2.235e-07 0.00701563
2.2375e-07 0.00782813
2.24e-07 0.00895313
2.2425e-07 0.00996875
2.245e-07 0.0099375
2.2475e-07 0.0101406
2.25e-07 0.0105313
2.2525e-07 0.0105
2.255e-07 0.0100313
2.2575e-07 0.00921875
2.26e-07 0.00864063
2.2625e-07 0.0075
2.265e-07 0.00596875
2.2675e-07 0.00482813
2.27e-07 0.00301563
2.2725e-07 0.00103125
2.275e-07 -0.0006875
2.2775e-07 -0.0030625
2.28e-07 -0.00454687
2.2825e-07 -0.0065
2.285e-07 -0.00760938
2.2875e-07 -0.0088125
2.29e-07 -0.0095625
2.2925e-07 -0.00985938
2.295e-07 -0.00995313
2.2975e-07 -0.00957813
2.3e-07 -0.008875
2.3025e-07 -0.00825
2.305e-07 -0.00748438
2.3075e-07 -0.00639063
2.31e-07 -0.00539062
2.3125e-07 -0.003875
2.315e-07 -0.00220312
2.3175e-07 -0.000984375
2.32e-07 0.000125
2.3225e-07 0.00084375
2.325e-07 0.00134375
2.3275e-07 0.0020625
2.33e-07 0.00232813
2.3325e-07 0.00226563
2.335e-07 0.00290625
2.3375e-07 0.00325
2.34e-07 0.00370313
2.3425e-07 0.00357813
2.345e-07 0.00417188
2.3475e-07 0.00446875
2.35e-07 0.00442188
2.3525e-07 0.00429688
2.355e-07 0.00448438
2.3575e-07 0.0045
2.36e-07 0.00473438
2.3625e-07 0.00482813
2.365e-07 0.0051875
2.3675e-07 0.00559375
2.37e-07 0.00570313
2.3725e-07 0.00604688
2.375e-07 0.005125
2.3775e-07 0.00415625
2.38e-07 0.00321875
2.3825e-07 0.00139063
2.385e-07 0.00053125
2.3875e-07 -0.00171875
2.39e-07 -0.00242187
2.3925e-07 -0.00307812
2.395e-07 -0.00415625
2.3975e-07 -0.00423437
2.4e-07 -0.00375
2.4025e-07 -0.004
2.405e-07 -0.00328125
2.4075e-07 -0.00332812
2.41e-07 -0.00334375
2.4125e-07 -0.00273437
2.415e-07 -0.002125
2.4175e-07 -0.0018125
2.42e-07 -0.0015
2.4225e-07 -0.0014375
2.425e-07 -0.000578125
2.4275e-07 -0.000515625
2.43e-07 0.00040625
2.4325e-07 0.001125
2.435e-07 0.00182813
2.4375e-07 0.00210938
2.44e-07 0.00292188
2.4425e-07 0.00223438
2.445e-07 0.00198438
2.4475e-07 0.00142188
2.45e-07 0.0006875
2.4525e-07 0.000109375
2.455e-07 -0.00096875
2.4575e-07 -0.00129687
2.46e-07 -0.00209375
2.4625e-07 -0.00235937
2.465e-07 -0.00226562
2.4675e-07 -0.0014375
2.47e-07 -0.000390625
2.4725e-07 0.00135938
2.475e-07 0.00235938
2.4775e-07 0.0031875
2.48e-07 0.00329688
2.4825e-07 0.00278125
2.485e-07 0.002125
2.4875e-07 0.000765625
2.49e-07 -0.00040625
2.4925e-07 -0.00121875
2.495e-07 -0.00175
2.4975e-07 -0.00115625
2.5e-07 -0.000671875
2.5025e-07 0.00059375
2.505e-07 0.00179688
2.5075e-07 0.00296875
2.51e-07 0.00346875
2.5125e-07 0.00420313
2.515e-07 0.003625
2.5175e-07 0.00371875
2.52e-07 0.00307813
2.5225e-07 0.0025
2.525e-07 0.001875
2.5275e-07 0.000890625
2.53e-07 0.00104688
2.5325e-07 0.000625
2.535e-07 0.00109375
2.5375e-07 0.001375
2.54e-07 0.00101563
2.5425e-07 -0.000171875
2.545e-07 -0.000390625
2.5475e-07 -0.000453125
2.55e-07 0.00107813
2.5525e-07 0.0016875
2.555e-07 0.00126563
2.5575e-07 -0.001875
2.56e-07 -0.00803125
2.5625e-07 -0.0155156
2.565e-07 -0.0228906
2.5675e-07 -0.0267031
2.57e-07 -0.0266094
2.5725e-07 -0.0209531
2.575e-07 -0.0119219
2.5775e-07 -1.56247e-05
2.58e-07 0.0114219
2.5825e-07 0.0204531
2.585e-07 0.0272031
2.5875e-07 0.0299844
2.59e-07 0.0304844
2.5925e-07 0.0284531
2.595e-07 0.0246406
2.5975e-07 0.0189531
2.6e-07 0.0126094
2.6025e-07 0.00678125
2.605e-07 0.00140625
2.6075e-07 -0.00207812
2.61e-07 -0.0034375
2.6125e-07 -0.00467187
2.615e-07 -0.00429687
2.6175e-07 -0.00417187
2.62e-07 -0.00404687
2.6225e-07 -0.00490625
2.625e-07 -0.00653125
2.6275e-07 -0.00885938
2.63e-07 -0.0106406
2.6325e-07 -0.0136875
2.635e-07 -0.0153125
2.6375e-07 -0.0153594
2.64e-07 -0.0143125
2.6425e-07 -0.0113594
2.645e-07 -0.00765625
2.6475e-07 -0.00429687
2.65e-07 1.56253e-05
2.6525e-07 0.0025
2.655e-07 0.003875
2.6575e-07 0.00410938
2.66e-07 0.00285938
2.6625e-07 -6.24997e-05
2.665e-07 -0.00259375
2.6675e-07 -0.00526562
2.67e-07 -0.00795313
2.6725e-07 -0.00929688
2.675e-07 -0.00996875
2.6775e-07 -0.00989063
2.68e-07 -0.00823438
2.6825e-07 -0.0059375
2.685e-07 -0.0021875
2.6875e-07 0.00179688
2.69e-07 0.00603125
2.6925e-07 0.00979688
2.695e-07 0.0130781
2.6975e-07 0.0161094
2.7e-07 0.0189844
2.7025e-07 0.0203281
2.705e-07 0.021125
2.7075e-07 0.0206719
2.71e-07 0.0195781
2.7125e-07 0.0179219
2.715e-07 0.0155781
2.7175e-07 0.0121719
2.72e-07 0.0085625
2.7225e-07 0.0045625
2.725e-07 0.0013125
2.7275e-07 -0.00173437
2.73e-07 -0.00282812
2.7325e-07 -0.00315625
2.735e-07 -0.00373437
2.7375e-07 -0.00298437
2.74e-07 -0.00190625
2.7425e-07 -0.000671875
2.745e-07 0.000765625
2.7475e-07 0.002
2.75e-07 0.00345313
2.7525e-07 0.00415625
2.755e-07 0.004375
2.7575e-07 0.00364063
2.76e-07 0.001375
2.7625e-07 -0.00171875
2.765e-07 -0.00598438
2.7675e-07 -0.0108594
2.77e-07 -0.0164531
2.7725e-07 -0.0216719
2.775e-07 -0.0267969
2.7775e-07 -0.0311719
2.78e-07 -0.0342813
2.7825e-07 -0.0365469
2.785e-07 -0.0369531
2.7875e-07 -0.0362344
2.79e-07 -0.0337188
2.7925e-07 -0.0298281
2.795e-07 -0.02425
2.7975e-07 -0.0186563
2.8e-07 -0.0117656
2.8025e-07 -0.00434375
2.805e-07 0.0035
2.8075e-07 0.01125
2.81e-07 0.0184531
2.8125e-07 0.0256719
2.815e-07 0.0311875
2.8175e-07 0.0353125
2.82e-07 0.0391563
2.8225e-07 0.0412031
2.825e-07 0.0424531
2.8275e-07 0.0422969
2.83e-07 0.0410781
2.8325e-07 0.0384688
2.835e-07 0.0362969
2.8375e-07 0.0330625
2.84e-07 0.0290625
2.8425e-07 0.0251719
2.845e-07 0.0207031
2.8475e-07 0.0164531
2.85e-07 0.0123438
2.8525e-07 0.0075625
2.855e-07 0.00329688
2.8575e-07 -0.000828125
2.86e-07 -0.00510937
2.8625e-07 -0.00946875
2.865e-07 -0.0139219
2.8675e-07 -0.017875
2.87e-07 -0.0220156
2.8725e-07 -0.02575
2.875e-07 -0.0296406
2.8775e-07 -0.0326719
2.88e-07 -0.0353438
2.8825e-07 -0.0368594
2.885e-07 -0.0378594
2.8875e-07 -0.0383281
2.89e-07 -0.0377969
2.8925e-07 -0.0367656
2.895e-07 -0.0348906
2.8975e-07 -0.0317969
2.9e-07 -0.0280156
2.9025e-07 -0.0235469
2.905e-07 -0.0180156
2.9075e-07 -0.0120781
2.91e-07 -0.0046875
2.9125e-07 0.00151563
2.915e-07 0.00790625
2.9175e-07 0.0136719
2.92e-07 0.0187031
2.9225e-07 0.0236719
2.925e-07 0.0267813
2.9275e-07 0.0301406
2.93e-07 0.0315313
2.9325e-07 0.0331875
2.935e-07 0.0337031
2.9375e-07 0.0338594
2.94e-07 0.0335625
2.9425e-07 0.0316563
2.945e-07 0.0304063
2.9475e-07 0.0280313
2.95e-07 0.0248125
2.9525e-07 0.0215469
2.955e-07 0.0177656
2.9575e-07 0.0136719
2.96e-07 0.00971875
2.9625e-07 0.00582813
2.965e-07 0.002
2.9675e-07 -0.00179687
2.97e-07 -0.00559375
2.9725e-07 -0.00926563
2.975e-07 -0.0131406
2.9775e-07 -0.0159844
2.98e-07 -0.0188125
2.9825e-07 -0.0205313
2.985e-07 -0.0220625
2.9875e-07 -0.0227031
2.99e-07 -0.0234688
2.9925e-07 -0.02375
2.995e-07 -0.0235313
2.9975e-07 -0.0237813
3e-07 -0.0223594
3.0025e-07 -0.0211406
3.005e-07 -0.019
3.0075e-07 -0.0167813
3.01e-07 -0.0142188
3.0125e-07 -0.011375
3.015e-07 -0.0079375
3.0175e-07 -0.004625
3.02e-07 -0.000703125
3.0225e-07 0.00328125
3.025e-07 0.00739063
3.0275e-07 0.01125
3.03e-07 0.0140938
3.0325e-07 0.0167813
3.035e-07 0.0185469
3.0375e-07 0.0192813
3.04e-07 0.0189844
3.0425e-07 0.0195781
3.045e-07 0.0185938
3.0475e-07 0.0180313
3.05e-07 0.0179219
3.0525e-07 0.01725
3.055e-07 0.0162188
3.0575e-07 0.0145156
3.06e-07 0.0127188
3.0625e-07 0.00967188
3.065e-07 0.00596875
3.0675e-07 0.00207813
3.07e-07 -0.00235937
3.0725e-07 -0.0053125
3.075e-07 -0.00882813
3.0775e-07 -0.0105156
3.08e-07 -0.011875
3.0825e-07 -0.012375
3.085e-07 -0.0129844
3.0875e-07 -0.0118906
3.09e-07 -0.0108594
3.0925e-07 -0.00990625
3.095e-07 -0.00848438
3.0975e-07 -0.0081875
3.1e-07 -0.0075625
3.1025e-07 -0.00782813
3.105e-07 -0.00825
3.1075e-07 -0.00870313
3.11e-07 -0.0101563
3.1125e-07 -0.009625
3.115e-07 -0.00971875
3.1175e-07 -0.00823438
3.12e-07 -0.0059375
3.1225e-07 -0.00314062
3.125e-07 0.000234375
3.1275e-07 0.00375
3.13e-07 0.00710938
3.1325e-07 0.0102344
3.135e-07 0.0130469
3.1375e-07 0.0153125
3.14e-07 0.016875
3.1425e-07 0.0171406
3.145e-07 0.0171094
3.1475e-07 0.0156563
3.15e-07 0.0130625
3.1525e-07 0.0100156
3.155e-07 0.00715625
3.1575e-07 0.00459375
3.16e-07 0.0021875
3.1625e-07 0.00025
3.165e-07 -0.00179687
3.1675e-07 -0.00229687
3.17e-07 -0.00273437
3.1725e-07 -0.00309375
3.175e-07 -0.00292187
3.1775e-07 -0.00351562
3.18e-07 -0.00376562
3.1825e-07 -0.00415625
3.185e-07 -0.00503125
3.1875e-07 -0.00571875
3.19e-07 -0.00585938
3.1925e-07 -0.00609375
3.195e-07 -0.00575
3.1975e-07 -0.00554687
3.2e-07 -0.00376562
3.2025e-07 -0.00242187
3.205e-07 -0.000640625
3.2075e-07 0.0005
3.21e-07 0.0019375
3.2125e-07 0.00209375
3.215e-07 0.0021875
3.2175e-07 0.00034375
3.22e-07 -0.00139062
3.2225e-07 -0.00346875
3.225e-07 -0.00575
3.2275e-07 -0.00760938
3.23e-07 -0.00815625
3.2325e-07 -0.00820313
3.235e-07 -0.00815625
3.2375e-07 -0.0053125
3.24e-07 -0.00323437
3.2425e-07 -0.000890625
3.245e-07 0.00214063
3.2475e-07 0.0046875
3.25e-07 0.00676563
3.2525e-07 0.00784375
3.255e-07 0.00884375
3.2575e-07 0.00920313
3.26e-07 0.0091875
3.2625e-07 0.0088125
3.265e-07 0.00865625
3.2675e-07 0.00804688
3.27e-07 0.00720313
3.2725e-07 0.00634375
3.275e-07 0.005125
3.2775e-07 0.00239063
3.28e-07 0.0005625
3.2825e-07 -0.00148437
3.285e-07 -0.00248437
3.2875e-07 -0.0023125
3.29e-07 -0.00235937
3.2925e-07 -0.00140625
3.295e-07 -0.00075
3.2975e-07 0.000359375
3.3e-07 6.25003e-05
3.3025e-07 -0.000328125
3.305e-07 -0.00134375
3.3075e-07 -0.00307812
3.31e-07 -0.00401562
3.3125e-07 -0.00346875
3.315e-07 -0.00371875
3.3175e-07 -0.0029375
3.32e-07 -0.002125
3.3225e-07 -0.00120312
3.325e-07 -0.000140625
3.3275e-07 0.000640625
3.33e-07 0.00117188
3.3325e-07 0.00182813
3.335e-07 0.00160938
3.3375e-07 0.00145313
3.34e-07 0.00103125
3.3425e-07 0.00078125
3.345e-07 0.000609375
3.3475e-07 -1.56247e-05
3.35e-07 -0.000125
3.3525e-07 -0.000671875
3.355e-07 -0.0005625
3.3575e-07 -0.00134375
3.36e-07 -0.000640625
3.3625e-07 -0.00096875
3.365e-07 -0.0011875
3.3675e-07 -0.0006875
3.37e-07 -0.000671875
3.3725e-07 -0.00075
3.375e-07 -0.00125
3.3775e-07 -0.00078125
3.38e-07 -0.000671875
3.3825e-07 -0.000609375
3.385e-07 -0.00110937
3.3875e-07 -0.00121875
3.39e-07 -0.00129687
3.3925e-07 -0.0014375
3.395e-07 -0.001375
3.3975e-07 -0.000921875
3.4e-07 -0.000390625
3.4025e-07 0.000359375
3.405e-07 0.00196875
3.4075e-07 0.00279688
3.41e-07 0.0033125
3.4125e-07 0.00482813
3.415e-07 0.00485938
3.4175e-07 0.0053125
3.42e-07 0.00620313
3.4225e-07 0.00579688
3.425e-07 0.00607813
3.4275e-07 0.00523438
3.43e-07 0.005125
3.4325e-07 0.0048125
3.435e-07 0.00420313
3.4375e-07 0.00332813
3.44e-07 0.00360938
3.4425e-07 0.0026875
3.445e-07 0.00228125
3.4475e-07 0.00159375
3.45e-07 0.00110938
3.4525e-07 4.68753e-05
3.455e-07 -0.001375
3.4575e-07 -0.002125
3.46e-07 -0.00395312
3.4625e-07 -0.00478125
3.465e-07 -0.00551562
3.4675e-07 -0.00609375
3.47e-07 -0.0056875
3.4725e-07 -0.00596875
3.475e-07 -0.00492187
3.4775e-07 -0.00471875
3.48e-07 -0.00417187
3.4825e-07 -0.00453125
3.485e-07 -0.00434375
3.4875e-07 -0.0043125
3.49e-07 -0.00432812
3.4925e-07 -0.00470312
3.495e-07 -0.0043125
3.4975e-07 -0.0040625
3.5e-07 -0.00346875
3.5025e-07 -0.0029375
3.505e-07 -0.00198437
3.5075e-07 -0.00115625
3.51e-07 2.68221e-10
3.5125e-07 0.000953125
3.515e-07 0.00195313
3.5175e-07 0.00309375
3.52e-07 0.00420313
3.5225e-07 0.00534375
3.525e-07 0.00642188
3.5275e-07 0.00717188
3.53e-07 0.00814063
3.5325e-07 0.00892188
3.535e-07 0.00957813
3.5375e-07 0.00990625
3.54e-07 0.0100938
3.5425e-07 0.0107031
3.545e-07 0.0101094
3.5475e-07 0.0098125
3.55e-07 0.00923438
3.5525e-07 0.00810938
3.555e-07 0.00620313
3.5575e-07 0.00521875
3.56e-07 0.00315625
3.5625e-07 0.00145313
3.565e-07 -0.0001875
3.5675e-07 -0.001875
3.57e-07 -0.00390625
3.5725e-07 -0.0059375
3.575e-07 -0.00720313
3.5775e-07 -0.00840625
3.58e-07 -0.00971875
3.5825e-07 -0.0105156
3.585e-07 -0.0112969
3.5875e-07 -0.0109219
3.59e-07 -0.0115625
3.5925e-07 -0.0112344
3.595e-07 -0.01075
3.5975e-07 -0.0093125
3.6e-07 -0.008125
3.6025e-07 -0.00696875
3.605e-07 -0.00514062
3.6075e-07 -0.00440625
3.61e-07 -0.00310937
3.6125e-07 -0.00185937
3.615e-07 -0.000453125
3.6175e-07 0.000984375
3.62e-07 0.00160938
3.6225e-07 0.0030625
3.625e-07 0.004125
3.6275e-07 0.00510938
3.63e-07 0.00590625
3.6325e-07 0.006625
3.635e-07 0.007625
3.6375e-07 0.00798438
3.64e-07 0.00896875
3.6425e-07 0.00929688
3.645e-07 0.00971875
3.6475e-07 0.0101406
3.65e-07 0.00946875
3.6525e-07 0.0090625
3.655e-07 0.00854688
3.6575e-07 0.00810938
3.66e-07 0.0073125
3.6625e-07 0.00667188
3.665e-07 0.005375
3.6675e-07 0.00459375
3.67e-07 0.00296875
3.6725e-07 0.0021875
3.675e-07 0.000296875
3.6775e-07 -0.000625
3.68e-07 -0.002625
3.6825e-07 -0.00384375
3.685e-07 -0.00528125
3.6875e-07 -0.0058125
3.69e-07 -0.00660938
3.6925e-07 -0.00773438
3.695e-07 -0.00765625
3.6975e-07 -0.0081875
3.7e-07 -0.00778125
3.7025e-07 -0.00814063
3.705e-07 -0.00707813
3.7075e-07 -0.006875
3.71e-07 -0.00576563
3.7125e-07 -0.00460937
3.715e-07 -0.003625
3.7175e-07 -0.00345312
3.72e-07 -0.00234375
3.7225e-07 -0.00215625
3.725e-07 -0.000984375
3.7275e-07 -0.000671875
3.73e-07 -0.00034375
3.7325e-07 0.000578125
3.735e-07 0.000796875
3.7375e-07 0.001625
3.74e-07 0.00214063
3.7425e-07 0.00295313
3.745e-07 0.00346875
3.7475e-07 0.00354688
3.75e-07 0.00382813
3.7525e-07 0.00445313
3.755e-07 0.00459375
3.7575e-07 0.00398438
3.76e-07 0.00440625
3.7625e-07 0.00390625
3.765e-07 0.003875
3.7675e-07 0.0041875
3.77e-07 0.00435938
3.7725e-07 0.00429688
3.775e-07 0.00484375
3.7775e-07 0.00451563
3.78e-07 0.00460938
3.7825e-07 0.00415625
3.785e-07 0.00378125
3.7875e-07 0.0030625
3.79e-07 0.00234375
3.7925e-07 0.00126563
3.795e-07 0.000390625
3.7975e-07 -0.00046875
3.8e-07 -0.00134375
3.8025e-07 -0.00196875
3.805e-07 -0.00301562
3.8075e-07 -0.00251562
3.81e-07 -0.00260937
3.8125e-07 -0.00225
3.815e-07 -0.00170312
3.8175e-07 -0.00170312
3.82e-07 -0.00175
3.8225e-07 -0.00145312
3.825e-07 -0.00139062
3.8275e-07 -0.00096875
3.83e-07 -0.00140625
3.8325e-07 -0.00196875
3.835e-07 -0.00176562
3.8375e-07 -0.0021875
3.84e-07 -0.00184375
3.8425e-07 -0.0019375
3.845e-07 -0.0014375
3.8475e-07 -0.0018125
3.85e-07 -0.00135937
3.8525e-07 -0.00117187
3.855e-07 -0.00110937
3.8575e-07 -0.000796875
3.86e-07 -0.000359375
3.8625e-07 -0.00040625
3.865e-07 7.81253e-05
3.8675e-07 -0.0003125
3.87e-07 -0.000671875
3.8725e-07 -3.12497e-05
3.875e-07 0.00015625
3.8775e-07 0.000375
3.88e-07 0.000953125
3.8825e-07 0.000984375
3.885e-07 0.00176563
3.8875e-07 0.00257813
3.89e-07 0.002625
3.8925e-07 0.00345313
3.895e-07 0.0039375
3.8975e-07 0.00392188
3.9e-07 0.004
3.9025e-07 0.00353125
3.905e-07 0.00317188
3.9075e-07 0.00257813
3.91e-07 0.0020625
3.9125e-07 0.00171875
3.915e-07 0.0018125
3.9175e-07 0.00179688
3.92e-07 0.002
3.9225e-07 0.00210938
3.925e-07 0.00175
3.9275e-07 0.00117188
3.93e-07 0.0008125
3.9325e-07 -7.81247e-05
3.935e-07 -0.000421875
3.9375e-07 -0.00167187
3.94e-07 -0.0014375
3.9425e-07 -0.00185937
3.945e-07 -0.00170312
3.9475e-07 -0.0018125
3.95e-07 -0.00209375
3.9525e-07 -0.00190625
3.955e-07 -0.00178125
3.9575e-07 -0.00164062
3.96e-07 -0.00178125
3.9625e-07 -0.00184375
3.965e-07 -0.00203125
3.9675e-07 -0.00195312
3.97e-07 -0.00201562
3.9725e-07 -0.00128125
3.975e-07 -0.001
3.9775e-07 -0.00059375
3.98e-07 -0.0008125
3.9825e-07 -0.00040625
3.985e-07 -0.00059375
3.9875e-07 0.00084375
3.99e-07 0.00257813
3.9925e-07 0.004625
3.995e-07 0.00764063
3.9975e-07 0.0102656
4e-07 0.0108438
4.0025e-07 0.0100938
4.005e-07 0.00879688
4.0075e-07 0.00509375
4.01e-07 0.0011875
4.0125e-07 -0.00154687
4.015e-07 -0.00421875
4.0175e-07 -0.0060625
4.02e-07 -0.00717188
4.0225e-07 -0.0074375
4.025e-07 -0.00757813
4.0275e-07 -0.00721875
4.03e-07 -0.00635938
4.0325e-07 -0.00534375
4.035e-07 -0.00459375
4.0375e-07 -0.00432812
4.04e-07 -0.00429687
4.0425e-07 -0.00440625
4.045e-07 -0.00346875
4.0475e-07 -0.00365625
4.05e-07 -0.00275
4.0525e-07 -0.00126562
4.055e-07 0.0005625
4.0575e-07 0.0028125
4.06e-07 0.00475
4.0625e-07 0.00685938
4.065e-07 0.00864063
4.0675e-07 0.00917188
4.07e-07 0.00970313
4.0725e-07 0.0086875
4.075e-07 0.0075
4.0775e-07 0.00532813
4.08e-07 0.00295313
4.0825e-07 0.00157813
4.085e-07 6.25003e-05
4.0875e-07 -0.00125
4.09e-07 -0.00120312
4.0925e-07 -0.00129687
4.095e-07 -0.00109375
4.0975e-07 -4.68747e-05
4.1e-07 0.0006875
4.1025e-07 0.00151563
4.105e-07 0.00285938
4.1075e-07 0.00409375
4.11e-07 0.0040625
4.1125e-07 0.00451563
4.115e-07 0.0050625
4.1175e-07 0.0040625
4.12e-07 0.00348438
4.1225e-07 0.00232813
4.125e-07 0.001
4.1275e-07 -0.000359375
4.13e-07 -0.00145312
4.1325e-07 -0.004
4.135e-07 -0.00460937
4.1375e-07 -0.00573438
4.14e-07 -0.006375
4.1425e-07 -0.00654688
4.145e-07 -0.00729688
4.1475e-07 -0.00695313
4.15e-07 -0.00689063
4.1525e-07 -0.00639063
4.155e-07 -0.00496875
4.1575e-07 -0.00398437
4.16e-07 -0.00270312
4.1625e-07 -0.00209375
4.165e-07 -0.00101562
4.1675e-07 -0.000609375
4.17e-07 0.000234375
4.1725e-07 0.000484375
4.175e-07 -9.37497e-05
4.1775e-07 -0.000453125
4.18e-07 -0.00078125
4.1825e-07 -0.00198437
4.185e-07 -0.00196875
4.1875e-07 -0.00232812
4.19e-07 -0.00270312
4.1925e-07 -0.00235937
4.195e-07 -0.0020625
4.1975e-07 -0.000296875
4.2e-07 0.00059375
4.2025e-07 0.002125
4.205e-07 0.00417188
4.2075e-07 0.00620313
4.21e-07 0.00857813
4.2125e-07 0.0106406
4.215e-07 0.0128594
4.2175e-07 0.0144844
4.22e-07 0.0155625
4.2225e-07 0.0169375
4.225e-07 0.0171719
4.2275e-07 0.0167031
4.23e-07 0.0163594
4.2325e-07 0.0140313
4.235e-07 0.01225
4.2375e-07 0.00920313
4.24e-07 0.00584375
4.2425e-07 0.00251563
4.245e-07 -0.00145312
4.2475e-07 -0.005125
