-2.5e-08 -0.00439063
-2.49e-08 -0.00328125
-2.48e-08 -0.0014375
-2.47e-08 -7.15256e-10
-2.46e-08 0.000156249
-2.45e-08 -0.000125001
-2.44e-08 0.000468749
-2.43e-08 0.00214062
-2.42e-08 0.004
-2.41e-08 0.00475
-2.4e-08 0.00448437
-2.39e-08 0.00348437
-2.38e-08 0.002
-2.37e-08 -7.15256e-10
-2.36e-08 -0.00242188
-2.35e-08 -0.0039375
-2.34e-08 -0.00364063
-2.33e-08 -0.00189063
-2.32e-08 -7.15256e-10
-2.31e-08 0.000796874
-2.3e-08 0.000421874
-2.29e-08 -0.000343751
-2.28e-08 -0.000531251
-2.27e-08 -7.15256e-10
-2.26e-08 0.000671874
-2.25e-08 0.000546874
-2.24e-08 -0.000812501
-2.23e-08 -0.00271875
-2.22e-08 -0.004
-2.21e-08 -0.00371875
-2.2e-08 -0.00157813
-2.19e-08 0.00159375
-2.18e-08 0.00379687
-2.17e-08 0.004
-2.16e-08 0.00232812
-2.15e-08 0.000531249
-2.14e-08 -7.81257e-05
-2.13e-08 0.000281249
-2.12e-08 -7.15256e-10
-2.11e-08 -0.00185938
-2.1e-08 -0.00370313
-2.09e-08 -0.00365625
-2.08e-08 -0.00179688
-2.07e-08 -7.15256e-10
-2.06e-08 0.000140624
-2.05e-08 -0.000171876
-2.04e-08 0.000671874
-2.03e-08 0.00260937
-2.02e-08 0.004
-2.01e-08 0.00326562
-2e-08 0.00110937
-1.99e-08 -0.000796876
-1.98e-08 -0.0010625
-1.97e-08 -7.15256e-10
-1.96e-08 0.000953124
-1.95e-08 0.000703124
-1.94e-08 -0.000968751
-1.93e-08 -0.00298438
-1.92e-08 -0.004
-1.91e-08 -0.00323438
-1.9e-08 -0.00115625
-1.89e-08 0.000968749
-1.88e-08 0.00148437
-1.87e-08 -7.15256e-10
-1.86e-08 -0.00246875
-1.85e-08 -0.00401563
-1.84e-08 -0.00345313
-1.83e-08 -0.00151563
-1.82e-08 -7.15256e-10
-1.81e-08 -4.68757e-05
-1.8e-08 -0.000281251
-1.79e-08 0.000781249
-1.78e-08 0.00282812
-1.77e-08 0.004
-1.76e-08 0.00276562
-1.75e-08 0.000734374
-1.74e-08 -0.000125001
-1.73e-08 0.000296874
-1.72e-08 -7.15256e-10
-1.71e-08 -0.00229688
-1.7e-08 -0.00404688
-1.69e-08 -0.00304688
-1.68e-08 -0.000562501
-1.67e-08 -7.15256e-10
-1.66e-08 -0.00282813
-1.65e-08 -0.00471875
-1.64e-08 -0.00171875
-1.63e-08 0.00442187
-1.62e-08 0.008
-1.61e-08 0.00489062
-1.6e-08 -0.00139063
-1.59e-08 -0.00520313
-1.58e-08 -0.00378125
-1.57e-08 -7.15256e-10
-1.56e-08 0.00176562
-1.55e-08 0.000937499
-1.54e-08 -0.000703126
-1.53e-08 -0.00107813
-1.52e-08 -7.15256e-10
-1.51e-08 0.00117187
-1.5e-08 0.000874999
-1.49e-08 -0.0013125
-1.48e-08 -0.0036875
-1.47e-08 -0.004
-1.46e-08 -0.00123438
-1.45e-08 0.00253125
-1.44e-08 0.0046875
-1.43e-08 0.00454687
-1.42e-08 0.004
-1.41e-08 0.00454687
-1.4e-08 0.0046875
-1.39e-08 0.0025625
-1.38e-08 -0.00117188
-1.37e-08 -0.004
-1.36e-08 -0.00382813
-1.35e-08 -0.00140625
-1.34e-08 0.000999999
-1.33e-08 0.001375
-1.32e-08 -7.15256e-10
-1.31e-08 -0.00146875
-1.3e-08 -0.00109375
-1.29e-08 0.0015625
-1.28e-08 0.00414062
-1.27e-08 0.004
-1.26e-08 0.000421874
-1.25e-08 -0.00320313
-1.24e-08 -0.00365625
-1.23e-08 -0.00135938
-1.22e-08 -7.15256e-10
-1.21e-08 -0.00203125
-1.2e-08 -0.00410938
-1.19e-08 -0.00254688
-1.18e-08 0.0016875
-1.17e-08 0.004
-1.16e-08 0.00114062
-1.15e-08 -0.003
-1.14e-08 -0.00345313
-1.13e-08 0.000343749
-1.12e-08 0.004
-1.11e-08 0.00346875
-1.1e-08 0.000921874
-1.09e-08 9.37493e-05
-1.08e-08 0.00204687
-1.07e-08 0.004
-1.06e-08 0.00296875
-1.05e-08 0.000718749
-1.04e-08 7.81243e-05
-1.03e-08 0.00182812
-1.02e-08 0.004
-1.01e-08 0.0043125
-1e-08 0.00401562
-9.9e-09 0.00445312
-9.8e-09 0.005125
-9.7e-09 0.004
-9.6e-09 0.000171874
-9.5e-09 -0.0033125
-9.4e-09 -0.003625
-9.3e-09 -0.00134375
-9.2e-09 -7.15256e-10
-9.1e-09 -0.0018125
-9e-09 -0.00392188
-8.9e-09 -0.00289063
-8.8e-09 0.000984374
-8.7e-09 0.004
-8.6e-09 0.003125
-8.5e-09 0.000734374
-8.4e-09 0.000249999
-8.3e-09 0.00226562
-8.2e-09 0.004
-8.1e-09 0.00278125
-8e-09 0.000593749
-7.9e-09 0.000234374
-7.8e-09 0.00217187
-7.7e-09 0.004
-7.6e-09 0.00317187
-7.5e-09 0.000984374
-7.4e-09 -0.000453126
-7.3e-09 -0.000343751
-7.2e-09 -7.15256e-10
-7.1e-09 -0.000593751
-7e-09 -0.000625001
-6.9e-09 0.00123437
-6.8e-09 0.00365625
-6.7e-09 0.004
-6.6e-09 0.000859374
-6.5e-09 -0.00292188
-6.4e-09 -0.00407813
-6.3e-09 -0.0021875
-6.2e-09 -7.15256e-10
-6.1e-09 9.37493e-05
-6e-09 -0.000265626
-5.9e-09 0.000984374
-5.8e-09 0.00328125
-5.7e-09 0.004
-5.6e-09 0.00114062
-5.5e-09 -0.00273438
-5.4e-09 -0.00426563
-5.3e-09 -0.00251563
-5.2e-09 -7.15256e-10
-5.1e-09 0.000640624
-5e-09 0.000203124
-4.9e-09 0.000234374
-4.8e-09 0.000703124
-4.7e-09 -7.15256e-10
-4.6e-09 -0.00259375
-4.5e-09 -0.0043125
-4.4e-09 -0.00267188
-4.3e-09 0.00126562
-4.2e-09 0.004
-4.1e-09 0.0030625
-4e-09 0.000718749
-3.9e-09 0.000218749
-3.8e-09 0.0021875
-3.7e-09 0.004
-3.6e-09 0.00292187
-3.5e-09 0.000796874
-3.4e-09 -0.000140626
-3.3e-09 0.000234374
-3.2e-09 -7.15256e-10
-3.1e-09 -0.00178125
-3e-09 -0.00167188
-2.9e-09 0.00298437
-2.8e-09 0.00942187
-2.7e-09 0.012
-2.6e-09 0.00685937
-2.5e-09 -0.00303125
-2.4e-09 -0.0117188
-2.3e-09 -0.0143594
-2.2e-09 -0.012
-2.1e-09 -0.00726563
-2e-09 -0.000234376
-1.9e-09 0.008625
-1.8e-09 0.0152031
-1.7e-09 0.016
-1.6e-09 0.0104219
-1.5e-09 0.00495312
-1.4e-09 0.00492187
-1.3e-09 0.00932812
-1.2e-09 0.012
-1.1e-09 0.00825
-1e-09 0.00220312
-9e-10 -0.000656251
-8e-10 0.00129687
-7e-10 0.004
-6e-10 0.00253125
-5e-10 -0.00190625
-4e-10 -0.00515625
-3e-10 -0.004125
-2e-10 -7.15256e-10
-1e-10 0.003875
0 0.00489062
1e-10 0.00253125
2e-10 -0.00123438
3e-10 -0.004
4e-10 -0.00409375
5e-10 -0.00164063
6e-10 0.00145312
7e-10 0.0023125
8e-10 -7.15256e-10
9e-10 -0.00382813
1e-09 -0.0050625
1.1e-09 -0.00184375
1.2e-09 0.00279687
1.3e-09 0.004
1.4e-09 -0.000468751
1.5e-09 -0.0063125
1.6e-09 -0.00803125
1.7e-09 -0.00448438
1.8e-09 -7.15256e-10
1.9e-09 0.000546874
2e-09 -0.00225
2.1e-09 -0.00517188
2.2e-09 -0.00557813
2.3e-09 -0.004
2.4e-09 -0.00226563
2.5e-09 -0.000750001
2.6e-09 0.000812499
2.7e-09 0.00251562
2.8e-09 0.004
2.9e-09 0.00423437
3e-09 0.0020625
3.1e-09 -0.00253125
3.2e-09 -0.0068125
3.3e-09 -0.008
3.4e-09 -0.00520313
3.5e-09 -0.00129688
3.6e-09 0.000312499
3.7e-09 -0.00135938
3.8e-09 -0.004
3.9e-09 -0.00485938
4e-09 -0.004375
4.1e-09 -0.00395313
4.2e-09 -0.00410938
4.3e-09 -0.004
4.4e-09 -0.00257813
4.5e-09 -0.000734376
4.6e-09 0.000359374
4.7e-09 0.000281249
4.8e-09 -7.15256e-10
4.9e-09 0.000671874
5e-09 0.00271875
5.1e-09 0.00523437
5.2e-09 0.00604687
5.3e-09 0.004
5.4e-09 -0.000218751
5.5e-09 -0.00357813
5.6e-09 -0.0035
5.7e-09 -0.000109376
5.8e-09 0.004
5.9e-09 0.00584375
6e-09 0.00501562
6.1e-09 0.00303125
6.2e-09 0.002375
6.3e-09 0.004
6.4e-09 0.00673437
6.5e-09 0.00829687
6.6e-09 0.00698437
6.7e-09 0.00346875
6.8e-09 -7.15256e-10
6.9e-09 -0.00142188
7e-09 -0.000750001
7.1e-09 0.000562499
7.2e-09 0.000859374
7.3e-09 -7.15256e-10
7.4e-09 -0.000875001
7.5e-09 -0.000671876
7.6e-09 0.000968749
7.7e-09 0.003
7.8e-09 0.004
7.9e-09 0.00314062
8e-09 0.00104687
8.1e-09 -0.000765626
8.2e-09 -0.00104688
8.3e-09 -7.15256e-10
8.4e-09 0.0014375
8.5e-09 0.00315625
8.6e-09 0.00484375
8.7e-09 0.005375
8.8e-09 0.004
8.9e-09 0.00115625
9e-09 -0.000343751
9.1e-09 0.0011875
9.2e-09 0.00382812
9.3e-09 0.004
9.4e-09 0.000109374
9.5e-09 -0.00357813
9.6e-09 -0.0029375
9.7e-09 0.00120312
9.8e-09 0.004
9.9e-09 0.00221875
1e-08 -6.25007e-05
1.01e-08 0.00165625
1.02e-08 0.00626562
1.03e-08 0.008
1.04e-08 0.00270312
1.05e-08 -0.0051875
1.06e-08 -0.00898438
1.07e-08 -0.00595313
1.08e-08 -7.15256e-10
1.09e-08 0.00354687
1.1e-08 0.00428125
1.11e-08 0.00396875
1.12e-08 0.004
1.13e-08 0.004
1.14e-08 0.00278125
1.15e-08 0.000874999
1.16e-08 -0.000656251
1.17e-08 -0.000875001
1.18e-08 -7.15256e-10
1.19e-08 0.000937499
1.2e-08 0.000734374
1.21e-08 -0.00110938
1.22e-08 -0.00325
1.23e-08 -0.004
1.24e-08 -0.002625
1.25e-08 -0.000609376
1.26e-08 4.68743e-05
1.27e-08 -0.00146875
1.28e-08 -0.004
1.29e-08 -0.00553125
1.3e-08 -0.00501563
1.31e-08 -0.00279688
1.32e-08 -0.000656251
1.33e-08 -7.15256e-10
1.34e-08 -0.001125
1.35e-08 -0.00310938
1.36e-08 -0.00459375
1.37e-08 -0.00471875
1.38e-08 -0.004
1.39e-08 -0.00345313
1.4e-08 -0.00367188
1.41e-08 -0.00434375
1.42e-08 -0.00460938
1.43e-08 -0.004
1.44e-08 -0.00254688
1.45e-08 -0.000781251
1.46e-08 0.000609374
1.47e-08 0.000828124
1.48e-08 -7.15256e-10
1.49e-08 -0.00101563
1.5e-08 -0.000781251
1.51e-08 0.001125
1.52e-08 0.00329687
1.53e-08 0.004
1.54e-08 0.00240625
1.55e-08 0.000453124
1.56e-08 0.000156249
1.57e-08 0.001875
1.58e-08 0.004
1.59e-08 0.00467187
1.6e-08 0.00429687
1.61e-08 0.00390625
1.62e-08 0.004
1.63e-08 0.004
1.64e-08 0.00296875
1.65e-08 0.00103125
1.66e-08 -0.000890626
1.67e-08 -0.00135938
1.68e-08 -7.15256e-10
1.69e-08 0.00245312
1.7e-08 0.00401562
1.71e-08 0.003375
1.72e-08 0.0013125
1.73e-08 -7.15256e-10
1.74e-08 0.000906249
1.75e-08 0.00301562
1.76e-08 0.00451562
1.77e-08 0.00451562
1.78e-08 0.004
1.79e-08 0.00404687
1.8e-08 0.00420312
1.81e-08 0.0034375
1.82e-08 0.00173437
1.83e-08 -7.15256e-10
1.84e-08 -0.000671876
1.85e-08 -0.000343751
1.86e-08 0.000234374
1.87e-08 0.000343749
1.88e-08 -7.15256e-10
1.89e-08 -0.000328126
1.9e-08 -0.000296876
1.91e-08 0.000421874
1.92e-08 0.0019375
1.93e-08 0.004
1.94e-08 0.0056875
1.95e-08 0.00528125
1.96e-08 0.00215625
1.97e-08 -0.00176563
1.98e-08 -0.004
1.99e-08 -0.0033125
2e-08 -0.00107813
2.01e-08 0.000562499
2.02e-08 0.000562499
2.03e-08 -7.15256e-10
2.04e-08 0.000578124
2.05e-08 0.0026875
2.06e-08 0.0051875
2.07e-08 0.00592187
2.08e-08 0.004
2.09e-08 0.000171874
2.1e-08 -0.00320313
2.11e-08 -0.0040625
2.12e-08 -0.00229688
2.13e-08 -7.15256e-10
2.14e-08 0.000843749
2.15e-08 0.000406249
2.16e-08 -0.000171876
2.17e-08 -0.000156251
2.18e-08 -7.15256e-10
2.19e-08 -0.000296876
2.2e-08 -0.000343751
2.21e-08 0.000656249
2.22e-08 0.0024375
2.23e-08 0.004
2.24e-08 0.004375
2.25e-08 0.00415625
2.26e-08 0.00395312
2.27e-08 0.00404687
2.28e-08 0.004
2.29e-08 0.0030625
2.3e-08 0.0011875
2.31e-08 -0.00123438
2.32e-08 -0.003125
2.33e-08 -0.004
2.34e-08 -0.00396875
2.35e-08 -0.00392188
2.36e-08 -0.00423438
2.37e-08 -0.00451563
2.38e-08 -0.004
2.39e-08 -0.00228125
2.4e-08 -0.000468751
2.41e-08 7.81243e-05
2.42e-08 -0.00132813
2.43e-08 -0.004
2.44e-08 -0.00609375
2.45e-08 -0.00553125
2.46e-08 -0.001875
2.47e-08 0.00229687
2.48e-08 0.004
2.49e-08 0.00217187
2.5e-08 0.000156249
2.51e-08 0.000828124
2.52e-08 0.0033125
2.53e-08 0.004
2.54e-08 0.000624999
2.55e-08 -0.00323438
2.56e-08 -0.00339063
2.57e-08 0.000390624
2.58e-08 0.004
2.59e-08 0.0031875
2.6e-08 -0.00135938
2.61e-08 -0.00604688
2.62e-08 -0.00701563
2.63e-08 -0.004
2.64e-08 0.000546874
2.65e-08 0.003625
2.66e-08 0.003625
2.67e-08 0.00153125
2.68e-08 -7.15256e-10
2.69e-08 0.000843749
2.7e-08 0.00309375
2.71e-08 0.0043125
2.72e-08 0.00298437
2.73e-08 -7.15256e-10
2.74e-08 -0.00270313
2.75e-08 -0.00403125
2.76e-08 -0.00376563
2.77e-08 -0.00223438
2.78e-08 -7.15256e-10
2.79e-08 0.00228125
2.8e-08 0.00379687
2.81e-08 0.00389062
2.82e-08 0.00242187
2.83e-08 -7.15256e-10
2.84e-08 -0.00246875
2.85e-08 -0.0039375
2.86e-08 -0.00371875
2.87e-08 -0.00207813
2.88e-08 -7.15256e-10
2.89e-08 0.00132812
2.9e-08 0.000906249
2.91e-08 -0.0011875
2.92e-08 -0.00334375
2.93e-08 -0.004
2.94e-08 -0.00267188
2.95e-08 -0.000750001
2.96e-08 0.000328124
2.97e-08 0.000187499
2.98e-08 -7.15256e-10
2.99e-08 0.000968749
3e-08 0.00296875
3.01e-08 0.00476562
3.02e-08 0.00510937
3.03e-08 0.004
3.04e-08 0.00215625
3.05e-08 0.000515624
3.06e-08 -0.000328126
3.07e-08 -0.000312501
3.08e-08 -7.15256e-10
3.09e-08 3.12493e-05
3.1e-08 -1.56257e-05
3.11e-08 0.000140624
3.12e-08 0.000296874
3.13e-08 -7.15256e-10
3.14e-08 -0.000765626
3.15e-08 -0.000671876
3.16e-08 0.001125
3.17e-08 0.003375
3.18e-08 0.004
3.19e-08 0.00215625
3.2e-08 0.000249999
3.21e-08 0.000531249
3.22e-08 0.00264062
3.23e-08 0.004
3.24e-08 0.00257812
3.25e-08 0.000484374
3.26e-08 0.000328124
3.27e-08 0.0023125
3.28e-08 0.004
3.29e-08 0.0030625
3.3e-08 0.000906249
3.31e-08 -0.000312501
3.32e-08 -6.25007e-05
3.33e-08 -7.15256e-10
3.34e-08 -0.00165625
3.35e-08 -0.00357813
3.36e-08 -0.00376563
3.37e-08 -0.00198438
3.38e-08 -7.15256e-10
3.39e-08 0.000499999
3.4e-08 0.000171874
3.41e-08 0.000109374
3.42e-08 0.000374999
3.43e-08 -7.15256e-10
3.44e-08 -0.00170313
3.45e-08 -0.0035625
3.46e-08 -0.00392188
3.47e-08 -0.00232813
3.48e-08 -7.15256e-10
3.49e-08 0.00129687
3.5e-08 0.000843749
3.51e-08 -0.001
3.52e-08 -0.00296875
3.53e-08 -0.004
3.54e-08 -0.00351563
3.55e-08 -0.00145313
3.56e-08 0.00146875
3.57e-08 0.00359375
3.58e-08 0.004
3.59e-08 0.00264062
3.6e-08 0.000765624
3.61e-08 -0.000515626
3.62e-08 -0.000609376
3.63e-08 -7.15256e-10
3.64e-08 0.000343749
3.65e-08 0.000203124
3.66e-08 -0.000203126
3.67e-08 -0.000328126
3.68e-08 -7.15256e-10
3.69e-08 0.000421874
3.7e-08 0.000374999
3.71e-08 -0.000578126
3.72e-08 -0.00223438
3.73e-08 -0.004
3.74e-08 -0.00498438
3.75e-08 -0.0046875
3.76e-08 -0.003125
3.77e-08 -0.00126563
3.78e-08 -7.15256e-10
3.79e-08 0.000328124
3.8e-08 0.000124999
3.81e-08 -1.56257e-05
3.82e-08 6.24993e-05
3.83e-08 -7.15256e-10
3.84e-08 -0.000421876
3.85e-08 -0.000421876
3.86e-08 0.000687499
3.87e-08 0.0025
3.88e-08 0.004
3.89e-08 0.00429687
3.9e-08 0.00407812
3.91e-08 0.00410937
3.92e-08 0.00434375
3.93e-08 0.004
3.94e-08 0.00240625
3.95e-08 0.000624999
3.96e-08 -0.000296876
3.97e-08 -0.000187501
3.98e-08 -7.15256e-10
3.99e-08 -0.000437501
4e-08 -0.000468751
4.01e-08 0.000859374
4.02e-08 0.00289062
4.03e-08 0.004
4.04e-08 0.00303125
4.05e-08 0.000953124
4.06e-08 -0.000562501
4.07e-08 -0.000625001
4.08e-08 -7.15256e-10
4.09e-08 0.000187499
4.1e-08 6.24993e-05
4.11e-08 9.37493e-05
4.12e-08 0.000249999
4.13e-08 -7.15256e-10
4.14e-08 -0.000765626
4.15e-08 -0.000671876
4.16e-08 0.001125
4.17e-08 0.003375
4.18e-08 0.004
4.19e-08 0.00210937
4.2e-08 0.000203124
4.21e-08 0.000640624
4.22e-08 0.00284375
4.23e-08 0.004
4.24e-08 0.0021875
4.25e-08 0.000187499
4.26e-08 0.000796874
4.27e-08 0.00326562
4.28e-08 0.004
4.29e-08 0.000593749
4.3e-08 -0.00326563
4.31e-08 -0.00332813
4.32e-08 0.000484374
4.33e-08 0.004
4.34e-08 0.00340625
4.35e-08 0.000968749
4.36e-08 1.56243e-05
4.37e-08 0.000749999
4.38e-08 -7.15256e-10
4.39e-08 -0.0041875
4.4e-08 -0.00775
4.41e-08 -0.00667188
4.42e-08 -0.00226563
4.43e-08 -7.15256e-10
4.44e-08 -0.00326563
4.45e-08 -0.00742188
4.46e-08 -0.00670313
4.47e-08 -0.0010625
4.48e-08 0.004
4.49e-08 0.00367187
4.5e-08 0.000937499
4.51e-08 0.000328124
4.52e-08 0.00260937
4.53e-08 0.004
4.54e-08 0.00109375
4.55e-08 -0.0029375
4.56e-08 -0.00373438
4.57e-08 -0.000265626
4.58e-08 0.004
4.59e-08 0.0048125
4.6e-08 0.00209375
4.61e-08 -0.001875
4.62e-08 -0.004125
4.63e-08 -0.004
4.64e-08 -0.00239063
4.65e-08 -0.000625001
4.66e-08 0.000312499
4.67e-08 0.000265624
4.68e-08 -7.15256e-10
4.69e-08 0.000171874
4.7e-08 0.000187499
4.71e-08 -0.000453126
4.72e-08 -0.000968751
4.73e-08 -7.15256e-10
4.74e-08 0.00264062
4.75e-08 0.0043125
4.76e-08 0.00273437
4.77e-08 -0.00109375
4.78e-08 -0.004
4.79e-08 -0.00353125
4.8e-08 -0.00115625
4.81e-08 0.000515624
4.82e-08 0.000406249
4.83e-08 -7.15256e-10
4.84e-08 0.001125
4.85e-08 0.003125
4.86e-08 0.0044375
4.87e-08 0.00439062
4.88e-08 0.004
4.89e-08 0.0041875
4.9e-08 0.00429687
4.91e-08 0.00329687
4.92e-08 0.00146875
4.93e-08 -7.15256e-10
4.94e-08 -0.000281251
4.95e-08 -6.25007e-05
4.96e-08 -0.000218751
4.97e-08 -0.000546876
4.98e-08 -7.15256e-10
4.99e-08 0.00189062
5e-08 0.00367187
5.01e-08 0.00373437
5.02e-08 0.00196875
5.03e-08 -7.15256e-10
5.04e-08 -0.000625001
5.05e-08 -0.000281251
5.06e-08 7.81243e-05
5.07e-08 3.12493e-05
5.08e-08 -7.15256e-10
5.09e-08 0.000374999
5.1e-08 0.000390624
5.11e-08 -0.000703126
5.12e-08 -0.00253125
5.13e-08 -0.004
5.14e-08 -0.00392188
5.15e-08 -0.00171875
5.16e-08 0.001875
5.17e-08 0.00434375
5.18e-08 0.004
5.19e-08 0.00120312
5.2e-08 -0.000375001
5.21e-08 0.00139062
5.22e-08 0.00429687
5.23e-08 0.004
5.24e-08 -0.00140625
5.25e-08 -0.00696875
5.26e-08 -0.00720313
5.27e-08 -0.0018125
5.28e-08 0.004
5.29e-08 0.00495312
5.3e-08 0.0019375
5.31e-08 -0.00123438
5.32e-08 -0.00159375
5.33e-08 -7.15256e-10
5.34e-08 0.000937499
5.35e-08 0.000531249
5.36e-08 -0.000500001
5.37e-08 -0.000859376
5.38e-08 -7.15256e-10
5.39e-08 0.00173437
5.4e-08 0.00351562
5.41e-08 0.00409375
5.42e-08 0.00273437
5.43e-08 -7.15256e-10
5.44e-08 -0.00275
5.45e-08 -0.004125
5.46e-08 -0.00348438
5.47e-08 -0.001625
5.48e-08 -7.15256e-10
5.49e-08 0.000406249
5.5e-08 0.000140624
5.51e-08 9.37493e-05
5.52e-08 0.000281249
5.53e-08 -7.15256e-10
5.54e-08 -0.000984376
5.55e-08 -0.000843751
5.56e-08 0.00146875
5.57e-08 0.00407812
5.58e-08 0.004
5.59e-08 0.000171874
5.6e-08 -0.00348438
5.61e-08 -0.00320313
5.62e-08 0.000640624
5.63e-08 0.004
5.64e-08 0.00339062
5.65e-08 0.000906249
5.66e-08 1.56243e-05
5.67e-08 0.00184375
5.68e-08 0.004
5.69e-08 0.00351562
5.7e-08 0.00121875
5.71e-08 -0.000734376
5.72e-08 -0.000875001
5.73e-08 -7.15256e-10
5.74e-08 0.000437499
5.75e-08 0.000234374
5.76e-08 -0.000203126
5.77e-08 -0.000296876
5.78e-08 -7.15256e-10
5.79e-08 0.000359374
5.8e-08 0.000249999
5.81e-08 -0.000359376
5.82e-08 -0.000703126
5.83e-08 -7.15256e-10
5.84e-08 0.00178125
5.85e-08 0.00357812
5.86e-08 0.00396875
5.87e-08 0.00246875
5.88e-08 -7.15256e-10
5.89e-08 -0.00175
5.9e-08 -0.0011875
5.91e-08 0.00151562
5.92e-08 0.00398437
5.93e-08 0.004
5.94e-08 0.000921874
5.95e-08 -0.00282813
5.96e-08 -0.0043125
5.97e-08 -0.00267188
5.98e-08 -7.15256e-10
5.99e-08 0.00117187
6e-08 0.000671874
6.01e-08 -0.000500001
6.02e-08 -0.00189063
6.03e-08 -0.004
6.04e-08 -0.00639063
6.05e-08 -0.0059375
6.06e-08 -0.000984376
6.07e-08 0.00526562
6.08e-08 0.008
6.09e-08 0.00509375
6.1e-08 0.000968749
6.11e-08 0.000515624
6.12e-08 0.00429687
6.13e-08 0.008
6.14e-08 0.00703125
6.15e-08 0.0025
6.16e-08 -0.00179688
6.17e-08 -0.00245313
6.18e-08 -7.15256e-10
6.19e-08 0.00276562
6.2e-08 0.004125
6.21e-08 0.0035
6.22e-08 0.00170312
6.23e-08 -7.15256e-10
6.24e-08 -0.000703126
6.25e-08 -0.000375001
6.26e-08 0.000281249
6.27e-08 0.000453124
6.28e-08 -7.15256e-10
6.29e-08 -0.000468751
6.3e-08 -0.000312501
6.31e-08 0.000390624
6.32e-08 0.000749999
6.33e-08 -7.15256e-10
6.34e-08 -0.00179688
6.35e-08 -0.00359375
6.36e-08 -0.00398438
6.37e-08 -0.00248438
6.38e-08 -7.15256e-10
6.39e-08 0.00179687
6.4e-08 0.00121875
6.41e-08 -0.00164063
6.42e-08 -0.00421875
6.43e-08 -0.004
6.44e-08 -0.000484376
6.45e-08 0.003125
6.46e-08 0.00379687
6.47e-08 0.0016875
6.48e-08 -7.15256e-10
6.49e-08 0.00120312
6.5e-08 0.00339062
6.51e-08 0.00370312
6.52e-08 0.00173437
6.53e-08 -7.15256e-10
6.54e-08 0.000859374
6.55e-08 0.003125
6.56e-08 0.00420312
6.57e-08 0.00273437
6.58e-08 -7.15256e-10
6.59e-08 -0.0016875
6.6e-08 -0.00110938
6.61e-08 0.00129687
6.62e-08 0.00351562
6.63e-08 0.004
6.64e-08 0.00245312
6.65e-08 0.000499999
6.66e-08 4.68743e-05
6.67e-08 0.00165625
6.68e-08 0.004
6.69e-08 0.00515625
6.7e-08 0.00473437
6.71e-08 0.00321875
6.72e-08 0.0015
6.73e-08 -7.15256e-10
6.74e-08 -0.00104688
6.75e-08 -0.000765626
6.76e-08 0.00104687
6.77e-08 0.00314062
6.78e-08 0.004
6.79e-08 0.00289062
6.8e-08 0.000890624
6.81e-08 -0.000546876
6.82e-08 -0.000625001
6.83e-08 -7.15256e-10
6.84e-08 0.000328124
6.85e-08 0.000156249
6.86e-08 -4.68757e-05
6.87e-08 -3.12507e-05
6.88e-08 -7.15256e-10
6.89e-08 -0.000234376
6.9e-08 -0.000187501
6.91e-08 0.000328124
6.92e-08 0.000656249
6.93e-08 -7.15256e-10
6.94e-08 -0.00135938
6.95e-08 -0.00117188
6.96e-08 0.00190625
6.97e-08 0.00603125
6.98e-08 0.008
6.99e-08 0.00576562
7e-08 0.00173437
7.01e-08 -0.000921876
7.02e-08 -0.000875001
7.03e-08 -7.15256e-10
7.04e-08 -0.000265626
7.05e-08 -0.000421876
7.06e-08 0.000999999
7.07e-08 0.00325
7.08e-08 0.004
7.09e-08 0.0015625
7.1e-08 -0.00240625
7.11e-08 -0.004875
7.12e-08 -0.00376563
7.13e-08 -7.15256e-10
7.14e-08 0.00375
7.15e-08 0.00484375
7.16e-08 0.00248437
7.17e-08 -0.00139063
7.18e-08 -0.004
7.19e-08 -0.003625
7.2e-08 -0.00128125
7.21e-08 0.000843749
7.22e-08 0.00110937
7.23e-08 -7.15256e-10
7.24e-08 -0.000906251
7.25e-08 -0.000656251
7.26e-08 0.000812499
7.27e-08 0.002625
7.28e-08 0.004
7.29e-08 0.00439062
7.3e-08 0.00425
7.31e-08 0.0038125
7.32e-08 0.00260937
7.33e-08 -7.15256e-10
7.34e-08 -0.00354688
7.35e-08 -0.00485938
7.36e-08 -0.00209375
7.37e-08 0.0023125
7.38e-08 0.004
7.39e-08 0.000843749
7.4e-08 -0.00315625
7.41e-08 -0.00335938
7.42e-08 0.000453124
7.43e-08 0.004
7.44e-08 0.00340625
7.45e-08 0.000874999
7.46e-08 0.000156249
7.47e-08 0.002125
7.48e-08 0.004
7.49e-08 0.00284375
7.5e-08 0.000640624
7.51e-08 0.000203124
7.52e-08 0.00210937
7.53e-08 0.004
7.54e-08 0.0033125
7.55e-08 0.00109375
7.56e-08 -0.000656251
7.57e-08 -0.000734376
7.58e-08 -7.15256e-10
7.59e-08 0.000265624
7.6e-08 0.000124999
7.61e-08 -1.56257e-05
7.62e-08 6.24993e-05
7.63e-08 -7.15256e-10
7.64e-08 -0.000750001
7.65e-08 -0.00275
7.66e-08 -0.0053125
7.67e-08 -0.00621875
7.68e-08 -0.004
7.69e-08 0.000687499
7.7e-08 0.0039375
7.71e-08 0.00279687
7.72e-08 -0.0013125
7.73e-08 -0.004
7.74e-08 -0.0020625
7.75e-08 0.00223437
7.76e-08 0.00471875
7.77e-08 0.00332812
7.78e-08 -7.15256e-10
7.79e-08 -0.00225
7.8e-08 -0.00354688
7.81e-08 -0.00471875
7.82e-08 -0.00532813
7.83e-08 -0.004
7.84e-08 -0.000234376
7.85e-08 0.00321875
7.86e-08 0.00384375
7.87e-08 0.00182812
7.88e-08 -7.15256e-10
7.89e-08 0.000609374
7.9e-08 0.00285937
7.91e-08 0.00465625
7.92e-08 0.00475
7.93e-08 0.004
7.94e-08 0.0036875
7.95e-08 0.00395312
7.96e-08 0.00376562
7.97e-08 0.00235937
7.98e-08 -7.15256e-10
7.99e-08 -0.002375
8e-08 -0.003875
8.01e-08 -0.00382813
8.02e-08 -0.00225
8.03e-08 -7.15256e-10
8.04e-08 0.00159375
8.05e-08 0.00107812
8.06e-08 -0.001375
8.07e-08 -0.00373438
8.08e-08 -0.004
8.09e-08 -0.00145313
8.1e-08 0.00242187
8.11e-08 0.00498437
8.12e-08 0.00403125
8.13e-08 -7.15256e-10
8.14e-08 -0.0044375
8.15e-08 -0.00545313
8.16e-08 -0.0015
8.17e-08 0.00448437
8.18e-08 0.008
8.19e-08 0.006375
8.2e-08 0.00204687
8.21e-08 -0.00117188
8.22e-08 -0.00128125
8.23e-08 -7.15256e-10
8.24e-08 0.000187499
8.25e-08 -0.000125001
8.26e-08 0.000609374
8.27e-08 0.00248437
8.28e-08 0.004
8.29e-08 0.00340625
8.3e-08 0.00121875
8.31e-08 -0.001
8.32e-08 -0.0015
8.33e-08 -7.15256e-10
8.34e-08 0.00239062
8.35e-08 0.00395312
8.36e-08 0.00354687
8.37e-08 0.00171875
8.38e-08 -7.15256e-10
8.39e-08 -0.000484376
8.4e-08 -0.000109376
8.41e-08 -0.000171876
8.42e-08 -0.00159375
8.43e-08 -0.004
8.44e-08 -0.00585938
8.45e-08 -0.005375
8.46e-08 -0.00209375
8.47e-08 0.001875
8.48e-08 0.004
8.49e-08 0.00303125
8.5e-08 0.000874999
8.51e-08 -0.000281251
8.52e-08 -7.15256e-10
8.53e-08 -7.15256e-10
8.54e-08 -0.0016875
8.55e-08 -0.00359375
8.56e-08 -0.00375
8.57e-08 -0.00190625
8.58e-08 -7.15256e-10
8.59e-08 -0.000187501
8.6e-08 -0.00251563
8.61e-08 -0.00532813
8.62e-08 -0.00610938
8.63e-08 -0.004
8.64e-08 -1.56257e-05
8.65e-08 0.00329687
8.66e-08 0.0039375
8.67e-08 0.00210937
8.68e-08 -7.15256e-10
8.69e-08 -0.000578126
8.7e-08 -0.000125001
8.71e-08 -0.000281251
8.72e-08 -0.00182813
8.73e-08 -0.004
8.74e-08 -0.00525
8.75e-08 -0.00482813
8.76e-08 -0.003
8.77e-08 -0.00104688
8.78e-08 -7.15256e-10
8.79e-08 1.56243e-05
8.8e-08 -9.37507e-05
8.81e-08 0.000343749
8.82e-08 0.000765624
8.83e-08 -7.15256e-10
8.84e-08 -0.00226563
8.85e-08 -0.00404688
8.86e-08 -0.0031875
8.87e-08 0.000234374
8.88e-08 0.004
8.89e-08 0.00557812
8.9e-08 0.0049375
8.91e-08 0.00310937
8.92e-08 0.00139062
8.93e-08 -7.15256e-10
8.94e-08 -0.00109375
8.95e-08 -0.000828126
8.96e-08 0.00121875
8.97e-08 0.00348437
8.98e-08 0.004
8.99e-08 0.002125
9e-08 0.000234374
9.01e-08 0.000515624
9.02e-08 0.00259375
9.03e-08 0.004
9.04e-08 0.00279687
9.05e-08 0.000640624
9.06e-08 7.81243e-05
9.07e-08 0.00179687
9.08e-08 0.004
9.09e-08 0.00459375
9.1e-08 0.00421875
9.11e-08 0.0040625
9.12e-08 0.00432812
9.13e-08 0.004
9.14e-08 0.00225
9.15e-08 0.000406249
9.16e-08 0.000124999
9.17e-08 0.00176562
9.18e-08 0.004
9.19e-08 0.005125
9.2e-08 0.00473437
9.21e-08 0.00317187
9.22e-08 0.00140625
9.23e-08 -7.15256e-10
9.24e-08 -0.000734376
9.25e-08 -0.000531251
9.26e-08 0.000671874
9.27e-08 0.00239062
9.28e-08 0.004
9.29e-08 0.004875
9.3e-08 0.00460937
9.31e-08 0.0031875
9.32e-08 0.00135937
9.33e-08 -7.15256e-10
9.34e-08 -0.000437501
9.35e-08 -0.000218751
9.36e-08 0.000140624
9.37e-08 0.000218749
9.38e-08 -7.15256e-10
9.39e-08 -0.000234376
9.4e-08 -0.000171876
9.41e-08 0.000265624
9.42e-08 0.000499999
9.43e-08 -7.15256e-10
9.44e-08 -0.000968751
9.45e-08 -0.000796876
9.46e-08 0.0013125
9.47e-08 0.00370312
9.48e-08 0.004
9.49e-08 0.00148437
9.5e-08 -0.000328126
9.51e-08 0.00146875
9.52e-08 0.005625
9.53e-08 0.008
9.54e-08 0.005625
9.55e-08 0.00146875
9.56e-08 -0.000328126
9.57e-08 0.00148437
9.58e-08 0.004
9.59e-08 0.00370312
9.6e-08 0.0013125
9.61e-08 -0.000828126
9.62e-08 -0.00103125
9.63e-08 -7.15256e-10
9.64e-08 0.000593749
9.65e-08 0.000328124
9.66e-08 -0.000296876
9.67e-08 -0.000484376
9.68e-08 -7.15256e-10
9.69e-08 0.000734374
9.7e-08 0.000609374
9.71e-08 -0.000984376
9.72e-08 -0.00304688
9.73e-08 -0.004
9.74e-08 -0.00290625
9.75e-08 -0.000890626
9.76e-08 0.000484374
9.77e-08 0.000484374
9.78e-08 -7.15256e-10
9.79e-08 3.12493e-05
9.8e-08 0.000171874
9.81e-08 -0.000468751
9.82e-08 -0.00209375
9.83e-08 -0.004
9.84e-08 -0.00504688
9.85e-08 -0.00470313
9.86e-08 -0.00315625
9.87e-08 -0.0013125
9.88e-08 -7.15256e-10
9.89e-08 0.000359374
9.9e-08 0.000140624
9.91e-08 -3.12507e-05
9.92e-08 3.12493e-05
9.93e-08 -7.15256e-10
9.94e-08 -0.000375001
9.95e-08 -0.000296876
9.96e-08 0.000499999
9.97e-08 0.00103125
9.98e-08 -7.15256e-10
9.99e-08 -0.00267188
1e-07 -0.0043125
1.001e-07 -0.00279688
1.002e-07 0.000984374
1.003e-07 0.004
1.004e-07 0.00373437
1.005e-07 0.0013125
1.006e-07 -0.000781251
1.007e-07 -0.000937501
1.008e-07 -7.15256e-10
1.009e-07 0.000343749
1.01e-07 0.000140624
1.011e-07 1.56243e-05
1.012e-07 0.000124999
1.013e-07 -7.15256e-10
1.014e-07 -0.000625001
1.015e-07 -0.000562501
1.016e-07 0.000953124
1.017e-07 0.00304687
1.018e-07 0.004
1.019e-07 0.00278125
1.02e-07 0.000781249
1.021e-07 -0.000343751
1.022e-07 -0.000203126
1.023e-07 -7.15256e-10
1.024e-07 -0.000656251
1.025e-07 -0.000656251
1.026e-07 0.00123437
1.027e-07 0.00365625
1.028e-07 0.004
1.029e-07 0.000906249
1.03e-07 -0.00285938
1.031e-07 -0.0041875
1.032e-07 -0.00239063
1.033e-07 -7.15256e-10
1.034e-07 0.000546874
1.035e-07 6.24993e-05
1.036e-07 0.000453124
1.037e-07 0.00225
1.038e-07 0.004
1.039e-07 0.00378125
1.04e-07 0.0015625
1.041e-07 -0.00151563
1.042e-07 -0.00359375
1.043e-07 -0.004
1.044e-07 -0.0029375
1.045e-07 -0.0010625
1.046e-07 0.000906249
1.047e-07 0.00251562
1.048e-07 0.004
1.049e-07 0.00514062
1.05e-07 0.00492187
1.051e-07 0.00260937
1.052e-07 -0.000906251
1.053e-07 -0.004
1.054e-07 -0.00529688
1.055e-07 -0.00471875
1.056e-07 -0.0033125
1.057e-07 -0.00282813
1.058e-07 -0.004
1.059e-07 -0.00576563
1.06e-07 -0.0054375
1.061e-07 -0.00178125
1.062e-07 0.00257812
1.063e-07 0.004
1.064e-07 0.000968749
1.065e-07 -0.00303125
1.066e-07 -0.0036875
1.067e-07 -0.000171876
1.068e-07 0.004
1.069e-07 0.00464062
1.07e-07 0.00195312
1.071e-07 -0.001625
1.072e-07 -0.003625
1.073e-07 -0.004
1.074e-07 -0.0035625
1.075e-07 -0.00157813
1.076e-07 0.00190625
1.077e-07 0.00454687
1.078e-07 0.004
1.079e-07 4.68743e-05
1.08e-07 -0.00353125
1.081e-07 -0.00325
1.082e-07 0.000515624
1.083e-07 0.004
1.084e-07 0.0038125
1.085e-07 0.0013125
1.086e-07 -0.000656251
1.087e-07 -0.000656251
1.088e-07 -7.15256e-10
1.089e-07 -0.000390626
1.09e-07 -0.000500001
1.091e-07 0.00107812
1.092e-07 0.00339062
1.093e-07 0.004
1.094e-07 0.0013125
1.095e-07 -0.00257813
1.096e-07 -0.004625
1.097e-07 -0.00328125
1.098e-07 -7.15256e-10
1.099e-07 0.00276562
1.1e-07 0.00404687
1.101e-07 0.00373437
1.102e-07 0.00221875
1.103e-07 -7.15256e-10
1.104e-07 -0.00234375
1.105e-07 -0.003875
1.106e-07 -0.00378125
1.107e-07 -0.00215625
1.108e-07 -7.15256e-10
1.109e-07 0.00145312
1.11e-07 0.000999999
1.111e-07 -0.00134375
1.112e-07 -0.00367188
1.113e-07 -0.004
1.114e-07 -0.00153125
1.115e-07 0.00226562
1.116e-07 0.00526562
1.117e-07 0.00570312
1.118e-07 0.004
1.119e-07 0.00160937
1.12e-07 0.000171874
1.121e-07 9.37493e-05
1.122e-07 0.000437499
1.123e-07 -7.15256e-10
1.124e-07 -0.00129688
1.125e-07 -0.00115625
1.126e-07 0.00192187
1.127e-07 0.00609375
1.128e-07 0.008
1.129e-07 0.0055625
1.13e-07 0.0015625
1.131e-07 -0.000593751
1.132e-07 -0.000203126
1.133e-07 -7.15256e-10
1.134e-07 -0.00214063
1.135e-07 -0.00407813
1.136e-07 -0.00282813
1.137e-07 0.00104687
1.138e-07 0.004
1.139e-07 0.0031875
1.14e-07 0.000796874
1.141e-07 7.81243e-05
1.142e-07 0.0019375
1.143e-07 0.004
1.144e-07 0.00354687
1.145e-07 0.00125
1.146e-07 -0.000859376
1.147e-07 -0.001125
1.148e-07 -7.15256e-10
1.149e-07 0.000843749
1.15e-07 0.000609374
1.151e-07 -0.000781251
1.152e-07 -0.00254688
1.153e-07 -0.004
1.154e-07 -0.00454688
1.155e-07 -0.00429688
1.156e-07 -0.00373438
1.157e-07 -0.00354688
1.158e-07 -0.004
1.159e-07 -0.00454688
1.16e-07 -0.00446875
1.161e-07 -0.0033125
1.162e-07 -0.00154688
1.163e-07 -7.15256e-10
1.164e-07 0.000703124
1.165e-07 0.000390624
1.166e-07 -0.000390626
1.167e-07 -0.000656251
1.168e-07 -7.15256e-10
1.169e-07 0.000921874
1.17e-07 0.000734374
1.171e-07 -0.00115625
1.172e-07 -0.00340625
1.173e-07 -0.004
1.174e-07 -0.001875
1.175e-07 0.00204687
1.176e-07 0.00553125
1.177e-07 0.0061875
1.178e-07 0.004
1.179e-07 0.000765624
1.18e-07 -0.000531251
1.181e-07 0.00126562
1.182e-07 0.00390625
1.183e-07 0.004
1.184e-07 0.000234374
1.185e-07 -0.00345313
1.186e-07 -0.0031875
1.187e-07 0.000718749
1.188e-07 0.004
1.189e-07 0.00314062
1.19e-07 0.000703124
1.191e-07 0.000390624
1.192e-07 0.00260937
1.193e-07 0.004
1.194e-07 0.00153125
1.195e-07 -0.00251563
1.196e-07 -0.0044375
1.197e-07 -0.0028125
1.198e-07 -7.15256e-10
1.199e-07 0.0010625
1.2e-07 0.000515624
1.201e-07 -0.000250001
1.202e-07 -0.000281251
1.203e-07 -7.15256e-10
1.204e-07 -0.000156251
1.205e-07 -0.000250001
1.206e-07 0.000499999
1.207e-07 0.00215625
1.208e-07 0.004
1.209e-07 0.00496875
1.21e-07 0.00467187
1.211e-07 0.00314062
1.212e-07 0.00129687
1.213e-07 -7.15256e-10
1.214e-07 -0.000437501
1.215e-07 -0.000218751
1.216e-07 0.000140624
1.217e-07 0.000218749
1.218e-07 -7.15256e-10
1.219e-07 -0.000234376
1.22e-07 -0.000156251
1.221e-07 0.000203124
1.222e-07 0.000374999
1.223e-07 -7.15256e-10
1.224e-07 -0.000734376
1.225e-07 -0.000640626
1.226e-07 0.00104687
1.227e-07 0.0031875
1.228e-07 0.004
1.229e-07 0.00253125
1.23e-07 0.000593749
1.231e-07 -3.12507e-05
1.232e-07 0.000406249
1.233e-07 -7.15256e-10
1.234e-07 -0.00228125
1.235e-07 -0.00410938
1.236e-07 -0.00295313
1.237e-07 0.000765624
1.238e-07 0.004
1.239e-07 0.00396875
1.24e-07 0.00146875
1.241e-07 -0.00103125
1.242e-07 -0.00142188
1.243e-07 -7.15256e-10
1.244e-07 0.00173437
1.245e-07 0.00334375
1.246e-07 0.00459375
1.247e-07 0.00492187
1.248e-07 0.004
1.249e-07 0.00203125
1.25e-07 0.000406249
1.251e-07 -6.25007e-05
1.252e-07 0.000234374
1.253e-07 -7.15256e-10
1.254e-07 -0.0015625
1.255e-07 -0.00346875
1.256e-07 -0.0040625
1.257e-07 -0.002625
1.258e-07 -7.15256e-10
1.259e-07 0.00234375
1.26e-07 0.00379687
1.261e-07 0.0040625
1.262e-07 0.00282812
1.263e-07 -7.15256e-10
1.264e-07 -0.00342188
1.265e-07 -0.00471875
1.266e-07 -0.0024375
1.267e-07 0.00157812
1.268e-07 0.004
1.269e-07 0.00285937
1.27e-07 0.000609374
1.271e-07 0.000249999
1.272e-07 0.00220312
1.273e-07 0.004
1.274e-07 0.00315625
1.275e-07 0.000953124
1.276e-07 -0.000328126
1.277e-07 -6.25007e-05
1.278e-07 -7.15256e-10
1.279e-07 -0.0016875
1.28e-07 -0.00359375
1.281e-07 -0.00375
1.282e-07 -0.00195313
1.283e-07 -7.15256e-10
1.284e-07 0.000390624
1.285e-07 -7.15256e-10
1.286e-07 0.000406249
1.287e-07 0.0020625
1.288e-07 0.004
1.289e-07 0.0048125
1.29e-07 0.00451562
1.291e-07 0.00345312
1.292e-07 0.00195312
1.293e-07 -7.15256e-10
1.294e-07 -0.00232813
1.295e-07 -0.003875
1.296e-07 -0.00373438
1.297e-07 -0.0020625
1.298e-07 -7.15256e-10
1.299e-07 0.00110937
1.3e-07 0.000749999
1.301e-07 -0.000921876
1.302e-07 -0.00278125
1.303e-07 -0.004
1.304e-07 -0.00429688
1.305e-07 -0.004125
1.306e-07 -0.00395313
1.307e-07 -0.00395313
1.308e-07 -0.004
1.309e-07 -0.00392188
1.31e-07 -0.00385938
1.311e-07 -0.00421875
1.312e-07 -0.00557813
1.313e-07 -0.008
1.314e-07 -0.01025
1.315e-07 -0.00970313
1.316e-07 -0.0054375
1.317e-07 -0.000781251
1.318e-07 -7.15256e-10
1.319e-07 -0.00426563
1.32e-07 -0.00795313
1.321e-07 -0.00639063
1.322e-07 -0.000625001
1.323e-07 0.004
1.324e-07 0.003125
1.325e-07 -0.00190625
1.326e-07 -0.00420313
1.327e-07 -0.000812501
1.328e-07 0.004
1.329e-07 0.00626562
1.33e-07 -0.000828126
1.331e-07 -0.0159531
1.332e-07 -0.0314531
1.333e-07 -0.04
1.334e-07 -0.0311406
1.335e-07 -0.000625001
1.336e-07 0.0514375
1.337e-07 0.109063
1.338e-07 0.16
1.339e-07 0.192719
1.34e-07 0.2075
1.341e-07 0.206047
1.342e-07 0.195547
1.343e-07 0.184
1.344e-07 0.169641
1.345e-07 0.157734
1.346e-07 0.145609
1.347e-07 0.133047
1.348e-07 0.12
1.349e-07 0.103484
1.35e-07 0.0874688
1.351e-07 0.0730469
1.352e-07 0.0616875
1.353e-07 0.052
1.354e-07 0.0443125
1.355e-07 0.0380625
1.356e-07 0.0349063
1.357e-07 0.0350625
1.358e-07 0.036
1.359e-07 0.037
1.36e-07 0.0366719
1.361e-07 0.0352813
1.362e-07 0.0336875
1.363e-07 0.032
1.364e-07 0.0295938
1.365e-07 0.026375
1.366e-07 0.0210938
1.367e-07 0.0146094
1.368e-07 0.008
1.369e-07 0.0011875
1.37e-07 -0.00473438
1.371e-07 -0.0115781
1.372e-07 -0.020375
1.373e-07 -0.032
1.374e-07 -0.0456719
1.375e-07 -0.0585625
1.376e-07 -0.0684063
1.377e-07 -0.0745156
1.378e-07 -0.08
1.379e-07 -0.0858281
1.38e-07 -0.0926875
1.381e-07 -0.0986406
1.382e-07 -0.101984
1.383e-07 -0.104
1.384e-07 -0.104719
1.385e-07 -0.106781
1.386e-07 -0.109094
1.387e-07 -0.108719
1.388e-07 -0.104
1.389e-07 -0.0950625
1.39e-07 -0.0886719
1.391e-07 -0.0891875
1.392e-07 -0.0950313
1.393e-07 -0.1
1.394e-07 -0.0984688
1.395e-07 -0.0939063
1.396e-07 -0.0914063
1.397e-07 -0.0931563
1.398e-07 -0.096
1.399e-07 -0.0950156
1.4e-07 -0.0909375
1.401e-07 -0.0853281
1.402e-07 -0.0794219
1.403e-07 -0.072
1.404e-07 -0.0624219
1.405e-07 -0.0544219
1.406e-07 -0.0508906
1.407e-07 -0.0514375
1.408e-07 -0.052
1.409e-07 -0.0497031
1.41e-07 -0.0458438
1.411e-07 -0.0429219
1.412e-07 -0.0417344
1.413e-07 -0.04
1.414e-07 -0.0359844
1.415e-07 -0.0305781
1.416e-07 -0.0260625
1.417e-07 -0.0242656
1.418e-07 -0.024
1.419e-07 -0.0234375
1.42e-07 -0.0215469
1.421e-07 -0.0183125
1.422e-07 -0.014875
1.423e-07 -0.012
1.424e-07 -0.0100469
1.425e-07 -0.00876563
1.426e-07 -0.00709375
1.427e-07 -0.00425
1.428e-07 -7.15256e-10
1.429e-07 0.00454687
1.43e-07 0.00746875
1.431e-07 0.0079375
1.432e-07 0.00725
1.433e-07 0.008
1.434e-07 0.0117344
1.435e-07 0.0171875
1.436e-07 0.0223125
1.437e-07 0.0255938
1.438e-07 0.028
1.439e-07 0.0304375
1.44e-07 0.031875
1.441e-07 0.0315625
1.442e-07 0.03075
1.443e-07 0.032
1.444e-07 0.0363594
1.445e-07 0.0417188
1.446e-07 0.0454375
1.447e-07 0.04675
1.448e-07 0.048
1.449e-07 0.0508125
1.45e-07 0.0544844
1.451e-07 0.0568125
1.452e-07 0.0568125
1.453e-07 0.056
1.454e-07 0.0555469
1.455e-07 0.0558125
1.456e-07 0.0558438
1.457e-07 0.0556094
1.458e-07 0.056
1.459e-07 0.0565625
1.46e-07 0.0566406
1.461e-07 0.05475
1.462e-07 0.0513281
1.463e-07 0.048
1.464e-07 0.0455156
1.465e-07 0.0444531
1.466e-07 0.0432969
1.467e-07 0.0406406
1.468e-07 0.036
1.469e-07 0.0300156
1.47e-07 0.0253906
1.471e-07 0.0232813
1.472e-07 0.0225
1.473e-07 0.02
1.474e-07 0.014125
1.475e-07 0.00714062
1.476e-07 0.00170312
1.477e-07 -0.00121875
1.478e-07 -0.004
1.479e-07 -0.00809375
1.48e-07 -0.0114219
1.481e-07 -0.0115156
1.482e-07 -0.00910938
1.483e-07 -0.008
1.484e-07 -0.0109375
1.485e-07 -0.0167813
1.486e-07 -0.0226094
1.487e-07 -0.0260156
1.488e-07 -0.028
1.489e-07 -0.0298438
1.49e-07 -0.0315
1.491e-07 -0.0321094
1.492e-07 -0.0318281
1.493e-07 -0.032
1.494e-07 -0.03325
1.495e-07 -0.0350938
1.496e-07 -0.0365625
1.497e-07 -0.0377813
1.498e-07 -0.04
1.499e-07 -0.0427813
1.5e-07 -0.0443438
1.501e-07 -0.0427969
1.502e-07 -0.0390625
1.503e-07 -0.036
1.504e-07 -0.0352969
1.505e-07 -0.0359688
1.506e-07 -0.0354219
1.507e-07 -0.0324063
1.508e-07 -0.028
1.509e-07 -0.0244688
1.51e-07 -0.0234531
1.511e-07 -0.0249219
1.512e-07 -0.0270781
1.513e-07 -0.028
1.514e-07 -0.0270469
1.515e-07 -0.025
1.516e-07 -0.0233125
1.517e-07 -0.023125
1.518e-07 -0.024
1.519e-07 -0.0242344
1.52e-07 -0.0220938
1.521e-07 -0.0175
1.522e-07 -0.0133125
1.523e-07 -0.012
1.524e-07 -0.0139063
1.525e-07 -0.0160469
1.526e-07 -0.0148594
1.527e-07 -0.00989063
1.528e-07 -0.004
1.529e-07 -0.000984376
1.53e-07 -0.00217188
1.531e-07 -0.006
1.532e-07 -0.00875
1.533e-07 -0.008
1.534e-07 -0.00375
1.535e-07 0.00160937
1.536e-07 0.00576562
1.537e-07 0.0074375
1.538e-07 0.008
1.539e-07 0.00915625
1.54e-07 0.0110469
1.541e-07 0.0127344
1.542e-07 0.013
1.543e-07 0.012
1.544e-07 0.0113125
1.545e-07 0.0134844
1.546e-07 0.0191875
1.547e-07 0.0252031
1.548e-07 0.028
1.549e-07 0.0262031
1.55e-07 0.0239219
1.551e-07 0.025375
1.552e-07 0.0306563
1.553e-07 0.036
1.554e-07 0.036875
1.555e-07 0.0339844
1.556e-07 0.0304063
1.557e-07 0.029625
1.558e-07 0.032
1.559e-07 0.0349063
1.56e-07 0.0363594
1.561e-07 0.0349844
1.562e-07 0.0315156
1.563e-07 0.028
1.564e-07 0.0260313
1.565e-07 0.0268438
1.566e-07 0.0292344
1.567e-07 0.0302344
1.568e-07 0.028
1.569e-07 0.0231875
1.57e-07 0.0200781
1.571e-07 0.0210625
1.572e-07 0.0239531
1.573e-07 0.024
1.574e-07 0.0182813
1.575e-07 0.0107656
1.576e-07 0.00673437
1.577e-07 0.00832812
1.578e-07 0.012
1.579e-07 0.0129062
1.58e-07 0.0102812
1.581e-07 0.00582812
1.582e-07 0.00221875
1.583e-07 -7.15256e-10
1.584e-07 -0.00153125
1.585e-07 -0.00309375
1.586e-07 -0.00501563
1.587e-07 -0.0068125
1.588e-07 -0.008
1.589e-07 -0.00815625
1.59e-07 -0.00792188
1.591e-07 -0.00832813
1.592e-07 -0.00979688
1.593e-07 -0.012
1.594e-07 -0.0139531
1.595e-07 -0.0154063
1.596e-07 -0.0165469
1.597e-07 -0.0178906
1.598e-07 -0.02
1.599e-07 -0.022375
1.6e-07 -0.0239219
1.601e-07 -0.0236094
1.602e-07 -0.0217969
1.603e-07 -0.02
1.604e-07 -0.0193906
1.605e-07 -0.0197344
1.606e-07 -0.0200469
1.607e-07 -0.0199531
1.608e-07 -0.02
1.609e-07 -0.0204844
1.61e-07 -0.020375
1.611e-07 -0.0193281
1.612e-07 -0.0186094
1.613e-07 -0.02
1.614e-07 -0.0238906
1.615e-07 -0.0274063
1.616e-07 -0.0275313
1.617e-07 -0.0240938
1.618e-07 -0.02
1.619e-07 -0.0182656
1.62e-07 -0.0190156
1.621e-07 -0.0208281
1.622e-07 -0.0224688
1.623e-07 -0.024
1.624e-07 -0.025375
1.625e-07 -0.0251406
1.626e-07 -0.0221719
1.627e-07 -0.0181875
1.628e-07 -0.016
1.629e-07 -0.0169375
1.63e-07 -0.0192188
1.631e-07 -0.0200781
1.632e-07 -0.0185156
1.633e-07 -0.016
1.634e-07 -0.0142031
1.635e-07 -0.0129063
1.636e-07 -0.0107188
1.637e-07 -0.00745313
1.638e-07 -0.004
1.639e-07 -0.0016875
1.64e-07 -0.000375001
1.641e-07 0.000390624
1.642e-07 0.000562499
1.643e-07 -7.15256e-10
1.644e-07 -0.00115625
1.645e-07 -0.00103125
1.646e-07 0.00165625
1.647e-07 0.00546875
1.648e-07 0.008
1.649e-07 0.00784375
1.65e-07 0.00754687
1.651e-07 0.00923437
1.652e-07 0.0117344
1.653e-07 0.012
1.654e-07 0.00882812
1.655e-07 0.00696875
1.656e-07 0.0107187
1.657e-07 0.0183438
1.658e-07 0.024
1.659e-07 0.0228906
1.66e-07 0.0181406
1.661e-07 0.0150625
1.662e-07 0.0164531
1.663e-07 0.02
1.664e-07 0.0215156
1.665e-07 0.0207813
1.666e-07 0.0194531
1.667e-07 0.0192031
1.668e-07 0.02
1.669e-07 0.0204688
1.67e-07 0.020375
1.671e-07 0.0194531
1.672e-07 0.0178438
1.673e-07 0.016
1.674e-07 0.0147187
1.675e-07 0.0150938
1.676e-07 0.0171719
1.677e-07 0.0193906
1.678e-07 0.02
1.679e-07 0.0180313
1.68e-07 0.0141562
1.681e-07 0.0100312
1.682e-07 0.00782812
1.683e-07 0.008
1.684e-07 0.0096875
1.685e-07 0.0114375
1.686e-07 0.0122031
1.687e-07 0.0120469
1.688e-07 0.012
1.689e-07 0.0125156
1.69e-07 0.0125937
1.691e-07 0.0108594
1.692e-07 0.00751562
1.693e-07 0.004
1.694e-07 0.0018125
1.695e-07 0.000484374
1.696e-07 -0.000703126
1.697e-07 -0.00121875
1.698e-07 -7.15256e-10
1.699e-07 0.0029375
1.7e-07 0.00451562
1.701e-07 0.0024375
1.702e-07 -0.00167188
1.703e-07 -0.004
1.704e-07 -0.00234375
1.705e-07 -0.000125001
1.706e-07 -0.001125
1.707e-07 -0.00504688
1.708e-07 -0.008
1.709e-07 -0.00692188
1.71e-07 -0.0045
1.711e-07 -0.00470313
1.712e-07 -0.00826563
1.713e-07 -0.012
1.714e-07 -0.0122813
1.715e-07 -0.00965625
1.716e-07 -0.00678125
1.717e-07 -0.00625
1.718e-07 -0.008
1.719e-07 -0.0102344
1.72e-07 -0.0117188
1.721e-07 -0.0120625
1.722e-07 -0.0118125
1.723e-07 -0.012
1.724e-07 -0.0132031
1.725e-07 -0.0151875
1.726e-07 -0.0165313
1.727e-07 -0.0155469
1.728e-07 -0.012
1.729e-07 -0.00729688
1.73e-07 -0.00421875
1.731e-07 -0.004625
1.732e-07 -0.00804688
1.733e-07 -0.012
1.734e-07 -0.0139688
1.735e-07 -0.0132188
1.736e-07 -0.0107031
1.737e-07 -0.00859375
1.738e-07 -0.008
1.739e-07 -0.00854688
1.74e-07 -0.0085625
1.741e-07 -0.00698438
1.742e-07 -0.00482813
1.743e-07 -0.004
1.744e-07 -0.00553125
1.745e-07 -0.0075625
1.746e-07 -0.00767188
1.747e-07 -0.00576563
1.748e-07 -0.004
1.749e-07 -0.00414063
1.75e-07 -0.00439063
1.751e-07 -0.00290625
1.752e-07 -0.000578126
1.753e-07 -7.15256e-10
1.754e-07 -0.00245313
1.755e-07 -0.00442188
1.756e-07 -0.00225
1.757e-07 0.00329687
1.758e-07 0.008
1.759e-07 0.008125
1.76e-07 0.00545312
1.761e-07 0.00325
1.762e-07 0.00323437
1.763e-07 0.004
1.764e-07 0.00357812
1.765e-07 0.00340625
1.766e-07 0.00526562
1.767e-07 0.00885937
1.768e-07 0.012
1.769e-07 0.0121875
1.77e-07 0.00975
1.771e-07 0.00640625
1.772e-07 0.00432812
1.773e-07 0.004
1.774e-07 0.00498437
1.775e-07 0.0069375
1.776e-07 0.00901562
1.777e-07 0.009625
1.778e-07 0.008
1.779e-07 0.00492187
1.78e-07 0.0034375
1.781e-07 0.00546875
1.782e-07 0.00946875
1.783e-07 0.012
1.784e-07 0.0108906
1.785e-07 0.008625
1.786e-07 0.00825
1.787e-07 0.0102344
1.788e-07 0.012
1.789e-07 0.0108125
1.79e-07 0.00870312
1.791e-07 0.00807812
1.792e-07 0.00876562
1.793e-07 0.008
1.794e-07 0.00404687
1.795e-07 0.000546874
1.796e-07 0.000734374
1.797e-07 0.00342187
1.798e-07 0.004
1.799e-07 -1.56257e-05
1.8e-07 -0.00382813
1.801e-07 -0.00232813
1.802e-07 0.00360937
1.803e-07 0.008
1.804e-07 0.006125
1.805e-07 0.00164062
1.806e-07 -0.000140626
1.807e-07 0.00203125
1.808e-07 0.004
1.809e-07 0.00153125
1.81e-07 -0.00259375
1.811e-07 -0.00417188
1.812e-07 -0.0021875
1.813e-07 -7.15256e-10
1.814e-07 -0.001
1.815e-07 -0.00320313
1.816e-07 -0.00396875
1.817e-07 -0.00329688
1.818e-07 -0.004
1.819e-07 -0.00770313
1.82e-07 -0.0113594
1.821e-07 -0.0114063
1.822e-07 -0.00775
1.823e-07 -0.004
1.824e-07 -0.00370313
1.825e-07 -0.00634375
1.826e-07 -0.0091875
1.827e-07 -0.0096875
1.828e-07 -0.008
1.829e-07 -0.00573438
1.83e-07 -0.0041875
1.831e-07 -0.004125
1.832e-07 -0.00560938
1.833e-07 -0.008
1.834e-07 -0.0103281
1.835e-07 -0.0118125
1.836e-07 -0.0119688
1.837e-07 -0.0105938
1.838e-07 -0.008
1.839e-07 -0.00504688
1.84e-07 -0.00371875
1.841e-07 -0.00482813
1.842e-07 -0.00701563
1.843e-07 -0.008
1.844e-07 -0.00664063
1.845e-07 -0.00459375
1.846e-07 -0.00401563
1.847e-07 -0.00565625
1.848e-07 -0.008
1.849e-07 -0.00870313
1.85e-07 -0.00629688
1.851e-07 -0.00140625
1.852e-07 0.0028125
1.853e-07 0.004
1.854e-07 0.00192187
1.855e-07 1.56243e-05
1.856e-07 0.000953124
1.857e-07 0.00351562
1.858e-07 0.004
1.859e-07 0.000343749
1.86e-07 -0.0034375
1.861e-07 -0.0030625
1.862e-07 0.00103125
1.863e-07 0.004
1.864e-07 0.00185937
1.865e-07 -0.00251563
1.866e-07 -0.00410938
1.867e-07 -0.000968751
1.868e-07 0.004
1.869e-07 0.00690625
1.87e-07 0.007875
1.871e-07 0.00845312
1.872e-07 0.008875
1.873e-07 0.008
1.874e-07 0.00520312
1.875e-07 0.00357812
1.876e-07 0.005375
1.877e-07 0.00932812
1.878e-07 0.012
1.879e-07 0.0109219
1.88e-07 0.00865625
1.881e-07 0.0081875
1.882e-07 0.010125
1.883e-07 0.012
1.884e-07 0.0106875
1.885e-07 0.00651562
1.886e-07 0.0018125
1.887e-07 -0.000500001
1.888e-07 -7.15256e-10
1.889e-07 0.00195312
1.89e-07 0.0036875
1.891e-07 0.00390625
1.892e-07 0.002375
1.893e-07 -7.15256e-10
1.894e-07 -0.0015625
1.895e-07 -0.0010625
1.896e-07 0.00139062
1.897e-07 0.00373437
1.898e-07 0.004
1.899e-07 0.002
1.9e-07 0.000171874
1.901e-07 0.000562499
1.902e-07 0.0026875
1.903e-07 0.004
1.904e-07 0.00257812
1.905e-07 0.000484374
1.906e-07 0.000328124
1.907e-07 0.0023125
1.908e-07 0.004
1.909e-07 0.003
1.91e-07 0.000859374
1.911e-07 -0.000234376
1.912e-07 7.81243e-05
1.913e-07 -7.15256e-10
1.914e-07 -0.00185938
1.915e-07 -0.00371875
1.916e-07 -0.00354688
1.917e-07 -0.00153125
1.918e-07 -7.15256e-10
1.919e-07 -0.000859376
1.92e-07 -0.00309375
1.921e-07 -0.004375
1.922e-07 -0.003125
1.923e-07 -7.15256e-10
1.924e-07 0.00296875
1.925e-07 0.00425
1.926e-07 0.00332812
1.927e-07 0.001375
1.928e-07 -7.15256e-10
1.929e-07 -0.000156251
1.93e-07 9.37493e-05
1.931e-07 -0.000453126
1.932e-07 -0.00209375
1.933e-07 -0.004
1.934e-07 -0.00495313
1.935e-07 -0.00454688
1.936e-07 -0.00342188
1.937e-07 -0.003
1.938e-07 -0.004
1.939e-07 -0.00559375
1.94e-07 -0.00532813
1.941e-07 -0.00189063
1.942e-07 0.00240625
1.943e-07 0.004
1.944e-07 0.00114062
1.945e-07 -0.0028125
1.946e-07 -0.00403125
1.947e-07 -0.00198438
1.948e-07 -7.15256e-10
1.949e-07 -0.00117188
1.95e-07 -0.00340625
1.951e-07 -0.00365625
1.952e-07 -0.00157813
1.953e-07 -7.15256e-10
1.954e-07 -0.00139063
1.955e-07 -0.00353125
1.956e-07 -0.00353125
1.957e-07 -0.00139063
1.958e-07 -7.15256e-10
1.959e-07 -0.00157813
1.96e-07 -0.00367188
1.961e-07 -0.00335938
1.962e-07 -0.0010625
1.963e-07 -7.15256e-10
1.964e-07 -0.00209375
1.965e-07 -0.00410938
1.966e-07 -0.00267188
1.967e-07 0.00140625
1.968e-07 0.004
1.969e-07 0.00190625
1.97e-07 -0.00242188
1.971e-07 -0.00451563
1.972e-07 -0.00178125
1.973e-07 0.004
1.974e-07 0.00875
1.975e-07 0.0094375
1.976e-07 0.0058125
1.977e-07 0.00145312
1.978e-07 -7.15256e-10
1.979e-07 0.00221875
1.98e-07 0.00421875
1.981e-07 0.00242187
1.982e-07 -0.00192188
1.983e-07 -0.004
1.984e-07 -0.000328126
1.985e-07 0.0056875
1.986e-07 0.00889062
1.987e-07 0.00725
1.988e-07 0.004
1.989e-07 0.00303125
1.99e-07 0.00371875
1.991e-07 0.00367187
1.992e-07 0.00192187
1.993e-07 -7.15256e-10
1.994e-07 0.000109374
1.995e-07 0.002375
1.996e-07 0.00548437
1.997e-07 0.0075625
1.998e-07 0.008
1.999e-07 0.00689062
2e-07 0.00495312
2.001e-07 0.0031875
2.002e-07 0.00279687
2.003e-07 0.004
2.004e-07 0.00603125
2.005e-07 0.00770312
2.006e-07 0.007875
2.007e-07 0.00635937
2.008e-07 0.004
2.009e-07 0.00176562
2.01e-07 0.000343749
2.011e-07 -0.000234376
2.012e-07 -0.000203126
2.013e-07 -7.15256e-10
2.014e-07 0.000218749
2.015e-07 0.000140624
2.016e-07 -0.000203126
2.017e-07 -0.000375001
2.018e-07 -7.15256e-10
2.019e-07 0.000718749
2.02e-07 0.000593749
2.021e-07 -0.000953126
2.022e-07 -0.00298438
2.023e-07 -0.004
2.024e-07 -0.00298438
2.025e-07 -0.000953126
2.026e-07 0.000578124
2.027e-07 0.000671874
2.028e-07 -7.15256e-10
2.029e-07 -0.000390626
2.03e-07 -0.000234376
2.031e-07 0.000203124
2.032e-07 0.000343749
2.033e-07 -7.15256e-10
2.034e-07 -0.000578126
2.035e-07 -0.000406251
2.036e-07 0.000624999
2.037e-07 0.00123437
2.038e-07 -7.15256e-10
2.039e-07 -0.00303125
2.04e-07 -0.00457813
2.041e-07 -0.002375
2.042e-07 0.00184375
2.043e-07 0.004
2.044e-07 0.00157812
2.045e-07 -0.00254688
2.046e-07 -0.00434375
2.047e-07 -0.00254688
2.048e-07 -7.15256e-10
2.049e-07 -7.81257e-05
2.05e-07 -0.00253125
2.051e-07 -0.0050625
2.052e-07 -0.00548438
2.053e-07 -0.004
2.054e-07 -0.00201563
2.055e-07 -0.000468751
2.056e-07 0.000296874
2.057e-07 0.000296874
2.058e-07 -7.15256e-10
2.059e-07 -0.000187501
2.06e-07 -0.000109376
2.061e-07 4.68743e-05
2.062e-07 7.81243e-05
2.063e-07 -7.15256e-10
2.064e-07 -0.000125001
2.065e-07 -7.81257e-05
2.066e-07 0.000109374
2.067e-07 0.000203124
2.068e-07 -7.15256e-10
2.069e-07 -0.000453126
2.07e-07 -0.000343751
2.071e-07 0.000546874
2.072e-07 0.00107812
2.073e-07 -7.15256e-10
2.074e-07 -0.00267188
2.075e-07 -0.0043125
2.076e-07 -0.00279688
2.077e-07 0.000984374
2.078e-07 0.004
2.079e-07 0.00379687
2.08e-07 0.00135937
2.081e-07 -0.000890626
2.082e-07 -0.00114063
2.083e-07 -7.15256e-10
2.084e-07 0.000781249
2.085e-07 0.000468749
2.086e-07 -0.000531251
2.087e-07 -0.000968751
2.088e-07 -7.15256e-10
2.089e-07 0.00209375
2.09e-07 0.00379687
2.091e-07 0.00367187
2.092e-07 0.00189062
2.093e-07 -7.15256e-10
2.094e-07 -0.000656251
2.095e-07 -0.000312501
2.096e-07 0.000156249
2.097e-07 0.000156249
2.098e-07 -7.15256e-10
2.099e-07 0.000562499
2.1e-07 0.002625
2.101e-07 0.00545312
2.102e-07 0.0065
2.103e-07 0.004
2.104e-07 -0.00120313
2.105e-07 -0.00440625
2.106e-07 -0.00204688
2.107e-07 0.00392187
2.108e-07 0.008
2.109e-07 0.00620312
2.11e-07 0.00175
2.111e-07 -0.000468751
2.112e-07 0.00129687
2.113e-07 0.004
2.114e-07 0.004125
2.115e-07 0.0036875
2.116e-07 0.00521875
2.117e-07 0.00784375
2.118e-07 0.008
2.119e-07 0.0033125
2.12e-07 -0.00228125
2.121e-07 -0.00429688
2.122e-07 -0.00220313
2.123e-07 -7.15256e-10
2.124e-07 -0.00110938
2.125e-07 -0.00339063
2.126e-07 -0.00359375
2.127e-07 -0.0014375
2.128e-07 -7.15256e-10
2.129e-07 -0.00157813
2.13e-07 -0.00376563
2.131e-07 -0.00315625
2.132e-07 0.000468749
2.133e-07 0.004
2.134e-07 0.00425
2.135e-07 0.00165625
2.136e-07 -0.0013125
2.137e-07 -0.00195313
2.138e-07 -7.15256e-10
2.139e-07 0.00271875
2.14e-07 0.00415625
2.141e-07 0.00328125
2.142e-07 0.00117187
2.143e-07 -7.15256e-10
2.144e-07 0.000921874
2.145e-07 0.00309375
2.146e-07 0.00440625
2.147e-07 0.00320312
2.148e-07 -7.15256e-10
2.149e-07 -0.00321875
2.15e-07 -0.00442188
2.151e-07 -0.00310938
2.152e-07 -0.000937501
2.153e-07 -7.15256e-10
2.154e-07 -0.00125
2.155e-07 -0.00332813
2.156e-07 -0.00409375
2.157e-07 -0.00257813
2.158e-07 -7.15256e-10
2.159e-07 0.001625
2.16e-07 0.0010625
2.161e-07 -0.00126563
2.162e-07 -0.00345313
2.163e-07 -0.004
2.164e-07 -0.00267188
2.165e-07 -0.000734376
2.166e-07 0.000296874
2.167e-07 0.000124999
2.168e-07 -7.15256e-10
2.169e-07 0.00110937
2.17e-07 0.00307812
2.171e-07 0.00459375
2.172e-07 0.00476562
2.173e-07 0.004
2.174e-07 0.00278125
2.175e-07 0.0010625
2.176e-07 -0.0011875
2.177e-07 -0.00314063
2.178e-07 -0.004
2.179e-07 -0.0033125
2.18e-07 -0.00123438
2.181e-07 0.00117187
2.182e-07 0.00189062
2.183e-07 -7.15256e-10
2.184e-07 -0.00334375
2.185e-07 -0.00475
2.186e-07 -0.00221875
2.187e-07 0.00207812
2.188e-07 0.004
2.189e-07 0.00126562
2.19e-07 -0.00284375
2.191e-07 -0.00390625
2.192e-07 -0.000609376
2.193e-07 0.004
2.194e-07 0.00595312
2.195e-07 0.00510937
2.196e-07 0.00309375
2.197e-07 0.00146875
2.198e-07 -7.15256e-10
2.199e-07 -0.00203125
2.2e-07 -0.00371875
2.201e-07 -0.003875
2.202e-07 -0.0023125
2.203e-07 -7.15256e-10
2.204e-07 0.00196875
2.205e-07 0.00348437
2.206e-07 0.0044375
2.207e-07 0.00464062
2.208e-07 0.004
2.209e-07 0.0025625
2.21e-07 0.000781249
2.211e-07 -0.000656251
2.212e-07 -0.000921876
2.213e-07 -7.15256e-10
2.214e-07 0.00121875
2.215e-07 0.000937499
2.216e-07 -0.0014375
2.217e-07 -0.00392188
2.218e-07 -0.004
2.219e-07 -0.000781251
2.22e-07 0.00292187
2.221e-07 0.004125
2.222e-07 0.00228125
2.223e-07 -7.15256e-10
2.224e-07 6.24993e-05
2.225e-07 0.00248437
2.226e-07 0.00517187
2.227e-07 0.00575
2.228e-07 0.004
2.229e-07 0.00132812
2.23e-07 -0.000140626
2.231e-07 0.000656249
2.232e-07 0.00273437
2.233e-07 0.004
2.234e-07 0.00301562
2.235e-07 0.000921874
2.236e-07 -0.000453126
2.237e-07 -0.000375001
2.238e-07 -7.15256e-10
2.239e-07 -0.000484376
2.24e-07 -0.000546876
2.241e-07 0.00110937
2.242e-07 0.00339062
2.243e-07 0.004
2.244e-07 0.00185937
2.245e-07 1.56243e-05
2.246e-07 0.000953124
2.247e-07 0.00348437
2.248e-07 0.004
2.249e-07 0.000484374
