-2.5e-08 -0.000343754
-2.49e-08 0.000937496
-2.48e-08 0.00323437
-2.47e-08 0.004
-2.46e-08 0.00210937
-2.45e-08 0.000187496
-2.44e-08 0.000671871
-2.43e-08 0.00296875
-2.42e-08 0.004
-2.41e-08 0.001375
-2.4e-08 -0.00259375
-2.39e-08 -0.00442188
-2.38e-08 -0.0028125
-2.37e-08 -3.8147e-09
-2.36e-08 0.00114062
-2.35e-08 0.000578121
-2.34e-08 -0.000375004
-2.33e-08 -0.000515629
-2.32e-08 -3.8147e-09
-2.31e-08 0.000406246
-2.3e-08 0.000249996
-2.29e-08 -0.000312504
-2.28e-08 -0.000546879
-2.27e-08 -3.8147e-09
-2.26e-08 0.00103125
-2.25e-08 0.000843746
-2.24e-08 -0.0014375
-2.23e-08 -0.00396875
-2.22e-08 -0.004
-2.21e-08 -0.000562504
-2.2e-08 0.00310937
-2.19e-08 0.00375
-2.18e-08 0.0015625
-2.17e-08 -3.8147e-09
-2.16e-08 0.0015625
-2.15e-08 0.00375
-2.14e-08 0.00307812
-2.13e-08 -0.000625004
-2.12e-08 -0.004
-2.11e-08 -0.00376563
-2.1e-08 -0.00129688
-2.09e-08 0.000624996
-2.08e-08 0.000609371
-2.07e-08 -3.8147e-09
-2.06e-08 0.000343746
-2.05e-08 0.000437496
-2.04e-08 -0.000953129
-2.03e-08 -0.00309375
-2.02e-08 -0.004
-2.01e-08 -0.00203125
-2e-08 0.00196875
-1.99e-08 0.00559375
-1.98e-08 0.0063125
-1.97e-08 0.004
-1.96e-08 0.000484371
-1.95e-08 -0.000828129
-1.94e-08 0.00170312
-1.93e-08 0.00589062
-1.92e-08 0.008
-1.91e-08 0.00571875
-1.9e-08 0.00165625
-1.89e-08 -0.000734379
-1.88e-08 -0.000468754
-1.87e-08 -3.8147e-09
-1.86e-08 -0.00167188
-1.85e-08 -0.00365625
-1.84e-08 -0.00348438
-1.83e-08 -0.00132813
-1.82e-08 -3.8147e-09
-1.81e-08 -0.00148438
-1.8e-08 -0.00365625
-1.79e-08 -0.00342188
-1.78e-08 -7.81288e-05
-1.77e-08 0.004
-1.76e-08 0.0058125
-1.75e-08 0.00507812
-1.74e-08 0.00298437
-1.73e-08 0.00115625
-1.72e-08 -3.8147e-09
-1.71e-08 -0.000671879
-1.7e-08 -0.000421879
-1.69e-08 0.000515621
-1.68e-08 0.000984371
-1.67e-08 -3.8147e-09
-1.66e-08 -0.00225
-1.65e-08 -0.00398438
-1.64e-08 -0.00342188
-1.63e-08 -0.000265629
-1.62e-08 0.004
-1.61e-08 0.00684375
-1.6e-08 0.00595312
-1.59e-08 0.00145312
-1.58e-08 -0.00301563
-1.57e-08 -0.004
-1.56e-08 -0.000750004
-1.55e-08 0.003125
-1.54e-08 0.00364062
-1.53e-08 0.000171871
-1.52e-08 -0.004
-1.51e-08 -0.00498438
-1.5e-08 -0.00223438
-1.49e-08 0.0020625
-1.48e-08 0.00448437
-1.47e-08 0.004
-1.46e-08 0.00175
-1.45e-08 7.81212e-05
-1.44e-08 0.000499996
-1.43e-08 0.0025
-1.42e-08 0.004
-1.41e-08 0.00325
-1.4e-08 0.00107812
-1.39e-08 -0.000687504
-1.38e-08 -0.000828129
-1.37e-08 -3.8147e-09
-1.36e-08 0.000328121
-1.35e-08 0.000156246
-1.34e-08 -4.68788e-05
-1.33e-08 -3.8147e-09
-1.32e-08 -3.8147e-09
-1.31e-08 -0.000312504
-1.3e-08 -0.000250004
-1.29e-08 0.000437496
-1.28e-08 0.000906246
-1.27e-08 -3.8147e-09
-1.26e-08 -0.00225
-1.25e-08 -0.00392188
-1.24e-08 -0.0034375
-1.23e-08 -0.00139063
-1.22e-08 -3.8147e-09
-1.21e-08 -0.000984379
-1.2e-08 -0.0031875
-1.19e-08 -0.00420313
-1.18e-08 -0.00279688
-1.17e-08 -3.8147e-09
-1.16e-08 0.00229687
-1.15e-08 0.00373437
-1.14e-08 0.00417187
-1.13e-08 0.00304687
-1.12e-08 -3.8147e-09
-1.11e-08 -0.00395313
-1.1e-08 -0.00520313
-1.09e-08 -0.00167188
-1.08e-08 0.00423437
-1.07e-08 0.008
-1.06e-08 0.00657812
-1.05e-08 0.00217187
-1.04e-08 -0.00132813
-1.03e-08 -0.00154688
-1.02e-08 -3.8147e-09
-1.01e-08 0.000671871
-1e-08 0.000312496
-9.9e-09 -6.25038e-05
-9.8e-09 4.68712e-05
-9.7e-09 -3.8147e-09
-9.6e-09 -0.000750004
-9.5e-09 -0.000687504
-9.4e-09 0.00120312
-9.3e-09 0.00351562
-9.2e-09 0.004
-9.1e-09 0.00184375
-9e-09 1.56212e-05
-8.9e-09 0.000906246
-8.8e-09 0.00339062
-8.7e-09 0.004
-8.6e-09 0.000640621
-8.5e-09 -0.00320313
-8.4e-09 -0.00345313
-8.3e-09 0.000234371
-8.2e-09 0.004
-8.1e-09 0.00404687
-8e-09 0.00145312
-7.9e-09 -0.000859379
-7.8e-09 -0.00101563
-7.7e-09 -3.8147e-09
-7.6e-09 0.000312496
-7.5e-09 3.12462e-05
-7.4e-09 0.000203121
-7.3e-09 0.001625
-7.2e-09 0.004
-7.1e-09 0.00578125
-7e-09 0.00532812
-6.9e-09 0.00209375
-6.8e-09 -0.00185938
-6.7e-09 -0.004
-6.6e-09 -0.00304688
-6.5e-09 -0.000812504
-6.4e-09 0.000156246
-6.3e-09 -0.00132813
-6.2e-09 -0.004
-6.1e-09 -0.00554688
-6e-09 -0.005
-5.9e-09 -0.00284375
-5.8e-09 -0.000796879
-5.7e-09 -3.8147e-09
-5.6e-09 -0.000312504
-5.5e-09 -0.000406254
-5.4e-09 0.000812496
-5.3e-09 0.0028125
-5.2e-09 0.004
-5.1e-09 0.003125
-5e-09 0.00101562
-4.9e-09 -0.000671879
-4.8e-09 -0.000828129
-4.7e-09 -3.8147e-09
-4.6e-09 0.000546871
-4.5e-09 0.000328121
-4.4e-09 -0.000390629
-4.3e-09 -0.000718754
-4.2e-09 -3.8147e-09
-4.1e-09 0.001625
-4e-09 0.00334375
-3.9e-09 0.0044375
-3.8e-09 0.00453125
-3.7e-09 0.004
-3.6e-09 0.00346875
-3.5e-09 0.00375
-3.4e-09 0.00421875
-3.3e-09 0.00325
-3.2e-09 -3.8147e-09
-3.1e-09 -0.0043125
-3e-09 -0.00557813
-2.9e-09 -0.000984379
-2.8e-09 0.00676562
-2.7e-09 0.012
-2.6e-09 0.0105156
-2.5e-09 0.00396875
-2.4e-09 -0.00325
-2.3e-09 -0.00717188
-2.2e-09 -0.008
-2.1e-09 -0.007
-2e-09 -0.00321875
-1.9e-09 0.0039375
-1.8e-09 0.0115312
-1.7e-09 0.016
-1.6e-09 0.0148594
-1.5e-09 0.0104687
-1.4e-09 0.00610937
-1.3e-09 0.0041875
-1.2e-09 0.004
-1.1e-09 0.00375
-1e-09 0.00379687
-9e-10 0.00442187
-8e-10 0.00492187
-7e-10 0.004
-6e-10 0.000765621
-5e-10 -0.00276563
-4e-10 -0.0045625
-3e-10 -0.004375
-2e-10 -0.004
-1e-10 -0.0045625
0 -0.00460938
1e-10 -0.00275
2e-10 -0.000281254
3e-10 -3.8147e-09
4e-10 -0.00320313
5e-10 -0.00696875
6e-10 -0.00792188
7e-10 -0.00584375
8e-10 -0.004
9e-10 -0.00509375
1e-09 -0.00732813
1.1e-09 -0.0078125
1.2e-09 -0.00596875
1.3e-09 -0.004
1.4e-09 -0.00396875
1.5e-09 -0.00428125
1.6e-09 -0.00304688
1.7e-09 -0.000781254
1.8e-09 -3.8147e-09
1.9e-09 -0.00254688
2e-09 -0.0065
2.1e-09 -0.00870313
2.2e-09 -0.00742188
2.3e-09 -0.004
2.4e-09 -0.00101563
2.5e-09 0.000203121
2.6e-09 -0.000484379
2.7e-09 -0.00223438
2.8e-09 -0.004
2.9e-09 -0.005
3e-09 -0.00470313
3.1e-09 -0.00314063
3.2e-09 -0.00128125
3.3e-09 -3.8147e-09
3.4e-09 0.000359371
3.5e-09 0.000156246
3.6e-09 -6.25038e-05
3.7e-09 -4.68788e-05
3.8e-09 -3.8147e-09
3.9e-09 -0.000250004
4e-09 -0.000218754
4.1e-09 0.000437496
4.2e-09 0.000874996
4.3e-09 -3.8147e-09
4.4e-09 -0.00195313
4.5e-09 -0.00160938
4.6e-09 0.002625
4.7e-09 0.00745312
4.8e-09 0.008
4.9e-09 0.00242187
5e-09 -0.00317188
5.1e-09 -0.00273438
5.2e-09 0.00317187
5.3e-09 0.008
5.4e-09 0.0063125
5.5e-09 0.00173437
5.6e-09 -0.000187504
5.7e-09 0.00198437
5.8e-09 0.004
5.9e-09 0.00151562
6e-09 -0.00270313
6.1e-09 -0.0039375
6.2e-09 -0.000625004
6.3e-09 0.004
6.4e-09 0.0058125
6.5e-09 0.005
6.6e-09 0.00328125
6.7e-09 0.00182812
6.8e-09 -3.8147e-09
6.9e-09 -0.00265625
7e-09 -0.0041875
7.1e-09 -0.00304688
7.2e-09 -0.000656254
7.3e-09 -3.8147e-09
7.4e-09 -0.00232813
7.5e-09 -0.00425
7.6e-09 -0.00253125
7.7e-09 0.00160937
7.8e-09 0.004
7.9e-09 0.00214062
8e-09 -6.25038e-05
8.1e-09 0.00153125
8.2e-09 0.00592187
8.3e-09 0.008
8.4e-09 0.00390625
8.5e-09 -0.00210938
8.6e-09 -0.00423438
8.7e-09 -0.000843754
8.8e-09 0.004
8.9e-09 0.00557812
9e-09 0.0046875
9.1e-09 0.00389062
9.2e-09 0.00421875
9.3e-09 0.004
9.4e-09 0.0013125
9.5e-09 -0.0025
9.6e-09 -0.00485938
9.7e-09 -0.00379688
9.8e-09 -3.8147e-09
9.9e-09 0.004375
1e-08 0.0074375
1.01e-08 0.008
1.02e-08 0.006375
1.03e-08 0.004
1.04e-08 0.00198437
1.05e-08 0.000593746
1.06e-08 -0.000671879
1.07e-08 -0.0021875
1.08e-08 -0.004
1.09e-08 -0.00525
1.1e-08 -0.00489063
1.11e-08 -0.00279688
1.12e-08 -0.000593754
1.13e-08 -3.8147e-09
1.14e-08 -0.00151563
1.15e-08 -0.0035
1.16e-08 -0.00389063
1.17e-08 -0.00221875
1.18e-08 -3.8147e-09
1.19e-08 0.000984371
1.2e-08 0.000531246
1.21e-08 -0.000453129
1.22e-08 -0.000703129
1.23e-08 -3.8147e-09
1.24e-08 0.000828121
1.25e-08 0.000640621
1.26e-08 -0.000968754
1.27e-08 -0.00298438
1.28e-08 -0.004
1.29e-08 -0.0031875
1.3e-08 -0.00109375
1.31e-08 0.000796871
1.32e-08 0.00109375
1.33e-08 -3.8147e-09
1.34e-08 -0.00123438
1.35e-08 -0.000921879
1.36e-08 0.00132812
1.37e-08 0.00370312
1.38e-08 0.004
1.39e-08 0.00129687
1.4e-08 -0.00248438
1.41e-08 -0.00484375
1.42e-08 -0.00482813
1.43e-08 -0.004
1.44e-08 -0.00403125
1.45e-08 -0.00423438
1.46e-08 -0.0033125
1.47e-08 -0.0014375
1.48e-08 -3.8147e-09
1.49e-08 -4.68788e-05
1.5e-08 -0.000281254
1.51e-08 0.000765621
1.52e-08 0.00275
1.53e-08 0.004
1.54e-08 0.0030625
1.55e-08 0.000984371
1.56e-08 -0.000593754
1.57e-08 -0.000671879
1.58e-08 -3.8147e-09
1.59e-08 0.000187496
1.6e-08 6.24962e-05
1.61e-08 9.37462e-05
1.62e-08 0.000249996
1.63e-08 -3.8147e-09
1.64e-08 -0.000812504
1.65e-08 -0.000718754
1.66e-08 0.00120312
1.67e-08 0.00351562
1.68e-08 0.004
1.69e-08 0.00190625
1.7e-08 6.24962e-05
1.71e-08 0.000828121
1.72e-08 0.00323437
1.73e-08 0.004
1.74e-08 0.00101562
1.75e-08 -0.0029375
1.76e-08 -0.00390625
1.77e-08 -0.000671879
1.78e-08 0.004
1.79e-08 0.00628125
1.8e-08 0.005375
1.81e-08 0.00259375
1.82e-08 0.000421871
1.83e-08 -3.8147e-09
1.84e-08 0.00109375
1.85e-08 0.00303125
1.86e-08 0.00476562
1.87e-08 0.00514062
1.88e-08 0.004
1.89e-08 0.00198437
1.9e-08 0.000390621
1.91e-08 -9.37538e-05
1.92e-08 0.000140621
1.93e-08 -3.8147e-09
1.94e-08 -0.000781254
1.95e-08 -0.000703129
1.96e-08 0.00121875
1.97e-08 0.0035625
1.98e-08 0.004
1.99e-08 0.0016875
2e-08 -0.000203129
2.01e-08 0.00129687
2.02e-08 0.00528125
2.03e-08 0.008
2.04e-08 0.00629687
2.05e-08 0.00204687
2.06e-08 -0.00125
2.07e-08 -0.0014375
2.08e-08 -3.8147e-09
2.09e-08 0.000578121
2.1e-08 0.000265621
2.11e-08 -7.81288e-05
2.12e-08 -1.56288e-05
2.13e-08 -3.8147e-09
2.14e-08 -0.000421879
2.15e-08 -0.000421879
2.16e-08 0.000749996
2.17e-08 0.00264062
2.18e-08 0.004
2.19e-08 0.00359375
2.2e-08 0.00146875
2.21e-08 -0.00148438
2.22e-08 -0.00357813
2.23e-08 -0.004
2.24e-08 -0.00289063
2.25e-08 -0.000953129
2.26e-08 0.000781246
2.27e-08 0.00117187
2.28e-08 -3.8147e-09
2.29e-08 -0.00209375
2.3e-08 -0.00367188
2.31e-08 -0.00398438
2.32e-08 -0.00365625
2.33e-08 -0.004
2.34e-08 -0.005125
2.35e-08 -0.00503125
2.36e-08 -0.00226563
2.37e-08 0.00171875
2.38e-08 0.004
2.39e-08 0.00239062
2.4e-08 -0.00182813
2.41e-08 -0.00559375
2.42e-08 -0.00621875
2.43e-08 -0.004
2.44e-08 -0.001125
2.45e-08 0.000234371
2.46e-08 -0.000734379
2.47e-08 -0.00282813
2.48e-08 -0.004
2.49e-08 -0.00310938
2.5e-08 -0.00101563
2.51e-08 0.000624996
2.52e-08 0.000749996
2.53e-08 -3.8147e-09
2.54e-08 -0.000343754
2.55e-08 -0.000171879
2.56e-08 3.12462e-05
2.57e-08 -1.56288e-05
2.58e-08 -3.8147e-09
2.59e-08 0.000234371
2.6e-08 0.000203121
2.61e-08 -0.000406254
2.62e-08 -0.000828129
2.63e-08 -3.8147e-09
2.64e-08 0.0020625
2.65e-08 0.00378125
2.66e-08 0.00365625
2.67e-08 0.00185937
2.68e-08 -3.8147e-09
2.69e-08 -0.000546879
2.7e-08 -0.000140629
2.71e-08 -0.000140629
2.72e-08 -0.00153125
2.73e-08 -0.004
2.74e-08 -0.006
2.75e-08 -0.00548438
2.76e-08 -0.00189063
2.77e-08 0.00226562
2.78e-08 0.004
2.79e-08 0.00221875
2.8e-08 0.000171871
2.81e-08 0.000890621
2.82e-08 0.0034375
2.83e-08 0.004
2.84e-08 0.000281246
2.85e-08 -0.00348438
2.86e-08 -0.00296875
2.87e-08 0.00121875
2.88e-08 0.004
2.89e-08 0.00142187
2.9e-08 -0.00284375
2.91e-08 -0.00364063
2.92e-08 1.56212e-05
2.93e-08 0.004
2.94e-08 0.00396875
2.95e-08 0.00135937
2.96e-08 -0.000593754
2.97e-08 -0.000421879
2.98e-08 -3.8147e-09
2.99e-08 -0.00145313
3e-08 -0.00345313
3.01e-08 -0.00389063
3.02e-08 -0.0021875
3.03e-08 -3.8147e-09
3.04e-08 0.000874996
3.05e-08 0.000437496
3.06e-08 -0.000296879
3.07e-08 -0.000406254
3.08e-08 -3.8147e-09
3.09e-08 0.000312496
3.1e-08 0.000187496
3.11e-08 -0.000250004
3.12e-08 -0.000484379
3.13e-08 -3.8147e-09
3.14e-08 0.0013125
3.15e-08 0.00314062
3.16e-08 0.0046875
3.17e-08 0.00503125
3.18e-08 0.004
3.19e-08 0.00201562
3.2e-08 0.000406246
3.21e-08 -0.000109379
3.22e-08 0.000109371
3.23e-08 -3.8147e-09
3.24e-08 -0.000812504
3.25e-08 -0.000734379
3.26e-08 0.00128125
3.27e-08 0.00371875
3.28e-08 0.004
3.29e-08 0.000859371
3.3e-08 -0.00292188
3.31e-08 -0.00407813
3.32e-08 -0.0021875
3.33e-08 -3.8147e-09
3.34e-08 0.000156246
3.35e-08 -0.000234379
3.36e-08 0.000921871
3.37e-08 0.0031875
3.38e-08 0.004
3.39e-08 0.00142187
3.4e-08 -0.00251563
3.41e-08 -0.00465625
3.42e-08 -0.00329688
3.43e-08 -3.8147e-09
3.44e-08 0.00270312
3.45e-08 0.00392187
3.46e-08 0.00398437
3.47e-08 0.0038125
3.48e-08 0.004
3.49e-08 0.00428125
3.5e-08 0.00429687
3.51e-08 0.00346875
3.52e-08 0.00182812
3.53e-08 -3.8147e-09
3.54e-08 -0.001125
3.55e-08 -0.000765629
3.56e-08 0.000906246
3.57e-08 0.00279687
3.58e-08 0.004
3.59e-08 0.00375
3.6e-08 0.00160937
3.61e-08 -0.00175
3.62e-08 -0.00409375
3.63e-08 -0.004
3.64e-08 -0.00167188
3.65e-08 3.12462e-05
3.66e-08 -0.000828129
3.67e-08 -0.00315625
3.68e-08 -0.004
3.69e-08 -0.00142188
3.7e-08 0.00253125
3.71e-08 0.00460937
3.72e-08 0.0031875
3.73e-08 -3.8147e-09
3.74e-08 -0.00192188
3.75e-08 -0.00123438
3.76e-08 0.001375
3.77e-08 0.00360937
3.78e-08 0.004
3.79e-08 0.00239062
3.8e-08 0.000468746
3.81e-08 4.68712e-05
3.82e-08 0.00165625
3.83e-08 0.004
3.84e-08 0.00515625
3.85e-08 0.00473437
3.86e-08 0.00321875
3.87e-08 0.0015
3.88e-08 -3.8147e-09
3.89e-08 -0.00104688
3.9e-08 -0.000781254
3.91e-08 0.00110937
3.92e-08 0.00326562
3.93e-08 0.004
3.94e-08 0.00260937
3.95e-08 0.000671871
3.96e-08 -0.000203129
3.97e-08 3.12462e-05
3.98e-08 -3.8147e-09
3.99e-08 -0.00103125
4e-08 -0.001
4.01e-08 0.00176562
4.02e-08 0.0058125
4.03e-08 0.008
4.04e-08 0.00607812
4.05e-08 0.00195312
4.06e-08 -0.00125
4.07e-08 -0.00151563
4.08e-08 -3.8147e-09
4.09e-08 0.000968746
4.1e-08 0.000562496
4.11e-08 -0.000593754
4.12e-08 -0.00104688
4.13e-08 -3.8147e-09
4.14e-08 0.00204687
4.15e-08 0.00375
4.16e-08 0.00376562
4.17e-08 0.0020625
4.18e-08 -3.8147e-09
4.19e-08 -0.000937504
4.2e-08 -0.000515629
4.21e-08 0.000453121
4.22e-08 0.000796871
4.23e-08 -3.8147e-09
4.24e-08 -0.00167188
4.25e-08 -0.00339063
4.26e-08 -0.00439063
4.27e-08 -0.0044375
4.28e-08 -0.004
4.29e-08 -0.00321875
4.3e-08 -0.00139063
4.31e-08 0.0016875
4.32e-08 0.00415625
4.33e-08 0.004
4.34e-08 0.000671871
4.35e-08 -0.003
4.36e-08 -0.0040625
4.37e-08 -0.0021875
4.38e-08 -3.8147e-09
4.39e-08 0.000265621
4.4e-08 -0.000125004
4.41e-08 0.000703121
4.42e-08 0.00270312
4.43e-08 0.004
4.44e-08 0.00282812
4.45e-08 0.000687496
4.46e-08 -4.68788e-05
4.47e-08 0.00154687
4.48e-08 0.004
4.49e-08 0.00515625
4.5e-08 0.00473437
4.51e-08 0.00321875
4.52e-08 0.0015
4.53e-08 -3.8147e-09
4.54e-08 -0.00104688
4.55e-08 -0.000765629
4.56e-08 0.00104687
4.57e-08 0.00314062
4.58e-08 0.004
4.59e-08 0.0029375
4.6e-08 0.000921871
4.61e-08 -0.000625004
4.62e-08 -0.000781254
4.63e-08 -3.8147e-09
4.64e-08 0.000624996
4.65e-08 0.000390621
4.66e-08 -0.000484379
4.67e-08 -0.000906254
4.68e-08 -3.8147e-09
4.69e-08 0.00204687
4.7e-08 0.00375
4.71e-08 0.00371875
4.72e-08 0.00198437
4.73e-08 -3.8147e-09
4.74e-08 -0.000765629
4.75e-08 -0.000390629
4.76e-08 0.000249996
4.77e-08 0.000359371
4.78e-08 -3.8147e-09
4.79e-08 -0.000359379
4.8e-08 -0.000234379
4.81e-08 0.000312496
4.82e-08 0.000593746
4.83e-08 -3.8147e-09
4.84e-08 -0.00114063
4.85e-08 -0.000921879
4.86e-08 0.00151562
4.87e-08 0.004125
4.88e-08 0.004
4.89e-08 0.000171871
4.9e-08 -0.0035
4.91e-08 -0.00314063
4.92e-08 0.000765621
4.93e-08 0.004
4.94e-08 0.0030625
4.95e-08 0.000656246
4.96e-08 0.000437496
4.97e-08 0.00267187
4.98e-08 0.004
4.99e-08 0.00192187
5e-08 -0.000125004
5.01e-08 0.0014375
5.02e-08 0.00570312
5.03e-08 0.008
5.04e-08 0.00473437
5.05e-08 -0.001375
5.06e-08 -0.0055
5.07e-08 -0.00445313
5.08e-08 -3.8147e-09
5.09e-08 0.00392187
5.1e-08 0.0048125
5.11e-08 0.00273437
5.12e-08 0.000296871
5.13e-08 -3.8147e-09
5.14e-08 0.00221875
5.15e-08 0.00410937
5.16e-08 0.00284375
5.17e-08 -0.000968754
5.18e-08 -0.004
5.19e-08 -0.00339063
5.2e-08 -0.00101563
5.21e-08 0.000187496
5.22e-08 -0.000281254
5.23e-08 -3.8147e-09
5.24e-08 0.00267187
5.25e-08 0.00442187
5.26e-08 0.00232812
5.27e-08 -0.00198438
5.28e-08 -0.004
5.29e-08 -0.00104688
5.3e-08 0.00303125
5.31e-08 0.0035
5.32e-08 -0.000234379
5.33e-08 -0.004
5.34e-08 -0.00326563
5.35e-08 0.00132812
5.36e-08 0.00604687
5.37e-08 0.007
5.38e-08 0.004
5.39e-08 -0.000562504
5.4e-08 -0.00371875
5.41e-08 -0.0035
5.42e-08 -0.000218754
5.43e-08 0.004
5.44e-08 0.00684375
5.45e-08 0.00803125
5.46e-08 0.0079375
5.47e-08 0.00670312
5.48e-08 0.004
5.49e-08 -0.000125004
5.5e-08 -0.003375
5.51e-08 -0.00384375
5.52e-08 -0.00192188
5.53e-08 -3.8147e-09
5.54e-08 0.000218746
5.55e-08 -0.000125004
5.56e-08 0.000609371
5.57e-08 0.00248437
5.58e-08 0.004
5.59e-08 0.0034375
5.6e-08 0.00121875
5.61e-08 -0.000906254
5.62e-08 -0.00128125
5.63e-08 -3.8147e-09
5.64e-08 0.00192187
5.65e-08 0.00360937
5.66e-08 0.00409375
5.67e-08 0.00278125
5.68e-08 -3.8147e-09
5.69e-08 -0.003
5.7e-08 -0.00440625
5.71e-08 -0.003
5.72e-08 0.000453121
5.73e-08 0.004
5.74e-08 0.00573437
5.75e-08 0.00507812
5.76e-08 0.00278125
5.77e-08 0.000687496
5.78e-08 -3.8147e-09
5.79e-08 0.000828121
5.8e-08 0.002875
5.81e-08 0.005
5.82e-08 0.0055625
5.83e-08 0.004
5.84e-08 0.00120312
5.85e-08 -0.000265629
5.86e-08 0.000953121
5.87e-08 0.00332812
5.88e-08 0.004
5.89e-08 0.00134375
5.9e-08 -0.00257813
5.91e-08 -0.0045625
5.92e-08 -0.003125
5.93e-08 -3.8147e-09
5.94e-08 0.0023125
5.95e-08 0.00360937
5.96e-08 0.00453125
5.97e-08 0.00490625
5.98e-08 0.004
5.99e-08 0.00160937
6e-08 -1.56288e-05
6.01e-08 0.000703121
6.02e-08 0.00289062
6.03e-08 0.004
6.04e-08 0.00254687
6.05e-08 0.000499996
6.06e-08 0.000218746
6.07e-08 0.0020625
6.08e-08 0.004
6.09e-08 0.00367187
6.1e-08 0.00135937
6.11e-08 -0.00104688
6.12e-08 -0.00151563
6.13e-08 -3.8147e-09
6.14e-08 0.00223437
6.15e-08 0.0038125
6.16e-08 0.0038125
6.17e-08 0.00223437
6.18e-08 -3.8147e-09
6.19e-08 -0.00151563
6.2e-08 -0.00104688
6.21e-08 0.00132812
6.22e-08 0.003625
6.23e-08 0.004
6.24e-08 0.00215625
6.25e-08 0.000281246
6.26e-08 0.000390621
6.27e-08 0.00235937
6.28e-08 0.004
6.29e-08 0.0033125
6.3e-08 0.00109375
6.31e-08 -0.000656254
6.32e-08 -0.000765629
6.33e-08 -3.8147e-09
6.34e-08 0.000249996
6.35e-08 7.81212e-05
6.36e-08 0.000109371
6.37e-08 0.000312496
6.38e-08 -3.8147e-09
6.39e-08 -0.000953129
6.4e-08 -0.000812504
6.41e-08 0.00135937
6.42e-08 0.00379687
6.43e-08 0.004
6.44e-08 0.0013125
6.45e-08 -0.000468754
6.46e-08 0.00170312
6.47e-08 0.00610937
6.48e-08 0.008
6.49e-08 0.00421875
6.5e-08 -0.00173438
6.51e-08 -0.0049375
6.52e-08 -0.003375
6.53e-08 -3.8147e-09
6.54e-08 0.00135937
6.55e-08 0.000578121
6.56e-08 -0.000218754
6.57e-08 0.000984371
6.58e-08 0.004
6.59e-08 0.00653125
6.6e-08 0.00582812
6.61e-08 0.00142187
6.62e-08 -0.00320313
6.63e-08 -0.004
6.64e-08 0.000468746
6.65e-08 0.00623437
6.66e-08 0.00828125
6.67e-08 0.00504687
6.68e-08 -3.8147e-09
6.69e-08 -0.00245313
6.7e-08 -0.00145313
6.71e-08 0.00135937
6.72e-08 0.00342187
6.73e-08 0.004
6.74e-08 0.00378125
6.75e-08 0.00379687
6.76e-08 0.00434375
6.77e-08 0.00473437
6.78e-08 0.004
6.79e-08 0.0018125
6.8e-08 9.37462e-05
6.81e-08 0.000609371
6.82e-08 0.00275
6.83e-08 0.004
6.84e-08 0.002625
6.85e-08 0.000609371
6.86e-08 0.000124996
6.87e-08 0.000781246
6.88e-08 -3.8147e-09
6.89e-08 -0.00323438
6.9e-08 -0.00492188
6.91e-08 -0.0015625
6.92e-08 0.004625
6.93e-08 0.008
6.94e-08 0.00515625
6.95e-08 0.000906246
6.96e-08 0.000859371
6.97e-08 0.00503125
6.98e-08 0.008
6.99e-08 0.00534375
7e-08 0.00107812
7.01e-08 0.000562496
7.02e-08 0.00445312
7.03e-08 0.008
7.04e-08 0.00632812
7.05e-08 0.00189062
7.06e-08 -0.000750004
7.07e-08 0.000734371
7.08e-08 0.004
7.09e-08 0.0054375
7.1e-08 0.00484375
7.11e-08 0.00329687
7.12e-08 0.00178125
7.13e-08 -3.8147e-09
7.14e-08 -0.00229688
7.15e-08 -0.00389063
7.16e-08 -0.003625
7.17e-08 -0.00182813
7.18e-08 -3.8147e-09
7.19e-08 0.000609371
7.2e-08 0.000281246
7.21e-08 -0.000125004
7.22e-08 -0.000109379
7.23e-08 -3.8147e-09
7.24e-08 -0.000109379
7.25e-08 -0.000109379
7.26e-08 0.000249996
7.27e-08 0.000546871
7.28e-08 -3.8147e-09
7.29e-08 -0.0016875
7.3e-08 -0.00351563
7.31e-08 -0.00409375
7.32e-08 -0.0026875
7.33e-08 -3.8147e-09
7.34e-08 0.00259375
7.35e-08 0.004
7.36e-08 0.00364062
7.37e-08 0.0019375
7.38e-08 -3.8147e-09
7.39e-08 -0.00109375
7.4e-08 -0.000734379
7.41e-08 0.000874996
7.42e-08 0.00275
7.43e-08 0.004
7.44e-08 0.0038125
7.45e-08 0.00167187
7.46e-08 -0.00189063
7.47e-08 -0.0044375
7.48e-08 -0.004
7.49e-08 -0.000531254
7.5e-08 0.0030625
7.51e-08 0.00403125
7.52e-08 0.0021875
7.53e-08 -3.8147e-09
7.54e-08 -0.000359379
7.55e-08 4.68712e-05
7.56e-08 -0.000593754
7.57e-08 -0.00248438
7.58e-08 -0.004
7.59e-08 -0.00334375
7.6e-08 -0.00117188
7.61e-08 0.000859371
7.62e-08 0.0011875
7.63e-08 -3.8147e-09
7.64e-08 -0.00135938
7.65e-08 -0.00101563
7.66e-08 0.00148437
7.67e-08 0.004
7.68e-08 0.004
7.69e-08 0.00110937
7.7e-08 -0.000593754
7.71e-08 0.00185937
7.72e-08 0.006375
7.73e-08 0.008
7.74e-08 0.003625
7.75e-08 -0.00226563
7.76e-08 -0.00403125
7.77e-08 -0.000437504
7.78e-08 0.004
7.79e-08 0.00432812
7.8e-08 0.00157812
7.81e-08 -0.000796879
7.82e-08 -0.000812504
7.83e-08 -3.8147e-09
7.84e-08 -0.000359379
7.85e-08 -0.000500004
7.86e-08 0.00115625
7.87e-08 0.0035
7.88e-08 0.004
7.89e-08 0.00160937
7.9e-08 -0.000265629
7.91e-08 0.00139062
7.92e-08 0.00546875
7.93e-08 0.008
7.94e-08 0.00592187
7.95e-08 0.00170312
7.96e-08 -0.000703129
7.97e-08 0.000718746
7.98e-08 0.004
7.99e-08 0.0056875
8e-08 0.00504687
8.01e-08 0.00290625
8.02e-08 0.000968746
8.03e-08 -3.8147e-09
8.04e-08 -0.000171879
8.05e-08 -6.25038e-05
8.06e-08 -4.68788e-05
8.07e-08 -0.000109379
8.08e-08 -3.8147e-09
8.09e-08 0.000437496
8.1e-08 0.000421871
8.11e-08 -0.000734379
8.12e-08 -0.00260938
8.13e-08 -0.004
8.14e-08 -0.00367188
8.15e-08 -0.00151563
8.16e-08 0.00148437
8.17e-08 0.00359375
8.18e-08 0.004
8.19e-08 0.00278125
8.2e-08 0.000859371
8.21e-08 -0.000625004
8.22e-08 -0.000812504
8.23e-08 -3.8147e-09
8.24e-08 0.000749996
8.25e-08 0.000562496
8.26e-08 -0.000796879
8.27e-08 -0.00264063
8.28e-08 -0.004
8.29e-08 -0.00392188
8.3e-08 -0.00173438
8.31e-08 0.00189062
8.32e-08 0.00440625
8.33e-08 0.004
8.34e-08 0.000718746
8.35e-08 -0.0029375
8.36e-08 -0.00426563
8.37e-08 -0.002625
8.38e-08 -3.8147e-09
8.39e-08 0.0011875
8.4e-08 0.000640621
8.41e-08 -0.000515629
8.42e-08 -0.000828129
8.43e-08 -3.8147e-09
8.44e-08 0.001375
8.45e-08 0.00314062
8.46e-08 0.00478125
8.47e-08 0.00523437
8.48e-08 0.004
8.49e-08 0.00159375
8.5e-08 1.56212e-05
8.51e-08 0.000499996
8.52e-08 0.00245312
8.53e-08 0.004
8.54e-08 0.00346875
8.55e-08 0.00125
8.56e-08 -0.001
8.57e-08 -0.00146875
8.58e-08 -3.8147e-09
8.59e-08 0.00217187
8.6e-08 0.00376562
8.61e-08 0.00389062
8.62e-08 0.00239062
8.63e-08 -3.8147e-09
8.64e-08 -0.00182813
8.65e-08 -0.00128125
8.66e-08 0.00173437
8.67e-08 0.0044375
8.68e-08 0.004
8.69e-08 1.56212e-05
8.7e-08 -0.0035625
8.71e-08 -0.00315625
8.72e-08 0.000703121
8.73e-08 0.004
8.74e-08 0.00345312
8.75e-08 0.000953121
8.76e-08 -6.25038e-05
8.77e-08 0.00170312
8.78e-08 0.004
8.79e-08 0.00382812
8.8e-08 0.00145312
8.81e-08 -0.00114063
8.82e-08 -0.00170313
8.83e-08 -3.8147e-09
8.84e-08 0.00251562
8.85e-08 0.00401562
8.86e-08 0.00346875
8.87e-08 0.0015625
8.88e-08 -3.8147e-09
8.89e-08 -0.000171879
8.9e-08 0.000124996
8.91e-08 -0.000546879
8.92e-08 -0.00234375
8.93e-08 -0.004
8.94e-08 -0.0038125
8.95e-08 -0.00160938
8.96e-08 0.0015625
8.97e-08 0.00370312
8.98e-08 0.004
8.99e-08 0.00264062
9e-08 0.000765621
9.01e-08 -0.000484379
9.02e-08 -0.000546879
9.03e-08 -3.8147e-09
9.04e-08 0.000203121
9.05e-08 9.37462e-05
9.06e-08 -3.8147e-09
9.07e-08 6.24962e-05
9.08e-08 -3.8147e-09
9.09e-08 -0.000390629
9.1e-08 -0.000312504
9.11e-08 0.000531246
9.12e-08 0.00107812
9.13e-08 -3.8147e-09
9.14e-08 -0.00267188
9.15e-08 -0.0043125
9.16e-08 -0.00282813
9.17e-08 0.000921871
9.18e-08 0.004
9.19e-08 0.003875
9.2e-08 0.00142187
9.21e-08 -0.000984379
9.22e-08 -0.00132813
9.23e-08 -3.8147e-09
9.24e-08 0.00115625
9.25e-08 0.000828121
9.26e-08 -0.00109375
9.27e-08 -0.0031875
9.28e-08 -0.004
9.29e-08 -0.00292188
9.3e-08 -0.000921879
9.31e-08 0.000562496
9.32e-08 0.000671871
9.33e-08 -3.8147e-09
9.34e-08 -0.000390629
9.35e-08 -0.000234379
9.36e-08 0.000234371
9.37e-08 0.000406246
9.38e-08 -3.8147e-09
9.39e-08 -0.000656254
9.4e-08 -0.000468754
9.41e-08 0.000718746
9.42e-08 0.00142187
9.43e-08 -3.8147e-09
9.44e-08 -0.00334375
9.45e-08 -0.00489063
9.46e-08 -0.00185938
9.47e-08 0.00396875
9.48e-08 0.008
9.49e-08 0.00671875
9.5e-08 0.00225
9.51e-08 -0.001375
9.52e-08 -0.00160938
9.53e-08 -3.8147e-09
9.54e-08 0.000671871
9.55e-08 0.000312496
9.56e-08 -9.37538e-05
9.57e-08 -1.56288e-05
9.58e-08 -3.8147e-09
9.59e-08 -0.000562504
9.6e-08 -0.000531254
9.61e-08 0.000921871
9.62e-08 0.00298437
9.63e-08 0.004
9.64e-08 0.00298437
9.65e-08 0.000937496
9.66e-08 -0.000593754
9.67e-08 -0.000687504
9.68e-08 -3.8147e-09
9.69e-08 0.000328121
9.7e-08 0.000171871
9.71e-08 -0.000109379
9.72e-08 -0.000140629
9.73e-08 -3.8147e-09
9.74e-08 4.68712e-05
9.75e-08 1.56212e-05
9.76e-08 1.56212e-05
9.77e-08 6.24962e-05
9.78e-08 -3.8147e-09
9.79e-08 -0.000203129
9.8e-08 -0.000156254
9.81e-08 0.000249996
9.82e-08 0.000468746
9.83e-08 -3.8147e-09
9.84e-08 -0.000937504
9.85e-08 -0.000765629
9.86e-08 0.00123437
9.87e-08 0.00357812
9.88e-08 0.004
9.89e-08 0.00129687
9.9e-08 -0.00257813
9.91e-08 -0.00464063
9.92e-08 -0.0033125
9.93e-08 -3.8147e-09
9.94e-08 0.00284375
9.95e-08 0.00410937
9.96e-08 0.00365625
9.97e-08 0.00204687
9.98e-08 -3.8147e-09
9.99e-08 -0.00154688
1e-07 -0.00117188
1.001e-07 0.001625
1.002e-07 0.00535937
1.003e-07 0.008
1.004e-07 0.00796875
1.005e-07 0.00565625
1.006e-07 0.00240625
1.007e-07 0.000249996
1.008e-07 -3.8147e-09
1.009e-07 0.00120312
1.01e-07 0.00310937
1.011e-07 0.00471875
1.012e-07 0.00504687
1.013e-07 0.004
1.014e-07 0.00210937
1.015e-07 0.000468746
1.016e-07 -0.000234379
1.017e-07 -0.000140629
1.018e-07 -3.8147e-09
1.019e-07 -0.000187504
1.02e-07 -0.000265629
1.021e-07 0.000531246
1.022e-07 0.0021875
1.023e-07 0.004
1.024e-07 0.004875
1.025e-07 0.00457812
1.026e-07 0.00334375
1.027e-07 0.00170312
1.028e-07 -3.8147e-09
1.029e-07 -0.0013125
1.03e-07 -0.000953129
1.031e-07 0.00134375
1.032e-07 0.0036875
1.033e-07 0.004
1.034e-07 0.00176562
1.035e-07 -3.12538e-05
1.036e-07 0.000937496
1.037e-07 0.00345312
1.038e-07 0.004
1.039e-07 0.000593746
1.04e-07 -0.00326563
1.041e-07 -0.00334375
1.042e-07 0.000453121
1.043e-07 0.004
1.044e-07 0.00354687
1.045e-07 0.00107812
1.046e-07 -0.000234379
1.047e-07 0.000234371
1.048e-07 -3.8147e-09
1.049e-07 -0.00260938
1.05e-07 -0.00446875
1.051e-07 -0.00226563
1.052e-07 0.00329687
1.053e-07 0.008
1.054e-07 0.00782812
1.055e-07 0.00314062
1.056e-07 -0.00279688
1.057e-07 -0.0055625
1.058e-07 -0.004
1.059e-07 6.24962e-05
1.06e-07 0.00339062
1.061e-07 0.00375
1.062e-07 0.00170312
1.063e-07 -3.8147e-09
1.064e-07 0.000749996
1.065e-07 0.00303125
1.066e-07 0.004375
1.067e-07 0.00309375
1.068e-07 -3.8147e-09
1.069e-07 -0.00279688
1.07e-07 -0.00410938
1.071e-07 -0.00364063
1.072e-07 -0.002
1.073e-07 -3.8147e-09
1.074e-07 0.00176562
1.075e-07 0.00334375
1.076e-07 0.004625
1.077e-07 0.00498437
1.078e-07 0.004
1.079e-07 0.00182812
1.08e-07 0.000156246
1.081e-07 0.000390621
1.082e-07 0.00228125
1.083e-07 0.004
1.084e-07 0.00370312
1.085e-07 0.0015
1.086e-07 -0.00142188
1.087e-07 -0.00342188
1.088e-07 -0.004
1.089e-07 -0.00332813
1.09e-07 -0.001375
1.091e-07 0.00148437
1.092e-07 0.00365625
1.093e-07 0.004
1.094e-07 0.00239062
1.095e-07 0.000562496
1.096e-07 -0.000109379
1.097e-07 0.000218746
1.098e-07 -3.8147e-09
1.099e-07 -0.00167188
1.1e-07 -0.0035625
1.101e-07 -0.00389063
1.102e-07 -0.00223438
1.103e-07 -3.8147e-09
1.104e-07 0.00103125
1.105e-07 0.000562496
1.106e-07 -0.000531254
1.107e-07 -0.000890629
1.108e-07 -3.8147e-09
1.109e-07 0.0018125
1.11e-07 0.0035
1.111e-07 0.00414062
1.112e-07 0.0039375
1.113e-07 0.004
1.114e-07 0.00476562
1.115e-07 0.00470312
1.116e-07 0.00267187
1.117e-07 0.000218746
1.118e-07 -3.8147e-09
1.119e-07 0.00264062
1.12e-07 0.00442187
1.121e-07 0.00229687
1.122e-07 -0.00209375
1.123e-07 -0.004
1.124e-07 -0.000328129
1.125e-07 0.00575
1.126e-07 0.00884375
1.127e-07 0.00609375
1.128e-07 -3.8147e-09
1.129e-07 -0.00467188
1.13e-07 -0.00532813
1.131e-07 -0.0021875
1.132e-07 0.00179687
1.133e-07 0.004
1.134e-07 0.00342187
1.135e-07 0.00117187
1.136e-07 -0.000796879
1.137e-07 -0.00103125
1.138e-07 -3.8147e-09
1.139e-07 0.000843746
1.14e-07 0.000515621
1.141e-07 -0.000578129
1.142e-07 -0.0010625
1.143e-07 -3.8147e-09
1.144e-07 0.00226562
1.145e-07 0.00392187
1.146e-07 0.0034375
1.147e-07 0.00140625
1.148e-07 -3.8147e-09
1.149e-07 0.000796871
1.15e-07 0.0029375
1.151e-07 0.004625
1.152e-07 0.00473437
1.153e-07 0.004
1.154e-07 0.00354687
1.155e-07 0.00382812
1.156e-07 0.00407812
1.157e-07 0.00296875
1.158e-07 -3.8147e-09
1.159e-07 -0.00364063
1.16e-07 -0.00489063
1.161e-07 -0.00215625
1.162e-07 0.00215625
1.163e-07 0.004
1.164e-07 0.00134375
1.165e-07 -0.00278125
1.166e-07 -0.004
1.167e-07 -0.000796879
1.168e-07 0.004
1.169e-07 0.006375
1.17e-07 0.00542187
1.171e-07 0.0025625
1.172e-07 0.000374996
1.173e-07 -3.8147e-09
1.174e-07 0.00109375
1.175e-07 0.00304687
1.176e-07 0.00473437
1.177e-07 0.00507812
1.178e-07 0.004
1.179e-07 0.002125
1.18e-07 0.000499996
1.181e-07 -0.000296879
1.182e-07 -0.000250004
1.183e-07 -3.8147e-09
1.184e-07 3.12462e-05
1.185e-07 -1.56288e-05
1.186e-07 0.000109371
1.187e-07 0.000234371
1.188e-07 -3.8147e-09
1.189e-07 -0.000625004
1.19e-07 -0.000562504
1.191e-07 0.000921871
1.192e-07 0.00296875
1.193e-07 0.004
1.194e-07 0.00303125
1.195e-07 0.000984371
1.196e-07 -0.000671879
1.197e-07 -0.000828129
1.198e-07 -3.8147e-09
1.199e-07 0.000578121
1.2e-07 0.000343746
1.201e-07 -0.000406254
1.202e-07 -0.000765629
1.203e-07 -3.8147e-09
1.204e-07 0.00178125
1.205e-07 0.00357812
1.206e-07 0.00398437
1.207e-07 0.00251562
1.208e-07 -3.8147e-09
1.209e-07 -0.00225
1.21e-07 -0.00373438
1.211e-07 -0.00414063
1.212e-07 -0.00292188
1.213e-07 -3.8147e-09
1.214e-07 0.00357812
1.215e-07 0.00482812
1.216e-07 0.00225
1.217e-07 -0.00195313
1.218e-07 -0.004
1.219e-07 -0.00175
1.22e-07 0.002375
1.221e-07 0.0046875
1.222e-07 0.00329687
1.223e-07 -3.8147e-09
1.224e-07 -0.00201563
1.225e-07 -0.00128125
1.226e-07 0.00140625
1.227e-07 0.00365625
1.228e-07 0.004
1.229e-07 0.0025
1.23e-07 0.000562496
1.231e-07 -0.000109379
1.232e-07 0.00135937
1.233e-07 0.004
1.234e-07 0.00576562
1.235e-07 0.0051875
1.236e-07 0.00248437
1.237e-07 3.12462e-05
1.238e-07 -3.8147e-09
1.239e-07 0.00284375
1.24e-07 0.00664062
1.241e-07 0.00860937
1.242e-07 0.00729687
1.243e-07 0.004
1.244e-07 0.000999996
1.245e-07 -0.000234379
1.246e-07 0.000499996
1.247e-07 0.00228125
1.248e-07 0.004
1.249e-07 0.00484375
1.25e-07 0.00457812
1.251e-07 0.00329687
1.252e-07 0.00160937
1.253e-07 -3.8147e-09
1.254e-07 -0.00104688
1.255e-07 -0.000765629
1.256e-07 0.00107812
1.257e-07 0.00320312
1.258e-07 0.004
1.259e-07 0.00279687
1.26e-07 0.000828121
1.261e-07 -0.000453129
1.262e-07 -0.000453129
1.263e-07 -3.8147e-09
1.264e-07 6.24962e-05
1.265e-07 -9.37538e-05
1.266e-07 0.000265621
1.267e-07 0.00171875
1.268e-07 0.004
1.269e-07 0.00578125
1.27e-07 0.00525
1.271e-07 0.00220312
1.272e-07 -0.000546879
1.273e-07 -3.8147e-09
1.274e-07 0.00421875
1.275e-07 0.00782812
1.276e-07 0.00667187
1.277e-07 0.00121875
1.278e-07 -0.004
1.279e-07 -0.00479688
1.28e-07 -0.00190625
1.281e-07 0.001375
1.282e-07 0.00195312
1.283e-07 -3.8147e-09
1.284e-07 -0.00190625
1.285e-07 -0.00135938
1.286e-07 0.00184375
1.287e-07 0.00465625
1.288e-07 0.004
1.289e-07 -0.000375004
1.29e-07 -0.00395313
1.291e-07 -0.00248438
1.292e-07 0.00320312
1.293e-07 0.008
1.294e-07 0.00721875
1.295e-07 0.00253125
1.296e-07 -0.00164063
1.297e-07 -0.0021875
1.298e-07 -3.8147e-09
1.299e-07 0.0035
1.3e-07 0.00415625
1.301e-07 0.00490625
1.302e-07 0.0058125
1.303e-07 0.004
1.304e-07 0.00342187
1.305e-07 0.00104687
1.306e-07 -0.000296879
1.307e-07 0.00129687
1.308e-07 0.008
1.309e-07 0.0293437
1.31e-07 0.0778594
1.311e-07 0.15925
1.312e-07 0.25225
1.313e-07 0.336
1.314e-07 0.382844
1.315e-07 0.391203
1.316e-07 0.363203
1.317e-07 0.3195
1.318e-07 0.28
1.319e-07 0.243344
1.32e-07 0.214281
1.321e-07 0.183547
1.322e-07 0.152078
1.323e-07 0.124
1.324e-07 0.0991875
1.325e-07 0.0783906
1.326e-07 0.0569375
1.327e-07 0.0345312
1.328e-07 0.012
1.329e-07 -0.00403125
1.33e-07 -0.0156875
1.331e-07 -0.02325
1.332e-07 -0.0285781
1.333e-07 -0.036
1.334e-07 -0.0435625
1.335e-07 -0.0518906
1.336e-07 -0.0593594
1.337e-07 -0.0652344
1.338e-07 -0.072
1.339e-07 -0.0791406
1.34e-07 -0.0855313
1.341e-07 -0.0895938
1.342e-07 -0.0919219
1.343e-07 -0.096
1.344e-07 -0.103219
1.345e-07 -0.111906
1.346e-07 -0.119156
1.347e-07 -0.123625
1.348e-07 -0.128
1.349e-07 -0.133516
1.35e-07 -0.140547
1.351e-07 -0.146688
1.352e-07 -0.150047
1.353e-07 -0.152
1.354e-07 -0.15225
1.355e-07 -0.152375
1.356e-07 -0.151078
1.357e-07 -0.148016
1.358e-07 -0.144
1.359e-07 -0.138344
1.36e-07 -0.13175
1.361e-07 -0.124047
1.362e-07 -0.117125
1.363e-07 -0.112
1.364e-07 -0.108141
1.365e-07 -0.10325
1.366e-07 -0.0961406
1.367e-07 -0.089875
1.368e-07 -0.088
1.369e-07 -0.0920625
1.37e-07 -0.098
1.371e-07 -0.100672
1.372e-07 -0.0978594
1.373e-07 -0.092
1.374e-07 -0.0866875
1.375e-07 -0.0824531
1.376e-07 -0.0770625
1.377e-07 -0.0694844
1.378e-07 -0.06
1.379e-07 -0.0508438
1.38e-07 -0.0450625
1.381e-07 -0.0438438
1.382e-07 -0.0459219
1.383e-07 -0.048
1.384e-07 -0.047125
1.385e-07 -0.0431094
1.386e-07 -0.0368438
1.387e-07 -0.0303594
1.388e-07 -0.024
1.389e-07 -0.0174375
1.39e-07 -0.0110938
1.391e-07 -0.00504688
1.392e-07 -0.000187504
1.393e-07 0.004
1.394e-07 0.00828125
1.395e-07 0.0130937
1.396e-07 0.0191094
1.397e-07 0.0255469
1.398e-07 0.032
1.399e-07 0.0375469
1.4e-07 0.0419687
1.401e-07 0.0458906
1.402e-07 0.050125
1.403e-07 0.056
1.404e-07 0.06275
1.405e-07 0.06925
1.406e-07 0.0741094
1.407e-07 0.0770156
1.408e-07 0.08
1.409e-07 0.08375
1.41e-07 0.0891563
1.411e-07 0.0944375
1.412e-07 0.0968594
1.413e-07 0.096
1.414e-07 0.0919219
1.415e-07 0.088625
1.416e-07 0.0879844
1.417e-07 0.0897969
1.418e-07 0.092
1.419e-07 0.0915
1.42e-07 0.0893594
1.421e-07 0.08675
1.422e-07 0.0850625
1.423e-07 0.084
1.424e-07 0.0811094
1.425e-07 0.0757344
1.426e-07 0.0677969
1.427e-07 0.060375
1.428e-07 0.056
1.429e-07 0.0550625
1.43e-07 0.0559687
1.431e-07 0.0552812
1.432e-07 0.051125
1.433e-07 0.044
1.434e-07 0.03575
1.435e-07 0.0278125
1.436e-07 0.020375
1.437e-07 0.0139844
1.438e-07 0.008
1.439e-07 0.00303125
1.44e-07 0.000328121
1.441e-07 0.000296871
1.442e-07 0.00117187
1.443e-07 -3.8147e-09
1.444e-07 -0.00426563
1.445e-07 -0.00959375
1.446e-07 -0.0135781
1.447e-07 -0.0160625
1.448e-07 -0.02
1.449e-07 -0.0266406
1.45e-07 -0.0335313
1.451e-07 -0.0372969
1.452e-07 -0.0370625
1.453e-07 -0.036
1.454e-07 -0.0367813
1.455e-07 -0.0389688
1.456e-07 -0.0404531
1.457e-07 -0.0403125
1.458e-07 -0.04
1.459e-07 -0.0408438
1.46e-07 -0.0428281
1.461e-07 -0.0449531
1.462e-07 -0.0464844
1.463e-07 -0.048
1.464e-07 -0.0498125
1.465e-07 -0.0514688
1.466e-07 -0.0522656
1.467e-07 -0.0521719
1.468e-07 -0.052
1.469e-07 -0.052
1.47e-07 -0.0520625
1.471e-07 -0.0517344
1.472e-07 -0.0514063
1.473e-07 -0.052
1.474e-07 -0.0535156
1.475e-07 -0.0554375
1.476e-07 -0.0560625
1.477e-07 -0.0546563
1.478e-07 -0.052
1.479e-07 -0.04875
1.48e-07 -0.0455313
1.481e-07 -0.0424063
1.482e-07 -0.0403906
1.483e-07 -0.04
1.484e-07 -0.0401406
1.485e-07 -0.0383594
1.486e-07 -0.0327031
1.487e-07 -0.0253906
1.488e-07 -0.02
1.489e-07 -0.0187656
1.49e-07 -0.01975
1.491e-07 -0.0194688
1.492e-07 -0.0164219
1.493e-07 -0.012
1.494e-07 -0.00846875
1.495e-07 -0.0055625
1.496e-07 -0.00214063
1.497e-07 0.001375
1.498e-07 0.004
1.499e-07 0.00498437
1.5e-07 0.00642187
1.501e-07 0.0102656
1.502e-07 0.0155312
1.503e-07 0.02
1.504e-07 0.0218437
1.505e-07 0.0230156
1.506e-07 0.0255469
1.507e-07 0.0291562
1.508e-07 0.032
1.509e-07 0.0321719
1.51e-07 0.0316875
1.511e-07 0.0329844
1.512e-07 0.0363594
1.513e-07 0.04
1.514e-07 0.04125
1.515e-07 0.0406406
1.516e-07 0.0394844
1.517e-07 0.0391875
1.518e-07 0.04
1.519e-07 0.0410781
1.52e-07 0.0428594
1.521e-07 0.0451719
1.522e-07 0.0471094
1.523e-07 0.048
1.524e-07 0.047
1.525e-07 0.0450937
1.526e-07 0.043
1.527e-07 0.041375
1.528e-07 0.04
1.529e-07 0.0381875
1.53e-07 0.0366562
1.531e-07 0.0354219
1.532e-07 0.0340781
1.533e-07 0.032
1.534e-07 0.0291875
1.535e-07 0.0277656
1.536e-07 0.0288437
1.537e-07 0.0311719
1.538e-07 0.032
1.539e-07 0.0290781
1.54e-07 0.0233125
1.541e-07 0.0170156
1.542e-07 0.0131562
1.543e-07 0.012
1.544e-07 0.0122187
1.545e-07 0.0124219
1.546e-07 0.0112187
1.547e-07 0.00828125
1.548e-07 0.004
1.549e-07 -0.000312504
1.55e-07 -0.00328125
1.551e-07 -0.00434375
1.552e-07 -0.00409375
1.553e-07 -0.004
1.554e-07 -0.00490625
1.555e-07 -0.0068125
1.556e-07 -0.00914063
1.557e-07 -0.0109063
1.558e-07 -0.012
1.559e-07 -0.013
1.56e-07 -0.0147031
1.561e-07 -0.0175156
1.562e-07 -0.0208281
1.563e-07 -0.024
1.564e-07 -0.0261719
1.565e-07 -0.0274844
1.566e-07 -0.0285469
1.567e-07 -0.0299531
1.568e-07 -0.032
1.569e-07 -0.0339531
1.57e-07 -0.0356094
1.571e-07 -0.0360938
1.572e-07 -0.0347813
1.573e-07 -0.032
1.574e-07 -0.0287656
1.575e-07 -0.0274531
1.576e-07 -0.0291875
1.577e-07 -0.0328125
1.578e-07 -0.036
1.579e-07 -0.0364531
1.58e-07 -0.0339688
1.581e-07 -0.03
1.582e-07 -0.0275
1.583e-07 -0.028
1.584e-07 -0.0305156
1.585e-07 -0.03225
1.586e-07 -0.0308438
1.587e-07 -0.0271094
1.588e-07 -0.024
1.589e-07 -0.0234688
1.59e-07 -0.0241094
1.591e-07 -0.023125
1.592e-07 -0.0198281
1.593e-07 -0.016
1.594e-07 -0.0137031
1.595e-07 -0.0125469
1.596e-07 -0.011125
1.597e-07 -0.00929688
1.598e-07 -0.008
1.599e-07 -0.008125
1.6e-07 -0.00840625
1.601e-07 -0.00707813
1.602e-07 -0.00392188
1.603e-07 -3.8147e-09
1.604e-07 0.00334375
1.605e-07 0.00646875
1.606e-07 0.00960937
1.607e-07 0.0117656
1.608e-07 0.012
1.609e-07 0.0100625
1.61e-07 0.00814062
1.611e-07 0.00859375
1.612e-07 0.0118125
1.613e-07 0.016
1.614e-07 0.0187812
1.615e-07 0.0199062
1.616e-07 0.0200625
1.617e-07 0.0199687
1.618e-07 0.02
1.619e-07 0.0203281
1.62e-07 0.02225
1.621e-07 0.026125
1.622e-07 0.0300469
1.623e-07 0.032
1.624e-07 0.0307187
1.625e-07 0.0286094
1.626e-07 0.0280156
1.627e-07 0.0296562
1.628e-07 0.032
1.629e-07 0.0327344
1.63e-07 0.0324219
1.631e-07 0.0317187
1.632e-07 0.0305469
1.633e-07 0.028
1.634e-07 0.0236875
1.635e-07 0.0204687
1.636e-07 0.0204375
1.637e-07 0.0226719
1.638e-07 0.024
1.639e-07 0.0224062
1.64e-07 0.0203437
1.641e-07 0.0205937
1.642e-07 0.0228594
1.643e-07 0.024
1.644e-07 0.0213594
1.645e-07 0.0174687
1.646e-07 0.0154531
1.647e-07 0.0158594
1.648e-07 0.016
1.649e-07 0.0136875
1.65e-07 0.0119062
1.651e-07 0.0131562
1.652e-07 0.0159531
1.653e-07 0.016
1.654e-07 0.0104531
1.655e-07 0.00298437
1.656e-07 -0.00160938
1.657e-07 -0.0015
1.658e-07 -3.8147e-09
1.659e-07 -0.000703129
1.66e-07 -0.0029375
1.661e-07 -0.00446875
1.662e-07 -0.00429688
1.663e-07 -0.004
1.664e-07 -0.00520313
1.665e-07 -0.00717188
1.666e-07 -0.0084375
1.667e-07 -0.008375
1.668e-07 -0.008
1.669e-07 -0.008625
1.67e-07 -0.010625
1.671e-07 -0.0134063
1.672e-07 -0.0154375
1.673e-07 -0.016
1.674e-07 -0.0153594
1.675e-07 -0.0152969
1.676e-07 -0.0172188
1.677e-07 -0.0206406
1.678e-07 -0.024
1.679e-07 -0.0253594
1.68e-07 -0.0248281
1.681e-07 -0.0231719
1.682e-07 -0.0214688
1.683e-07 -0.02
1.684e-07 -0.0183125
1.685e-07 -0.0166719
1.686e-07 -0.0154375
1.687e-07 -0.0151875
1.688e-07 -0.016
1.689e-07 -0.0175625
1.69e-07 -0.0192969
1.691e-07 -0.0205313
1.692e-07 -0.0207188
1.693e-07 -0.02
1.694e-07 -0.018625
1.695e-07 -0.0169375
1.696e-07 -0.0150625
1.697e-07 -0.0133594
1.698e-07 -0.012
1.699e-07 -0.0112813
1.7e-07 -0.0115625
1.701e-07 -0.0125313
1.702e-07 -0.0130469
1.703e-07 -0.012
1.704e-07 -0.00910938
1.705e-07 -0.00551563
1.706e-07 -0.00292188
1.707e-07 -0.00257813
1.708e-07 -0.004
1.709e-07 -0.00601563
1.71e-07 -0.00767188
1.711e-07 -0.00803125
1.712e-07 -0.00667188
1.713e-07 -0.004
1.714e-07 -0.000718754
1.715e-07 0.00260937
1.716e-07 0.0051875
1.717e-07 0.00570312
1.718e-07 0.004
1.719e-07 0.00140625
1.72e-07 0.00190625
1.721e-07 0.00726562
1.722e-07 0.01375
1.723e-07 0.016
1.724e-07 0.0115312
1.725e-07 0.005625
1.726e-07 0.00414062
1.727e-07 0.00790625
1.728e-07 0.012
1.729e-07 0.0114844
1.73e-07 0.00878125
1.731e-07 0.00846875
1.732e-07 0.0119062
1.733e-07 0.016
1.734e-07 0.0169687
1.735e-07 0.0163125
1.736e-07 0.0163437
1.737e-07 0.0170312
1.738e-07 0.016
1.739e-07 0.0118437
1.74e-07 0.00834375
1.741e-07 0.00895312
1.742e-07 0.0129062
1.743e-07 0.016
1.744e-07 0.0150469
1.745e-07 0.0126875
1.746e-07 0.0122969
1.747e-07 0.0143906
1.748e-07 0.016
1.749e-07 0.014125
1.75e-07 0.0099375
1.751e-07 0.00671875
1.752e-07 0.00753125
1.753e-07 0.012
1.754e-07 0.0167969
1.755e-07 0.0177031
1.756e-07 0.0130781
1.757e-07 0.00675
1.758e-07 0.004
1.759e-07 0.007
1.76e-07 0.0112187
1.761e-07 0.0110312
1.762e-07 0.00571875
1.763e-07 -3.8147e-09
1.764e-07 -0.00104688
1.765e-07 0.00198437
1.766e-07 0.00532812
1.767e-07 0.00582812
1.768e-07 0.004
1.769e-07 0.00204687
1.77e-07 0.000593746
1.771e-07 -0.000640629
1.772e-07 -0.00209375
1.773e-07 -0.004
1.774e-07 -0.00607813
1.775e-07 -0.007625
1.776e-07 -0.00807813
1.777e-07 -0.00782813
1.778e-07 -0.008
1.779e-07 -0.00884375
1.78e-07 -0.00875
1.781e-07 -0.00667188
1.782e-07 -0.00420313
1.783e-07 -0.004
1.784e-07 -0.0070625
1.785e-07 -0.0108594
1.786e-07 -0.0121719
1.787e-07 -0.0103281
1.788e-07 -0.008
1.789e-07 -0.0080625
1.79e-07 -0.0104844
1.791e-07 -0.0131875
1.792e-07 -0.0137969
1.793e-07 -0.012
1.794e-07 -0.00879688
1.795e-07 -0.005375
1.796e-07 -0.0029375
1.797e-07 -0.00254688
1.798e-07 -0.004
1.799e-07 -0.00626563
1.8e-07 -0.00785938
1.801e-07 -0.00778125
1.802e-07 -0.00615625
1.803e-07 -0.004
1.804e-07 -0.0026875
1.805e-07 -0.00310938
1.806e-07 -0.00514063
1.807e-07 -0.00725
1.808e-07 -0.008
1.809e-07 -0.00692188
1.81e-07 -0.0049375
1.811e-07 -0.0033125
1.812e-07 -0.00307813
1.813e-07 -0.004
1.814e-07 -0.00492188
1.815e-07 -0.00470313
1.816e-07 -0.00301563
1.817e-07 -0.00101563
1.818e-07 -3.8147e-09
1.819e-07 -0.000312504
1.82e-07 -0.000437504
1.821e-07 0.000937496
1.822e-07 0.00304687
1.823e-07 0.004
1.824e-07 0.00248437
1.825e-07 0.000453121
1.826e-07 0.000234371
1.827e-07 0.0020625
1.828e-07 0.004
1.829e-07 0.00423437
1.83e-07 0.003875
1.831e-07 0.004625
1.832e-07 0.00651562
1.833e-07 0.008
1.834e-07 0.00740625
1.835e-07 0.00521875
1.836e-07 0.00303125
1.837e-07 0.00259375
1.838e-07 0.004
1.839e-07 0.00623437
1.84e-07 0.00775
1.841e-07 0.00784375
1.842e-07 0.00739062
1.843e-07 0.008
1.844e-07 0.0101094
1.845e-07 0.0118594
1.846e-07 0.0114062
1.847e-07 0.0093125
1.848e-07 0.008
1.849e-07 0.009
1.85e-07 0.0111875
1.851e-07 0.0121875
1.852e-07 0.01075
1.853e-07 0.008
1.854e-07 0.00609375
1.855e-07 0.0068125
1.856e-07 0.00942187
1.857e-07 0.0106719
1.858e-07 0.008
1.859e-07 0.00179687
1.86e-07 -0.00332813
1.861e-07 -0.00310938
1.862e-07 0.00221875
1.863e-07 0.008
1.864e-07 0.0094375
1.865e-07 0.00642187
1.866e-07 0.00190625
1.867e-07 -0.000453129
1.868e-07 -3.8147e-09
1.869e-07 0.00178125
1.87e-07 0.0035625
1.871e-07 0.00410937
1.872e-07 0.00279687
1.873e-07 -3.8147e-09
1.874e-07 -0.00295313
1.875e-07 -0.00425
1.876e-07 -0.00329688
1.877e-07 -0.00126563
1.878e-07 -3.8147e-09
1.879e-07 -0.000578129
1.88e-07 -0.00275
1.881e-07 -0.00503125
1.882e-07 -0.0055625
1.883e-07 -0.004
1.884e-07 -0.00140625
1.885e-07 9.37462e-05
1.886e-07 -0.000703129
1.887e-07 -0.00279688
1.888e-07 -0.004
1.889e-07 -0.00295313
1.89e-07 -0.000875004
1.891e-07 0.000359371
1.892e-07 0.000234371
1.893e-07 -3.8147e-09
1.894e-07 0.000593746
1.895e-07 0.000671871
1.896e-07 -0.00132813
1.897e-07 -0.00492188
1.898e-07 -0.008
1.899e-07 -0.00839063
1.9e-07 -0.00592188
1.901e-07 -0.00214063
1.902e-07 0.000203121
1.903e-07 -3.8147e-09
1.904e-07 -0.002125
1.905e-07 -0.003875
1.906e-07 -0.00346875
1.907e-07 -0.0014375
1.908e-07 -3.8147e-09
1.909e-07 -0.000890629
1.91e-07 -0.00303125
1.911e-07 -0.00448438
1.912e-07 -0.0044375
1.913e-07 -0.004
1.914e-07 -0.004375
1.915e-07 -0.00445313
1.916e-07 -0.00307813
1.917e-07 -0.000984379
1.918e-07 -3.8147e-09
1.919e-07 -0.00126563
1.92e-07 -0.00334375
1.921e-07 -0.00410938
1.922e-07 -0.00260938
1.923e-07 -3.8147e-09
1.924e-07 0.00171875
1.925e-07 0.00114062
1.926e-07 -0.00146875
1.927e-07 -0.00384375
1.928e-07 -0.004
1.929e-07 -0.00179688
1.93e-07 -1.56288e-05
1.931e-07 -0.000875004
1.932e-07 -0.00328125
1.933e-07 -0.004
1.934e-07 -0.00103125
1.935e-07 0.00284375
1.936e-07 0.00403125
1.937e-07 0.00203125
1.938e-07 -3.8147e-09
1.939e-07 0.000828121
1.94e-07 0.00314062
1.941e-07 0.00409375
1.942e-07 0.00248437
1.943e-07 -3.8147e-09
1.944e-07 -0.001125
1.945e-07 -0.000593754
1.946e-07 0.000437496
1.947e-07 0.000687496
1.948e-07 -3.8147e-09
1.949e-07 -0.000734379
1.95e-07 -0.000578129
1.951e-07 0.000843746
1.952e-07 0.00278125
1.953e-07 0.004
1.954e-07 0.00351562
1.955e-07 0.00132812
1.956e-07 -0.00125
1.957e-07 -0.00201563
1.958e-07 -3.8147e-09
1.959e-07 0.003875
1.96e-07 0.00721875
1.961e-07 0.00804687
1.962e-07 0.00632812
1.963e-07 0.004
1.964e-07 0.00292187
1.965e-07 0.00348437
1.966e-07 0.004375
1.967e-07 0.00346875
1.968e-07 -3.8147e-09
1.969e-07 -0.00435938
1.97e-07 -0.00546875
1.971e-07 -0.00129688
1.972e-07 0.00492187
1.973e-07 0.008
1.974e-07 0.00528125
1.975e-07 0.00104687
1.976e-07 0.000531246
1.977e-07 0.00435937
1.978e-07 0.008
1.979e-07 0.00671875
1.98e-07 0.00226562
1.981e-07 -0.001375
1.982e-07 -0.00160938
1.983e-07 -3.8147e-09
1.984e-07 0.000562496
1.985e-07 0.000234371
1.986e-07 3.12462e-05
1.987e-07 0.000218746
1.988e-07 -3.8147e-09
1.989e-07 -0.0013125
1.99e-07 -0.0031875
1.991e-07 -0.0045625
1.992e-07 -0.00470313
1.993e-07 -0.004
1.994e-07 -0.00334375
1.995e-07 -0.00357813
1.996e-07 -0.00454688
1.997e-07 -0.0050625
1.998e-07 -0.004
1.999e-07 -0.00104688
2e-07 0.00260937
2.001e-07 0.00489062
2.002e-07 0.00395312
2.003e-07 -3.8147e-09
2.004e-07 -0.00498438
2.005e-07 -0.00796875
2.006e-07 -0.00717188
2.007e-07 -0.00357813
2.008e-07 -3.8147e-09
2.009e-07 0.00125
2.01e-07 0.000593746
2.011e-07 -0.000343754
2.012e-07 -0.000421879
2.013e-07 -3.8147e-09
2.014e-07 -7.81288e-05
2.015e-07 -0.000125004
2.016e-07 0.000328121
2.017e-07 0.000734371
2.018e-07 -3.8147e-09
2.019e-07 -0.00215625
2.02e-07 -0.003875
2.021e-07 -0.0035
2.022e-07 -0.0015
2.023e-07 -3.8147e-09
2.024e-07 -0.000750004
2.025e-07 -0.00292188
2.026e-07 -0.00465625
2.027e-07 -0.00479688
2.028e-07 -0.004
2.029e-07 -0.003125
2.03e-07 -0.00134375
2.031e-07 0.00171875
2.032e-07 0.00425
2.033e-07 0.004
2.034e-07 0.000421871
2.035e-07 -0.0031875
2.036e-07 -0.00378125
2.037e-07 -0.00164063
2.038e-07 -3.8147e-09
2.039e-07 -0.001375
2.04e-07 -0.00360938
2.041e-07 -0.00339063
2.042e-07 -1.56288e-05
2.043e-07 0.004
2.044e-07 0.00554687
2.045e-07 0.00485937
2.046e-07 0.00334375
2.047e-07 0.001875
2.048e-07 -3.8147e-09
2.049e-07 -0.0026875
2.05e-07 -0.00426563
2.051e-07 -0.00298438
2.052e-07 0.000562496
2.053e-07 0.004
2.054e-07 0.0051875
2.055e-07 0.00465625
2.056e-07 0.00353125
2.057e-07 0.00220312
2.058e-07 -3.8147e-09
2.059e-07 -0.00309375
2.06e-07 -0.00454688
2.061e-07 -0.00254688
2.062e-07 0.0014375
2.063e-07 0.004
2.064e-07 0.00292187
2.065e-07 0.000640621
2.066e-07 0.000234371
2.067e-07 0.00220312
2.068e-07 0.004
2.069e-07 0.00320312
2.07e-07 0.000999996
2.071e-07 -0.000437504
2.072e-07 -0.000265629
2.073e-07 -3.8147e-09
2.074e-07 -0.00128125
2.075e-07 -0.0033125
2.076e-07 -0.00421875
2.077e-07 -0.00289063
2.078e-07 -3.8147e-09
2.079e-07 0.00279687
2.08e-07 0.004125
2.081e-07 0.00348437
2.082e-07 0.00167187
2.083e-07 -3.8147e-09
2.084e-07 -0.000562504
2.085e-07 -0.000265629
2.086e-07 7.81212e-05
2.087e-07 3.12462e-05
2.088e-07 -3.8147e-09
2.089e-07 0.000296871
2.09e-07 0.000249996
2.091e-07 -0.000515629
2.092e-07 -0.00104688
2.093e-07 -3.8147e-09
2.094e-07 0.00265625
2.095e-07 0.00429687
2.096e-07 0.00278125
2.097e-07 -0.00101563
2.098e-07 -0.004
2.099e-07 -0.00370313
2.1e-07 -0.00128125
2.101e-07 0.000718746
2.102e-07 0.000828121
2.103e-07 -3.8147e-09
2.104e-07 -0.000125004
2.105e-07 1.56212e-05
2.106e-07 -0.000312504
2.107e-07 -0.000718754
2.108e-07 -3.8147e-09
2.109e-07 0.00221875
2.11e-07 0.00392187
2.111e-07 0.00334375
2.112e-07 0.00121875
2.113e-07 -3.8147e-09
2.114e-07 0.00121875
2.115e-07 0.00334375
2.116e-07 0.00392187
2.117e-07 0.00223437
2.118e-07 -3.8147e-09
2.119e-07 -0.000781254
2.12e-07 -0.000359379
2.121e-07 0.000124996
2.122e-07 7.81212e-05
2.123e-07 -3.8147e-09
2.124e-07 0.000374996
2.125e-07 0.000390621
2.126e-07 -0.000734379
2.127e-07 -0.00260938
2.128e-07 -0.004
2.129e-07 -0.00371875
2.13e-07 -0.00157813
2.131e-07 0.001625
2.132e-07 0.00385937
2.133e-07 0.004
2.134e-07 0.0021875
2.135e-07 0.000421871
2.136e-07 6.24962e-05
2.137e-07 0.000546871
2.138e-07 -3.8147e-09
2.139e-07 -0.00245313
2.14e-07 -0.00421875
2.141e-07 -0.0028125
2.142e-07 0.000999996
2.143e-07 0.004
2.144e-07 0.0034375
2.145e-07 0.0010625
2.146e-07 -0.000359379
2.147e-07 -7.81288e-05
2.148e-07 -3.8147e-09
2.149e-07 -0.001875
2.15e-07 -0.00376563
2.151e-07 -0.00340625
2.152e-07 -0.00121875
2.153e-07 -3.8147e-09
2.154e-07 -0.001625
2.155e-07 -0.00367188
2.156e-07 -0.00342188
2.157e-07 -0.00121875
2.158e-07 -3.8147e-09
2.159e-07 -0.00176563
2.16e-07 -0.00385938
2.161e-07 -0.0030625
2.162e-07 0.000624996
2.163e-07 0.004
2.164e-07 0.00389062
2.165e-07 0.00139062
2.166e-07 -0.000859379
2.167e-07 -0.00104688
2.168e-07 -3.8147e-09
2.169e-07 0.000484371
2.17e-07 0.000249996
2.171e-07 -0.000156254
2.172e-07 -0.000203129
2.173e-07 -3.8147e-09
2.174e-07 6.24962e-05
2.175e-07 1.56212e-05
2.176e-07 1.56212e-05
2.177e-07 4.68712e-05
2.178e-07 -3.8147e-09
2.179e-07 -0.000140629
2.18e-07 -0.000109379
2.181e-07 0.000171871
2.182e-07 0.000328121
2.183e-07 -3.8147e-09
2.184e-07 -0.000687504
2.185e-07 -0.000593754
2.186e-07 0.000937496
2.187e-07 0.00298437
2.188e-07 0.004
2.189e-07 0.00292187
2.19e-07 0.000890621
2.191e-07 -0.000515629
2.192e-07 -0.000531254
2.193e-07 -3.8147e-09
2.194e-07 7.81212e-05
2.195e-07 -1.56288e-05
2.196e-07 0.000187496
2.197e-07 0.000453121
2.198e-07 -3.8147e-09
2.199e-07 -0.001625
2.2e-07 -0.00348438
2.201e-07 -0.00409375
2.202e-07 -0.0026875
2.203e-07 -3.8147e-09
2.204e-07 0.00259375
2.205e-07 0.004
2.206e-07 0.00367187
2.207e-07 0.002
2.208e-07 -3.8147e-09
2.209e-07 -0.00123438
2.21e-07 -0.000843754
2.211e-07 0.00104687
2.212e-07 0.00307812
2.213e-07 0.004
2.214e-07 0.0031875
2.215e-07 0.001125
2.216e-07 -0.001
2.217e-07 -0.00154688
2.218e-07 -3.8147e-09
2.219e-07 0.002625
2.22e-07 0.004125
2.221e-07 0.00323437
2.222e-07 0.00107812
2.223e-07 -3.8147e-09
2.224e-07 0.00128125
2.225e-07 0.003375
2.226e-07 0.00392187
2.227e-07 0.00223437
2.228e-07 -3.8147e-09
2.229e-07 -0.000781254
2.23e-07 -0.000359379
2.231e-07 9.37462e-05
2.232e-07 3.12462e-05
2.233e-07 -3.8147e-09
2.234e-07 0.000515621
2.235e-07 0.000499996
2.236e-07 -0.000906254
2.237e-07 -0.0029375
2.238e-07 -0.004
2.239e-07 -0.00304688
2.24e-07 -0.001
2.241e-07 0.000671871
2.242e-07 0.000874996
2.243e-07 -3.8147e-09
2.244e-07 -0.000796879
2.245e-07 -0.000515629
2.246e-07 0.000624996
2.247e-07 0.00115625
2.248e-07 -3.8147e-09
2.249e-07 -0.00259375
