0	-0.224247
1.25	-0.220222
2.5	-0.208245
3.75	-0.188642
5	-0.162072
6.25	-0.129657
7.5	-0.0930695
8.75	-0.0545173
10	-0.0165453
11.25	0.0183184
12.5	0.0479841
13.75	0.0711302
15	0.0873297
16.25	0.0969514
17.5	0.100917
18.75	0.100421
20	0.0967001
21.25	0.0908845
22.5	0.0839241
23.75	0.0765729
25	0.0694039
26.25	0.0628357
27.5	0.0571631
28.75	0.0525825
30	0.0492114
31.25	0.0471034
32.5	0.046255
33.75	0.0466147
35	0.0480851
36.25	0.0505307
37.5	0.053785
38.75	0.0576622
40	0.0619706
41.25	0.0665283
42.5	0.0711774
43.75	0.0757976
45	0.0803134
46.25	0.0846974
47.5	0.0889675
48.75	0.0931805
50	0.0974227
51.25	0.101797
52.5	0.10641
53.75	0.111362
55	0.116733
56.25	0.122572
57.5	0.128889
58.75	0.135647
60	0.14276
61.25	0.150095
62.5	0.157473
63.75	0.164684
65	0.1715
66.25	0.177696
67.5	0.183068
68.75	0.187451
70	0.190734
71.25	0.192872
72.5	0.193883
73.75	0.193852
75	0.19292
76.25	0.191275
77.5	0.189138
78.75	0.186755
80	0.184381
81.25	0.18227
82.5	0.180665
83.75	0.179784
85	0.179815
86.25	0.180902
87.5	0.18314
88.75	0.186572
90	0.19118
91.25	0.196895
92.5	0.203598
93.75	0.211132
95	0.219319
96.25	0.22797
97.5	0.236902
98.75	0.245948
100	0.254967
101.25	0.263845
102.5	0.272496
103.75	0.280857
105	0.288883
106.25	0.296539
107.5	0.303795
108.75	0.310618
110	0.316971
111.25	0.32281
112.5	0.328086
113.75	0.332749
115	0.336753
116.25	0.340064
117.5	0.342669
118.75	0.344577
120	0.345833
121.25	0.346511
122.5	0.346722
123.75	0.346603
125	0.346315
126.25	0.346029
127.5	0.345917
128.75	0.346142
130	0.346834
131.25	0.348087
132.5	0.349938
133.75	0.352359
135	0.355243
136.25	0.358401
137.5	0.361564
138.75	0.364387
140	0.366466
141.25	0.367363
142.5	0.366638
143.75	0.36388
145	0.358742
146.25	0.350976
147.5	0.340446
148.75	0.327149
150	0.311212
151.25	0.292892
152.5	0.272559
153.75	0.250687
155	0.22784
156.25	0.204657
157.5	0.181843
158.75	0.160154
160	0.140387
161.25	0.123356
162.5	0.109867
163.75	0.100684
165	0.0964767
166.25	0.097775
167.5	0.104908
168.75	0.117956
170	0.136715
171.25	0.160689
172.5	0.189104
173.75	0.220963
175	0.255113
176.25	0.290339
177.5	0.325449
178.75	0.359351
180	0.391112
181.25	0.419995
182.5	0.445472
183.75	0.46722
185	0.485107
186.25	0.49917
187.5	0.509591
188.75	0.516672
190	0.520812
191.25	0.522484
192.5	0.522211
193.75	0.520547
195	0.518044
196.25	0.515235
197.5	0.512601
198.75	0.510554
200	0.509415
201.25	0.509403
202.5	0.510631
203.75	0.513107
205	0.516743
206.25	0.521369
207.5	0.526749
208.75	0.532599
210	0.538602
211.25	0.544432
212.5	0.549761
213.75	0.554284
215	0.557734
216.25	0.559895
217.5	0.56062
218.75	0.559847
220	0.557603
221.25	0.554012
222.5	0.549285
223.75	0.543711
225	0.537632
226.25	0.531419
227.5	0.525439
228.75	0.520029
230	0.515471
231.25	0.511973
232.5	0.50966
233.75	0.508572
235	0.508662
236.25	0.509808
237.5	0.511819
238.75	0.514457
240	0.517446
241.25	0.520494
242.5	0.523314
243.75	0.525642
245	0.527261
246.25	0.528021
247.5	0.527855
248.75	0.526787
250	0.524943
251.25	0.522543
252.5	0.519888
253.75	0.517342
255	0.515303
256.25	0.514172
257.5	0.514321
258.75	0.516056
260	0.519594
261.25	0.525031
262.5	0.532335
263.75	0.541337
265	0.551735
266.25	0.563116
267.5	0.574988
268.75	0.586813
270	0.598052
271.25	0.608212
272.5	0.616883
273.75	0.623764
275	0.628687
276.25	0.631621
277.5	0.632664
278.75	0.632035
280	0.630047
281.25	0.627088
282.5	0.623592
283.75	0.620014
285	0.616803
286.25	0.614376
287.5	0.613088
288.75	0.613214
290	0.614918
291.25	0.61824
292.5	0.623084
293.75	0.629221
295	0.636305
296.25	0.643901
297.5	0.651526
298.75	0.658701
300	0.664988
301.25	0.67004
302.5	0.673618
303.75	0.675608
305	0.676017
306.25	0.674968
307.5	0.672671
308.75	0.669413
310	0.66553
311.25	0.661387
312.5	0.657359
313.75	0.653814
315	0.651086
316.25	0.649458
317.5	0.649135
318.75	0.650223
320	0.652709
321.25	0.656456
322.5	0.661203
323.75	0.666591
325	0.672203
326.25	0.677612
327.5	0.682431
328.75	0.686353
330	0.689183
331.25	0.690842
332.5	0.691359
333.75	0.69086
335	0.689536
336.25	0.687625
337.5	0.685387
338.75	0.683087
340	0.680975
341.25	0.679277
342.5	0.67818
343.75	0.67782
345	0.67827
346.25	0.679536
347.5	0.681547
348.75	0.684158
350	0.687159
351.25	0.690293
352.5	0.693282
353.75	0.695852
355	0.697765
356.25	0.698842
357.5	0.698978
358.75	0.698149
360	0.696404
361.25	0.69386
362.5	0.690684
363.75	0.687078
365	0.683262
366.25	0.679463
367.5	0.675898
368.75	0.672764
370	0.670229
371.25	0.66842
372.5	0.667417
373.75	0.667246
375	0.667873
376.25	0.669213
377.5	0.67113
378.75	0.673453
380	0.675988
381.25	0.678541
382.5	0.680929
383.75	0.683
385	0.684635
386.25	0.685761
387.5	0.686343
388.75	0.686383
390	0.685913
391.25	0.684988
392.5	0.683677
393.75	0.682057
395	0.680207
396.25	0.678204
397.5	0.676121
398.75	0.674023
400	0.671966
401.25	0.670001
402.5	0.668167
403.75	0.666499
405	0.665026
406.25	0.663772
407.5	0.662755
408.75	0.661992
410	0.661494
411.25	0.661266
412.5	0.661308
413.75	0.661608
415	0.662147
416.25	0.662888
417.5	0.663784
418.75	0.66477
420	0.665771
421.25	0.666697
422.5	0.667453
423.75	0.667937
425	0.668048
426.25	0.667688
427.5	0.666768
428.75	0.66521
430	0.662949
431.25	0.659939
432.5	0.65615
433.75	0.651574
435	0.646224
436.25	0.640137
437.5	0.633377
438.75	0.626039
440	0.618251
441.25	0.610172
442.5	0.601996
443.75	0.593946
445	0.58626
446.25	0.579179
447.5	0.572924
448.75	0.567675
450	0.563551
451.25	0.560596
452.5	0.558776
453.75	0.557983
455	0.558053
456.25	0.558784
457.5	0.559959
458.75	0.561364
460	0.562798
461.25	0.564089
462.5	0.565091
463.75	0.565689
465	0.565801
466.25	0.565373
467.5	0.564383
468.75	0.562844
470	0.560802
471.25	0.558341
472.5	0.555584
473.75	0.552686
475	0.549831
476.25	0.547216
477.5	0.545039
478.75	0.543473
480	0.542658
481.25	0.542681
482.5	0.54357
483.75	0.5453
485	0.547788
486.25	0.55091
487.5	0.554508
488.75	0.558396
490	0.562372
491.25	0.566221
492.5	0.569723
493.75	0.572654
495	0.574797
496.25	0.575947
497.5	0.575922
498.75	0.574575
500	0.57181
501.25	0.567591
502.5	0.561961
503.75	0.555045
505	0.547053
506.25	0.53827
507.5	0.529044
508.75	0.519759
510	0.510807
511.25	0.50256
512.5	0.495342
513.75	0.489406
515	0.484922
516.25	0.481972
517.5	0.480546
518.75	0.480558
520	0.481849
521.25	0.484206
522.5	0.487375
523.75	0.491077
525	0.495023
526.25	0.498924
527.5	0.502509
528.75	0.505531
530	0.507778
531.25	0.509084
532.5	0.509337
533.75	0.50848
535	0.506522
536.25	0.503534
537.5	0.499653
538.75	0.495069
540	0.490019
541.25	0.484768
542.5	0.479591
543.75	0.474747
545	0.470459
546.25	0.466896
547.5	0.464159
548.75	0.462278
550	0.461219
551.25	0.460894
552.5	0.461175
553.75	0.461917
555	0.462968
556.25	0.464187
557.5	0.465449
558.75	0.466654
560	0.467724
561.25	0.468602
562.5	0.469245
563.75	0.469622
565	0.469701
566.25	0.469444
567.5	0.468805
568.75	0.467718
570	0.466103
571.25	0.463869
572.5	0.460914
573.75	0.457135
575	0.452441
576.25	0.446757
577.5	0.440037
578.75	0.432273
580	0.4235
581.25	0.413811
582.5	0.40336
583.75	0.392379
585	0.381184
586.25	0.370191
587.5	0.359911
588.75	0.35095
590	0.343974
591.25	0.339659
592.5	0.338608
593.75	0.341246
595	0.347721
596.25	0.357834
597.5	0.371031
598.75	0.386461
600	0.403102
601.25	0.419902
602.5	0.435912
603.75	0.450365
605	0.462716
606.25	0.472632
607.5	0.479956
608.75	0.484664
610	0.486829
611.25	0.486587
612.5	0.484121
613.75	0.479653
615	0.473452
616.25	0.465843
617.5	0.457225
618.75	0.448088
620	0.439022
621.25	0.430698
622.5	0.423832
623.75	0.419108
625	0.417077
626.25	0.418053
627.5	0.42204
628.75	0.428718
630	0.437495
631.25	0.447608
632.5	0.458251
633.75	0.468671
635	0.478238
636.25	0.486471
637.5	0.493037
638.75	0.497732
640	0.50046
641.25	0.501208
642.5	0.500043
643.75	0.497104
645	0.492602
646.25	0.486833
647.5	0.48017
648.75	0.473062
650	0.466005
651.25	0.459502
652.5	0.454009
653.75	0.449878
655	0.447314
656.25	0.446359
657.5	0.446899
658.75	0.448701
660	0.451455
661.25	0.454822
662.5	0.458469
663.75	0.462091
665	0.465422
666.25	0.468238
667.5	0.470356
668.75	0.471626
670	0.471934
671.25	0.471197
672.5	0.469369
673.75	0.46645
675	0.462488
676.25	0.457589
677.5	0.451909
678.75	0.445644
680	0.439006
681.25	0.432195
682.5	0.425371
683.75	0.418628
685	0.411991
686.25	0.405413
687.5	0.398789
688.75	0.391967
690	0.384766
691.25	0.376991
692.5	0.368443
693.75	0.358934
695	0.348298
696.25	0.336411
697.5	0.323206
698.75	0.308701
700	0.293025
701.25	0.276446
702.5	0.259383
703.75	0.242415
705	0.226253
706.25	0.211685
707.5	0.199504
708.75	0.190406
710	0.184902
711.25	0.183259
712.5	0.185475
713.75	0.191297
715	0.200275
716.25	0.211832
717.5	0.225327
718.75	0.240119
720	0.255605
721.25	0.271249
722.5	0.286595
723.75	0.301272
725	0.314996
726.25	0.327562
727.5	0.338841
728.75	0.34877
730	0.357347
731.25	0.364618
732.5	0.370664
733.75	0.375594
735	0.37953
736.25	0.382596
737.5	0.38491
738.75	0.386571
740	0.387655
741.25	0.38821
742.5	0.38825
743.75	0.387752
745	0.386664
746.25	0.384901
747.5	0.382357
748.75	0.378915
750	0.374457
751.25	0.368886
752.5	0.362135
753.75	0.354183
755	0.345061
756.25	0.33485
757.5	0.323678
758.75	0.311707
760	0.299117
761.25	0.286095
762.5	0.272827
763.75	0.259494
765	0.246274
766.25	0.233351
767.5	0.220923
768.75	0.209214
770	0.198482
771.25	0.189022
772.5	0.181168
773.75	0.175269
775	0.17168
776.25	0.170723
777.5	0.172658
778.75	0.177655
780	0.185768
781.25	0.196933
782.5	0.210961
783.75	0.22756
785	0.246353
786.25	0.266898
787.5	0.288704
788.75	0.311246
790	0.333973
791.25	0.356306
792.5	0.377641
793.75	0.397352
795	0.414793
796.25	0.429318
797.5	0.440299
798.75	0.447165
800	0.449444
801.25	0.446819
802.5	0.439186
803.75	0.426712
805	0.409873
806.25	0.389477
807.5	0.366658
808.75	0.342826
810	0.3196
811.25	0.298692
812.5	0.281789
813.75	0.270418
815	0.265818
816.25	0.268829
817.5	0.279814
818.75	0.298609
820	0.324531
821.25	0.356424
822.5	0.392759
823.75	0.431777
825	0.47165
826.25	0.510644
827.5	0.547265
828.75	0.580363
830	0.60918
831.25	0.633357
832.5	0.652894
833.75	0.668084
835	0.679437
836.25	0.687596
837.5	0.693273
838.75	0.697182
840	0.699999
841.25	0.702316
842.5	0.704624
843.75	0.707278
845	0.710488
846.25	0.714301
847.5	0.718593
848.75	0.72307
850	0.727275
851.25	0.730612
852.5	0.732391
853.75	0.731882
855	0.728387
856.25	0.721327
857.5	0.710325
858.75	0.695278
860	0.67642
861.25	0.654345
862.5	0.629996
863.75	0.604623
865	0.579684
866.25	0.556729
867.5	0.537244
868.75	0.522511
870	0.513467
871.25	0.510614
872.5	0.513979
873.75	0.52313
875	0.53725
876.25	0.555245
877.5	0.575859
878.75	0.597797
880	0.619818
881.25	0.640805
882.5	0.659807
883.75	0.676059
885	0.688985
886.25	0.698191
887.5	0.70346
888.75	0.704744
890	0.702164
891.25	0.696019
892.5	0.686793
893.75	0.675167
895	0.662019
896.25	0.648412
897.5	0.635542
898.75	0.624661
900	0.616957
901.25	0.613412
902.5	0.614669
903.75	0.620928
905	0.631918
906.25	0.646929
907.5	0.66493
908.75	0.684706
910	0.705011
911.25	0.724694
912.5	0.742789
913.75	0.758572
915	0.771583
916.25	0.781626
917.5	0.78875
918.75	0.793219
920	0.795472
921.25	0.79606
922.5	0.79559
923.75	0.79466
925	0.793801
926.25	0.793438
927.5	0.793869
928.75	0.795262
930	0.797669
931.25	0.801051
932.5	0.8053
933.75	0.810266
935	0.815773
936.25	0.821633
937.5	0.827653
938.75	0.833636
940	0.83938
941.25	0.844675
942.5	0.849299
943.75	0.853025
945	0.855617
946.25	0.856848
947.5	0.856518
948.75	0.854471
950	0.850616
951.25	0.844944
952.5	0.837529
953.75	0.828519
955	0.818117
956.25	0.806559
957.5	0.794091
958.75	0.780959
960	0.767404
961.25	0.753675
962.5	0.740035
963.75	0.726778
965	0.714235
966.25	0.702768
967.5	0.692741
968.75	0.684482
970	0.678221
971.25	0.674038
972.5	0.671826
973.75	0.671298
975	0.672019
976.25	0.673475
977.5	0.675139
978.75	0.676534
980	0.677264
981.25	0.677034
982.5	0.675647
983.75	0.673
985	0.669073
986.25	0.663931
987.5	0.65773
988.75	0.650737
990	0.643345
991.25	0.636102
992.5	0.629699
993.75	0.624937
995	0.62263
996.25	0.62345
997.5	0.627768
998.75	0.635532
1000	0.646263
1001.25	0.659178
1002.5	0.673368
1003.75	0.687989
1005	0.702369
1006.25	0.716055
1007.5	0.728782
1008.75	0.740436
1010	0.750989
1011.25	0.760459
1012.5	0.768866
1013.75	0.776207
1015	0.782434
1016.25	0.787427
1017.5	0.790983
1018.75	0.79278
1020	0.792358
1021.25	0.789074
1022.5	0.782074
1023.75	0.770261
1025	0.75231
1026.25	0.726778
1027.5	0.692416
1028.75	0.64881
1030	0.597404
1031.25	0.542619
1032.5	0.49214
1033.75	0.455214
1035	0.439043
1036.25	0.445608
1037.5	0.471472
1038.75	0.510291
1040	0.555678
1041.25	0.60278
1042.5	0.648547
1043.75	0.691363
1045	0.730551
1046.25	0.765974
1047.5	0.797779
1048.75	0.826237
1050	0.851659
1051.25	0.874353
1052.5	0.8946
1053.75	0.912644
1055	0.928678
1056.25	0.942843
1057.5	0.955205
1058.75	0.965739
1060	0.974292
1061.25	0.980529
1062.5	0.983849
1063.75	0.983283
1065	0.97739
1066.25	0.964264
1067.5	0.941932
1068.75	0.909635
1070	0.870095
1071.25	0.83107
1072.5	0.802689
1073.75	0.791051
1075	0.795037
1076.25	0.809268
1077.5	0.828339
1078.75	0.84865
1080	0.868316
1081.25	0.886545
1082.5	0.903114
1083.75	0.918058
1085	0.931497
1086.25	0.943562
1087.5	0.954361
1088.75	0.963961
1090	0.972394
1091.25	0.979658
1092.5	0.985734
1093.75	0.990597
1095	0.994241
1096.25	0.996696
1097.5	0.998045
1098.75	0.998431
1100	0.998045
1101.25	0.9971
1102.5	0.995783
1103.75	0.994203
1105	0.992336
1106.25	0.989967
1107.5	0.986644
1108.75	0.98162
1110	0.973804
1111.25	0.961695
1112.5	0.943358
1113.75	0.916481
1115	0.878673
1116.25	0.828181
1117.5	0.765187
1118.75	0.693362
1120	0.620588
1121.25	0.5573
1122.5	0.512462
1123.75	0.489841
1125	0.487411
1126.25	0.499638
1127.5	0.520272
1128.75	0.544015
1130	0.566951
1131.25	0.586304
1132.5	0.599986
1133.75	0.60614
1135	0.602725
1136.25	0.587099
1137.5	0.555524
1138.75	0.502513
1140	0.419922
1141.25	0.295834
1142.5	0.113707
1143.75	-0.146064
1145	-0.495963
1146.25	-0.91146
1147.5	-1.28678
1148.75	-1.45375
1150	-1.33298
1151.25	-1.02114
1152.5	-0.665865
1153.75	-0.351459
1155	-0.100361
1156.25	0.0924868
1157.5	0.238909
1158.75	0.349932
1160	0.434027
1161.25	0.497222
1162.5	0.54359
1163.75	0.575717
1165	0.595043
1166.25	0.602114
1167.5	0.596799
1168.75	0.578592
1170	0.547151
1171.25	0.503246
1172.5	0.450137
1173.75	0.394825
1175	0.347717
1176.25	0.31939
1177.5	0.315681
1178.75	0.33508
1180	0.370632
1181.25	0.414023
1182.5	0.458509
1183.75	0.499747
1185	0.535343
1186.25	0.564076
1187.5	0.585228
1188.75	0.598104
1190	0.601676
1191.25	0.594291
1192.5	0.573366
1193.75	0.535075
1195	0.474132
1196.25	0.384071
1197.5	0.259023
1198.75	0.0988307
1200	-0.081462
1201.25	-0.243671
1202.5	-0.337258
1203.75	-0.333713
1205	-0.247889
1206.25	-0.119109
1207.5	0.018158
1208.75	0.14501
1210	0.254665
1211.25	0.346571
1212.5	0.422521
1213.75	0.48477
1215	0.535257
1216.25	0.575342
1217.5	0.605712
1218.75	0.626306
1220	0.636206
1221.25	0.633433
1222.5	0.614672
1223.75	0.575011
1225	0.508087
1226.25	0.40769
1227.5	0.272793
1228.75	0.117208
1230	-0.0228612
1231.25	-0.101472
1232.5	-0.09676
1233.75	-0.0259422
1235	0.0764509
1236.25	0.183081
1237.5	0.280017
1238.75	0.362642
1240	0.43083
1241.25	0.486064
1242.5	0.530104
1243.75	0.564471
1245	0.59028
1246.25	0.608192
1247.5	0.618397
1248.75	0.620558
1250	0.613704
1251.25	0.596038
1252.5	0.564631
1253.75	0.51504
1255	0.441026
1256.25	0.335212
1257.5	0.193063
1258.75	0.0246006
1260	-0.127529
1261.25	-0.193877
1262.5	-0.140252
1263.75	-0.00803027
1265	0.138406
1266.25	0.262882
1267.5	0.356703
1268.75	0.42294
1270	0.467203
1271.25	0.494454
1272.5	0.508397
1273.75	0.51164
1275	0.506001
1276.25	0.492789
1277.5	0.47305
1278.75	0.447786
1280	0.418173
1281.25	0.385786
1282.5	0.352837
1283.75	0.322352
1285	0.298209
1286.25	0.284859
1287.5	0.28659
1288.75	0.306346
1290	0.344441
1291.25	0.397811
1292.5	0.460354
1293.75	0.524354
1295	0.582309
1296.25	0.628369
1297.5	0.659006
1298.75	0.672997
1300	0.67107
1301.25	0.655462
1302.5	0.629518
1303.75	0.597285
1305	0.563092
1306.25	0.531069
1307.5	0.504672
1308.75	0.486313
1310	0.477175
1311.25	0.477253
1312.5	0.485582
1313.75	0.500554
1315	0.520246
1316.25	0.542682
1317.5	0.566006
1318.75	0.588577
1320	0.608998
1321.25	0.626098
1322.5	0.6389
1323.75	0.646575
1325	0.648394
1326.25	0.643691
1327.5	0.631835
1328.75	0.612219
1330	0.584291
1331.25	0.547644
1332.5	0.502227
1333.75	0.448713
1335	0.389075
1336.25	0.32726
1337.5	0.269593
1338.75	0.224178
1340	0.198699
1341.25	0.197234
1342.5	0.218193
1343.75	0.255198
1345	0.300151
1346.25	0.34614
1347.5	0.388713
1348.75	0.425737
1350	0.456671
1351.25	0.481841
1352.5	0.501939
1353.75	0.517737
1355	0.529938
1356.25	0.539123
1357.5	0.545736
1358.75	0.550088
1360	0.552373
1361.25	0.552679
1362.5	0.551001
1363.75	0.547256
1365	0.541305
1366.25	0.532988
1367.5	0.522193
1368.75	0.508982
1370	0.493793
1371.25	0.477708
1372.5	0.462693
1373.75	0.451558
1375	0.447341
1376.25	0.452144
1377.5	0.466097
1378.75	0.487331
1380	0.51298
1381.25	0.540386
1382.5	0.567766
1383.75	0.594272
1385	0.61975
1386.25	0.644453
1387.5	0.66882
1388.75	0.693325
1390	0.718364
1391.25	0.744146
1392.5	0.770569
1393.75	0.797053
1395	0.822344
1396.25	0.844362
1397.5	0.860191
1398.75	0.866404
1400	0.859806
1401.25	0.838453
1402.5	0.802453
1403.75	0.754033
1405	0.696756
1406.25	0.634366
1407.5	0.569842
1408.75	0.504986
1410	0.440447
1411.25	0.37598
1412.5	0.310752
1413.75	0.243625
1415	0.17344
1416.25	0.0993625
1417.5	0.0214164
1418.75	-0.05868
1420	-0.136374
1421.25	-0.203229
1422.5	-0.247131
1423.75	-0.255423
1425	-0.221063
1426.25	-0.14793
1427.5	-0.0499287
1428.75	0.0559145
1430	0.156277
1431.25	0.244017
1432.5	0.317047
1433.75	0.376156
1435	0.423267
1436.25	0.460429
1437.5	0.489343
1438.75	0.511165
1440	0.526401
1441.25	0.534806
1442.5	0.53519
1443.75	0.525056
1445	0.500001
1446.25	0.452767
1447.5	0.372017
1448.75	0.2416
1450	0.0433824
1451.25	-0.228709
1452.5	-0.53729
1453.75	-0.782578
1455	-0.865744
1456.25	-0.785051
1457.5	-0.615531
1458.75	-0.426643
1460	-0.252692
1461.25	-0.103601
1462.5	0.0212152
1463.75	0.125464
1465	0.213073
1466.25	0.287303
1467.5	0.350582
1468.75	0.404554
1470	0.450151
1471.25	0.487603
1472.5	0.516378
1473.75	0.535012
1475	0.54082
1476.25	0.529501
1477.5	0.494761
1478.75	0.428398
1480	0.321908
1481.25	0.171308
1482.5	-0.014422
1483.75	-0.207027
1485	-0.366832
1486.25	-0.465432
1487.5	-0.501116
1488.75	-0.492342
1490	-0.462252
1491.25	-0.429595
1492.5	-0.407572
1493.75	-0.406295
1495	-0.436203
1496.25	-0.512252
1497.5	-0.660658
1498.75	-0.93315
1500	-1.44342
1501.25	-2.47798
1502.5	-4.91252
1503.75	-12.2579
1505	-40.0173
1506.25	-42.1412
1507.5	-14.0095
1508.75	-6.05467
1510	-3.27095
1511.25	-2.01207
1512.5	-1.34005
1513.75	-0.93987
1515	-0.683244
1516.25	-0.510307
1517.5	-0.390245
1518.75	-0.306038
1520	-0.24783
1521.25	-0.20976
1522.5	-0.188312
1523.75	-0.181329
1525	-0.187276
1526.25	-0.204429
1527.5	-0.229742
1528.75	-0.257228
1530	-0.27625
1531.25	-0.271447
1532.5	-0.227298
1533.75	-0.137698
1535	-0.0128237
1536.25	0.125874
1537.5	0.258188
1538.75	0.372839
1540	0.467007
1541.25	0.542545
1542.5	0.602843
1543.75	0.651235
1545	0.690421
1546.25	0.722393
1547.5	0.748521
1548.75	0.76968
1550	0.786355
1551.25	0.798733
1552.5	0.806774
1553.75	0.810295
1555	0.809077
1556.25	0.803041
1557.5	0.79251
1558.75	0.778549
1560	0.763281
1561.25	0.74993
1562.5	0.742302
1563.75	0.743661
1565	0.755521
1566.25	0.777124
1567.5	0.805934
1568.75	0.838685
1570	0.872299
1571.25	0.904344
1572.5	0.933079
1573.75	0.957329
1575	0.976344
1576.25	0.989723
1577.5	0.997425
1578.75	0.999813
1580	0.997671
1581.25	0.992141
1582.5	0.984552
1583.75	0.9762
1585	0.968149
1586.25	0.961114
1587.5	0.95546
1588.75	0.951254
1590	0.948367
1591.25	0.946558
1592.5	0.945536
1593.75	0.945008
1595	0.94469
1596.25	0.944322
1597.5	0.943656
1598.75	0.942452
1600	0.940466
1601.25	0.937429
1602.5	0.933042
1603.75	0.926948
1605	0.918721
1606.25	0.907847
1607.5	0.893711
1608.75	0.8756
1610	0.852726
1611.25	0.824302
1612.5	0.789686
1613.75	0.748631
1615	0.701638
1616.25	0.650325
1617.5	0.597598
1618.75	0.547341
1620	0.50343
1621.25	0.468379
1622.5	0.442317
1623.75	0.422919
1625	0.406216
1626.25	0.387681
1627.5	0.363006
1628.75	0.328367
1630	0.28029
1631.25	0.215252
1632.5	0.129144
1633.75	0.0165743
1635	-0.13009
1636.25	-0.322148
1637.5	-0.57686
1638.75	-0.921304
1640	-1.39891
1641.25	-2.08007
1642.5	-3.07541
1643.75	-4.53016
1645	-6.48415
1646.25	-8.30131
1647.5	-8.25096
1648.75	-5.95719
1650	-3.40255
1651.25	-1.64581
1652.5	-0.594617
1653.75	0.0235643
1655	0.393543
1656.25	0.619449
1657.5	0.758541
1658.75	0.842891
1660	0.890976
1661.25	0.913717
1662.5	0.917692
1663.75	0.906905
1665	0.883818
1666.25	0.849999
1667.5	0.806587
1668.75	0.754662
1670	0.695587
1671.25	0.631294
1672.5	0.56447
1673.75	0.498557
1675	0.43745
1676.25	0.384923
1677.5	0.343889
1678.75	0.315773
1680	0.300255
1681.25	0.295439
1682.5	0.298348
1683.75	0.305483
1685	0.313253
1686.25	0.318171
1687.5	0.316814
1688.75	0.305562
1690	0.280106
1691.25	0.234659
1692.5	0.160606
1693.75	0.0440731
1695	-0.138821
1696.25	-0.431951
1697.5	-0.921722
1698.75	-1.79067
1700	-3.43955
1701.25	-6.60546
1702.5	-10.8962
1703.75	-10.5652
1705	-6.19752
1706.25	-3.18575
1707.5	-1.62139
1708.75	-0.786288
1710	-0.306385
1711.25	-0.0115338
1712.5	0.179168
1713.75	0.306934
1715	0.394124
1716.25	0.453486
1717.5	0.492521
1718.75	0.515651
1720	0.525358
1721.25	0.522768
1722.5	0.50797
1723.75	0.480189
1725	0.437973
1726.25	0.37967
1727.5	0.304769
1728.75	0.217246
1730	0.132055
1731.25	0.0816662
1732.5	0.10742
1733.75	0.22296
1735	0.390258
1736.25	0.554242
1737.5	0.684394
1738.75	0.776417
1740	0.837089
1741.25	0.874498
1742.5	0.894856
1743.75	0.902162
1745	0.898592
1746.25	0.884885
1747.5	0.860544
1748.75	0.82384
1750	0.771604
1751.25	0.698781
1752.5	0.597723
1753.75	0.45725
1755	0.261874
1756.25	-0.00726978
1757.5	-0.365261
1758.75	-0.801038
1760	-1.23715
1761.25	-1.51754
1762.5	-1.51131
1763.75	-1.24948
1765	-0.877549
1766.25	-0.515594
1767.5	-0.214648
1768.75	0.016531
1770	0.182859
1771.25	0.287638
1772.5	0.323351
1773.75	0.25834
1775	0.00142058
1776.25	-0.711059
1777.5	-2.6751
1778.75	-7.32475
1780	-9.39678
1781.25	-5.54005
1782.5	-2.90688
1783.75	-1.5965
1785	-0.8882
1786.25	-0.461883
1787.5	-0.181609
1788.75	0.0158152
1790	0.162624
1791.25	0.276571
1792.5	0.36802
1793.75	0.443235
1795	0.506014
1796.25	0.558513
1797.5	0.601648
1798.75	0.635262
1800	0.658133
1801.25	0.667877
1802.5	0.66081
1803.75	0.631821
1805	0.574404
1806.25	0.481044
1807.5	0.344232
1808.75	0.158343
1810	-0.077669
1811.25	-0.357444
1812.5	-0.665687
1813.75	-0.979519
1815	-1.27315
1816.25	-1.52422
1817.5	-1.71891
1818.75	-1.85375
1820	-1.93419
1821.25	-1.97132
1822.5	-1.97862
1823.75	-1.96938
1825	-1.95505
1826.25	-1.94412
1827.5	-1.94091
1828.75	-1.9433
1830	-1.93873
1831.25	-1.89829
1832.5	-1.7735
1833.75	-1.50994
1835	-1.09169
1836.25	-0.583752
1837.5	-0.100233
1838.75	0.278746
1840	0.538363
1841.25	0.701618
1842.5	0.798509
1843.75	0.852962
1845	0.881066
1846.25	0.89287
1847.5	0.894431
1848.75	0.889308
1850	0.879512
1851.25	0.866057
1852.5	0.849266
1853.75	0.828889
1855	0.804088
1856.25	0.773237
1857.5	0.733444
1858.75	0.679472
1860	0.601187
1861.25	0.476761
1862.5	0.251009
1863.75	-0.255864
1865	-1.98108
1866.25	-24.5794
1867.5	-11.4288
1868.75	-0.263154
1870	0.636928
1871.25	0.852103
1872.5	0.924081
1873.75	0.951141
1875	0.960711
1876.25	0.962428
1877.5	0.960127
1878.75	0.955348
1880	0.948509
1881.25	0.939244
1882.5	0.926285
1883.75	0.90681
1885	0.874559
1886.25	0.814233
1887.5	0.681763
1888.75	0.315773
1890	-1.03744
1891.25	-3.1373
1892.5	-0.692667
1893.75	0.260205
1895	0.574712
1896.25	0.711715
1897.5	0.784488
1898.75	0.828984
1900	0.859288
1901.25	0.881819
1902.5	0.899834
1903.75	0.915119
1905	0.928696
1906.25	0.941144
1907.5	0.952749
1908.75	0.963563
1910	0.973409
1911.25	0.981837
1912.5	0.98803
1913.75	0.990642
1915	0.987525
1916.25	0.975282
1917.5	0.948531
1918.75	0.898707
1920	0.812118
1921.25	0.667023
1922.5	0.430153
1923.75	0.0562833
1925	-0.495361
1926.25	-1.19871
1927.5	-1.86141
1928.75	-2.17678
1930	-2.03583
1931.25	-1.62116
1932.5	-1.15077
1933.75	-0.733732
1935	-0.397968
1936.25	-0.139957
1937.5	0.0498808
1938.75	0.177972
1940	0.244848
1941.25	0.24487
1942.5	0.168169
1943.75	0.00658753
1945	-0.234792
1946.25	-0.524773
1947.5	-0.805899
1948.75	-1.01749
1950	-1.12575
1951.25	-1.13255
1952.5	-1.0611
1953.75	-0.938176
1955	-0.784858
1956.25	-0.615071
1957.5	-0.437312
1958.75	-0.256866
1960	-0.0775296
1961.25	0.0973264
1962.5	0.264244
1963.75	0.419592
1965	0.55978
1966.25	0.68163
1967.5	0.782767
1968.75	0.861893
1970	0.918864
1971.25	0.954578
1972.5	0.970708
1973.75	0.969371
1975	0.952792
1976.25	0.923019
1977.5	0.881702
1978.75	0.829911
1980	0.767969
1981.25	0.695262
1982.5	0.609944
1983.75	0.508495
1985	0.385059
1986.25	0.230679
1987.5	0.0333354
1988.75	-0.217408
1990	-0.510033
1991.25	-0.763762
1992.5	-0.819892
1993.75	-0.618488
1995	-0.3106
1996.25	-0.0459976
1997.5	0.138255
1998.75	0.258842
2000	0.33883
2001.25	0.395415
2002.5	0.439857
2003.75	0.479327
2005	0.518345
2006.25	0.559618
2007.5	0.60449
2008.75	0.653163
2010	0.704856
2011.25	0.757979
2012.5	0.810372
2013.75	0.859623
2015	0.903394
2016.25	0.939712
2017.5	0.967156
2018.75	0.984917
2020	0.99275
2021.25	0.990851
2022.5	0.97971
2023.75	0.959974
2025	0.932341
2026.25	0.897496
2027.5	0.856093
2028.75	0.808779
2030	0.756266
2031.25	0.699444
2032.5	0.639549
2033.75	0.578387
2035	0.518598
2036.25	0.463917
2037.5	0.419335
2038.75	0.390947
2040	0.385237
2041.25	0.407556
2042.5	0.459936
2043.75	0.539027
2045	0.635535
2046.25	0.736183
2047.5	0.827661
2048.75	0.900508
2050	0.95094
2051.25	0.980224
2052.5	0.992638
2053.75	0.993354
2055	0.98699
2056.25	0.97696
2057.5	0.965388
2058.75	0.953317
2060	0.940997
2061.25	0.928152
2062.5	0.914184
2063.75	0.898315
2065	0.87967
2066.25	0.857341
2067.5	0.830425
2068.75	0.79807
2070	0.759525
2071.25	0.714215
2072.5	0.661851
2073.75	0.602566
2075	0.537079
2076.25	0.466862
2077.5	0.394258
2078.75	0.322475
2080	0.255355
2081.25	0.196842
2082.5	0.150138
2083.75	0.116684
2085	0.0952374
2086.25	0.0814039
2087.5	0.0678938
2088.75	0.0455529
2090	0.00496676
2091.25	-0.0617327
2092.5	-0.159264
2093.75	-0.288151
2095	-0.444477
2096.25	-0.620537
2097.5	-0.806233
2098.75	-0.990896
2100	-1.16504
2101.25	-1.32166
2102.5	-1.45684
2103.75	-1.56979
2105	-1.66237
2106.25	-1.73864
2107.5	-1.80436
2108.75	-1.86688
2110	-1.93553
2111.25	-2.0227
2112.5	-2.14655
2113.75	-2.3369
2115	-2.64943
2116.25	-3.20463
2117.5	-4.31375
2118.75	-6.93526
2120	-11.8322
2121.25	-2.94357
2122.5	0.692511
2123.75	0.995135
2125	0.925254
2126.25	0.831813
2127.5	0.759119
2128.75	0.708383
2130	0.674692
2131.25	0.653193
2132.5	0.639952
2133.75	0.631796
2135	0.625984
2136.25	0.619815
2137.5	0.610075
2138.75	0.592056
2140	0.557293
2141.25	0.487266
2142.5	0.331142
2143.75	-0.104535
2145	-2.13183
2146.25	-8.48846
2147.5	-0.241249
2148.75	0.630403
2150	0.815825
2151.25	0.878145
2152.5	0.903792
2153.75	0.914194
2155	0.916012
2156.25	0.911308
2157.5	0.90025
2158.75	0.881868
2160	0.854118
2161.25	0.813489
2162.5	0.754044
2163.75	0.665336
2165	0.527677
2166.25	0.300224
2167.5	-0.113982
2168.75	-0.995975
2170	-3.47985
2171.25	-16.7027
2172.5	-343.351
2173.75	-11.776
2175	-2.12442
2176.25	-0.242581
2177.5	0.40774
2178.75	0.697975
2180	0.846362
2181.25	0.927448
2182.5	0.971879
2183.75	0.993771
2185	0.999964
2186.25	0.993618
2187.5	0.975711
2188.75	0.945693
2190	0.901817
2191.25	0.841583
2192.5	0.762936
2193.75	0.667246
2195	0.564519
2196.25	0.477096
2197.5	0.431867
2198.75	0.44003
2200	0.487887
2201.25	0.551244
2202.5	0.611898
2203.75	0.661366
2205	0.697422
2206.25	0.720408
2207.5	0.73114
2208.75	0.729946
2210	0.716203
2211.25	0.687994
2212.5	0.64163
2213.75	0.570861
2215	0.465528
2216.25	0.30923
2217.5	0.0754418
2218.75	-0.278503
2220	-0.818302
2221.25	-1.62949
2222.5	-2.75953
2223.75	-4.01867
2225	-4.78432
2226.25	-4.53148
2227.5	-3.58209
2228.75	-2.54697
2230	-1.70351
2231.25	-1.07694
2232.5	-0.619704
2233.75	-0.282403
2235	-0.0282941
2236.25	0.167713
2237.5	0.322445
2238.75	0.447264
2240	0.549961
2241.25	0.635983
2242.5	0.709205
2243.75	0.772417
2245	0.827615
2246.25	0.876147
2247.5	0.91868
2248.75	0.954872
2250	0.982284
2251.25	0.992842
2252.5	0.959428
2253.75	0.767658
2255	-0.400621
2256.25	-47.8532
2257.5	-7.72543
2258.75	-0.966564
2260	0.0623323
2261.25	0.431059
2262.5	0.614431
2263.75	0.723141
2265	0.794915
2266.25	0.845733
2267.5	0.883389
2268.75	0.91207
2270	0.934181
2271.25	0.95117
2272.5	0.963938
2273.75	0.97307
2275	0.978977
2276.25	0.981988
2277.5	0.982416
2278.75	0.980594
2280	0.97689
2281.25	0.971684
2282.5	0.965346
2283.75	0.958186
2285	0.950431
2286.25	0.942203
2287.5	0.933515
2288.75	0.924282
2290	0.914331
2291.25	0.903412
2292.5	0.891205
2293.75	0.877322
2295	0.861313
2296.25	0.842667
2297.5	0.820826
2298.75	0.795207
2300	0.765225
2301.25	0.73029
2302.5	0.689743
2303.75	0.64267
2305	0.587586
2306.25	0.521991
2307.5	0.441834
2308.75	0.340897
2310	0.210127
2311.25	0.037213
2312.5	-0.192594
2313.75	-0.491805
2315	-0.858303
2316.25	-1.25632
2317.5	-1.61095
2318.75	-1.84578
2320	-1.93961
2321.25	-1.93214
2322.5	-1.88066
2323.75	-1.82662
2325	-1.78999
2326.25	-1.77566
2327.5	-1.77978
2328.75	-1.79318
2330	-1.80275
2331.25	-1.79217
2332.5	-1.74316
2333.75	-1.63831
2335	-1.46573
2336.25	-1.22421
2337.5	-0.926121
2338.75	-0.595497
2340	-0.261496
2341.25	0.0494877
2342.5	0.319138
2343.75	0.538519
2345	0.706409
2346.25	0.826541
2347.5	0.905124
2348.75	0.94912
2350	0.965271
2351.25	0.959633
2352.5	0.937422
2353.75	0.902995
2355	0.859905
2356.25	0.810959
2357.5	0.758285
2358.75	0.703391
2360	0.647222
2361.25	0.590212
2362.5	0.532349
2363.75	0.473245
2365	0.412258
2366.25	0.348728
2367.5	0.282484
2368.75	0.214938
2370	0.151283
2371.25	0.104107
2372.5	0.0964208
2373.75	0.155694
2375	0.289513
2376.25	0.463716
2377.5	0.62502
2378.75	0.742758
2380	0.815608
2381.25	0.8548
2382.5	0.871814
2383.75	0.874721
2385	0.868342
2386.25	0.855176
2387.5	0.836157
2388.75	0.811134
2390	0.77921
2391.25	0.739225
2392.5	0.69103
2393.75	0.638733
2395	0.596307
2396.25	0.588514
2397.5	0.631319
2398.75	0.707747
2400	0.785079
2401.25	0.845294
2402.5	0.886644
2403.75	0.913284
2405	0.929461
2406.25	0.937957
2407.5	0.939887
2408.75	0.93433
2410	0.916421
2411.25	0.869085
2412.5	0.714735
2413.75	-0.336133
2415	-24.2092
2416.25	0.313579
2417.5	0.786079
2418.75	0.891494
2420	0.931624
2421.25	0.951311
2422.5	0.962535
2423.75	0.96959
2425	0.97432
2426.25	0.977601
2427.5	0.979875
2428.75	0.981339
2430	0.982031
2431.25	0.981836
2432.5	0.980438
2433.75	0.977191
2435	0.97082
2436.25	0.958731
2437.5	0.935298
2438.75	0.88727
2440	0.780647
2441.25	0.527903
2442.5	0.0160246
2443.75	-0.288219
2445	0.032075
2446.25	0.345595
2447.5	0.520318
2448.75	0.613205
2450	0.661457
2451.25	0.682044
2452.5	0.681757
2453.75	0.662542
2455	0.627471
2456.25	0.599568
2457.5	0.649139
2458.75	0.791147
2460	0.906987
2461.25	0.961352
2462.5	0.982054
2463.75	0.988549
2465	0.989086
2466.25	0.98686
2467.5	0.983028
2468.75	0.977853
2470	0.9711
2471.25	0.962096
2472.5	0.949557
2473.75	0.931101
2475	0.902058
2476.25	0.852362
2477.5	0.757261
2478.75	0.54317
2480	-0.0803569
2481.25	-2.74732
2482.5	-6.24153
2483.75	-1.20924
2485	0.103163
2486.25	0.506443
2487.5	0.676243
2488.75	0.762629
2490	0.812002
2491.25	0.842323
2492.5	0.861686
2493.75	0.874144
2495	0.881869
2496.25	0.886063
2497.5	0.887375
2498.75	0.8861
2500	0.882262
2501.25	0.875649
2502.5	0.865781
2503.75	0.851839
2505	0.83252
2506.25	0.805775
2507.5	0.768357
2508.75	0.715034
2510	0.637226
2511.25	0.520838
2512.5	0.343823
2513.75	0.0787072
2515	-0.277514
2516.25	-0.612004
2517.5	-0.680367
2518.75	-0.435503
2520	-0.102069
2521.25	0.16904
2522.5	0.356936
2523.75	0.481238
2525	0.561892
2526.25	0.612039
2527.5	0.638757
2528.75	0.644032
2530	0.62398
2531.25	0.563881
2532.5	0.419867
2533.75	0.0435098
2535	-1.14967
2536.25	-2.85122
2537.5	-0.658282
2538.75	0.288288
2540	0.579821
2541.25	0.693206
2542.5	0.744017
2543.75	0.767176
2545	0.775529
2546.25	0.774388
2547.5	0.765973
2548.75	0.750984
2550	0.729184
2551.25	0.699591
2552.5	0.66045
2553.75	0.609061
2555	0.541482
2556.25	0.452113
2557.5	0.333329
2558.75	0.17572
2560	-0.0293139
2561.25	-0.280434
2562.5	-0.545448
2563.75	-0.738839
2565	-0.752092
2566.25	-0.560954
2567.5	-0.260437
2568.75	0.0396096
2570	0.287218
2571.25	0.47604
2572.5	0.616607
2573.75	0.721462
2575	0.800664
2576.25	0.861301
2577.5	0.908028
2578.75	0.94366
2580	0.969611
2581.25	0.986164
2582.5	0.99263
2583.75	0.987474
2585	0.968491
2586.25	0.933191
2587.5	0.879542
2588.75	0.807176
2590	0.718872
2591.25	0.621582
2592.5	0.525893
2593.75	0.443343
2595	0.382623
2596.25	0.346967
2597.5	0.334129
2598.75	0.338419
2600	0.353172
2601.25	0.372513
2602.5	0.392196
2603.75	0.40977
2605	0.4244
2606.25	0.436545
2607.5	0.447589
2608.75	0.459453
2610	0.474204
2611.25	0.493677
2612.5	0.519152
2613.75	0.551132
2615	0.589261
2616.25	0.632389
2617.5	0.678776
2618.75	0.726362
2620	0.773044
2621.25	0.816903
2622.5	0.856333
2623.75	0.890098
2625	0.917298
2626.25	0.937296
2627.5	0.94962
2628.75	0.953847
2630	0.949485
2631.25	0.935856
2632.5	0.911948
2633.75	0.876246
2635	0.82649
2636.25	0.759309
2637.5	0.669652
2638.75	0.549828
2640	0.387843
2641.25	0.164321
2642.5	-0.153507
2643.75	-0.624467
2645	-1.36268
2646.25	-2.6137
2647.5	-4.98694
2648.75	-10.3479
2650	-26.6553
2651.25	-109.188
2652.5	-156.311
2653.75	-33.6246
2655	-11.7444
2656.25	-5.40122
2657.5	-2.87889
2658.75	-1.74536
2660	-1.28965
2661.25	-1.27467
2662.5	-1.62212
2663.75	-2.26631
2665	-3.02034
2666.25	-3.54731
2667.5	-3.60614
2668.75	-3.27252
2670	-2.77892
2671.25	-2.29454
2672.5	-1.88912
2673.75	-1.57716
2675	-1.35387
2676.25	-1.21207
2677.5	-1.14908
2678.75	-1.1703
2680	-1.29326
2681.25	-1.55511
2682.5	-2.02755
2683.75	-2.84609
2685	-4.2582
2686.25	-6.63332
2687.5	-10.0049
2688.75	-12.3635
2690	-10.8615
2691.25	-7.49175
2692.5	-4.81866
2693.75	-3.12267
2695	-2.06842
2696.25	-1.3897
2697.5	-0.931981
2698.75	-0.6089
2700	-0.370976
2701.25	-0.188649
2702.5	-0.0434483
2703.75	0.0766756
2705	0.179862
2706.25	0.271705
2707.5	0.355974
2708.75	0.434984
2710	0.50981
2711.25	0.580486
2712.5	0.646298
2713.75	0.706186
2715	0.759173
2716.25	0.804701
2717.5	0.842775
2718.75	0.87394
2720	0.899124
2721.25	0.919464
2722.5	0.936152
2723.75	0.950321
2725	0.962943
2726.25	0.97465
2727.5	0.985283
2728.75	0.992697
2730	0.98956
2731.25	0.95463
2732.5	0.828575
2733.75	0.446024
2735	-0.649333
2736.25	-3.62146
2737.5	-10.6238
2738.75	-21.906
2740	-29.1846
2741.25	-25.6813
2742.5	-17.6777
2743.75	-11.0812
2745	-6.8235
2746.25	-4.22933
2747.5	-2.63571
2748.75	-1.62621
2750	-0.962992
2751.25	-0.511352
2752.5	-0.193458
2753.75	0.0370333
2755	0.208617
2756.25	0.339362
2757.5	0.441065
2758.75	0.521628
2760	0.586466
2761.25	0.639361
2762.5	0.682987
2763.75	0.719244
2765	0.749458
2766.25	0.774499
2767.5	0.794823
2768.75	0.810439
2770	0.820768
2771.25	0.824321
2772.5	0.818045
2773.75	0.796099
2775	0.748005
2776.25	0.658238
2777.5	0.518999
2778.75	0.375541
2780	0.330306
2781.25	0.398655
2782.5	0.501875
2783.75	0.590802
2785	0.656264
2786.25	0.701818
2787.5	0.732067
2788.75	0.750178
2790	0.757782
2791.25	0.755231
2792.5	0.741731
2793.75	0.715282
2795	0.672385
2796.25	0.607437
2797.5	0.511618
2798.75	0.370885
2800	0.162373
2801.25	-0.152149
2802.5	-0.637695
2803.75	-1.40258
2805	-2.60124
2806.25	-4.31057
2807.5	-6.00826
2808.75	-6.29187
2810	-4.89048
2811.25	-3.15816
2812.5	-1.84858
2813.75	-0.979952
2815	-0.411995
2816.25	-0.0323327
2817.5	0.229443
2818.75	0.415567
2820	0.551624
2821.25	0.653521
2822.5	0.731441
2823.75	0.792083
2825	0.839953
2826.25	0.87813
2827.5	0.908723
2828.75	0.93314
2830	0.952242
2831.25	0.966404
2832.5	0.975488
2833.75	0.9787
2835	0.974261
2836.25	0.958704
2837.5	0.925359
2838.75	0.860898
2840	0.736676
2841.25	0.484562
2842.5	-0.0792551
2843.75	-1.50277
2845	-4.86616
2846.25	-6.26445
2847.5	-3.05284
2848.75	-1.12147
2850	-0.243246
2851.25	0.203025
2852.5	0.459374
2853.75	0.621467
2855	0.731596
2856.25	0.810433
2857.5	0.868881
2858.75	0.912968
2860	0.94605
2861.25	0.969875
2862.5	0.985111
2863.75	0.991632
2865	0.988726
2866.25	0.975368
2867.5	0.950757
2868.75	0.915311
2870	0.87202
2871.25	0.827329
2872.5	0.789968
2873.75	0.767243
2875	0.761404
2876.25	0.769376
2877.5	0.785532
2878.75	0.804562
2880	0.822768
2881.25	0.838066
2882.5	0.849521
2883.75	0.856865
2885	0.860165
2886.25	0.85963
2887.5	0.855493
2888.75	0.847972
2890	0.837236
2891.25	0.823412
2892.5	0.80659
2893.75	0.786838
2895	0.764229
2896.25	0.73887
2897.5	0.710936
2898.75	0.680714
2900	0.648638
2901.25	0.61532
2902.5	0.581559
2903.75	0.548317
2905	0.51665
2906.25	0.487595
2907.5	0.462013
2908.75	0.440412
2910	0.422766
2911.25	0.408356
2912.5	0.395625
2913.75	0.382011
2915	0.363687
2916.25	0.335085
2917.5	0.287981
2918.75	0.209769
2920	0.0801401
2921.25	-0.135418
2922.5	-0.498717
2923.75	-1.12552
2925	-2.23602
2926.25	-4.21054
2927.5	-7.36865
2928.75	-10.5052
2930	-10.4069
2931.25	-7.64298
2932.5	-5.00968
2933.75	-3.22445
2935	-2.07706
2936.25	-1.32266
2937.5	-0.807265
2938.75	-0.441995
2940	-0.175013
2941.25	0.0250969
2942.5	0.178282
2943.75	0.297827
2945	0.392985
2946.25	0.470444
2947.5	0.535176
2948.75	0.590935
2950	0.640568
2951.25	0.686217
2952.5	0.72945
2953.75	0.771343
2955	0.812519
2956.25	0.853135
2957.5	0.892794
2958.75	0.930354
2960	0.96355
2961.25	0.988284
2962.5	0.997295
2963.75	0.977586
2965	0.90524
2966.25	0.734496
2967.5	0.373463
2968.75	-0.372305
2970	-1.93071
2971.25	-5.20644
2972.5	-11.4157
2973.75	-18.5054
2975	-19.0618
2976.25	-14.5804
2977.5	-10.3857
2978.75	-7.52154
2980	-5.62002
2981.25	-4.30797
2982.5	-3.35376
2983.75	-2.62192
2985	-2.032
2986.25	-1.53512
2987.5	-1.10177
2988.75	-0.715574
2990	-0.369936
2991.25	-0.0654581
2992.5	0.193207
2993.75	0.401321
2995	0.557715
2996.25	0.666488
2997.5	0.736124
2998.75	0.777015
3000	0.799004
3001.25	0.80994
3002.5	0.815286
3003.75	0.818394
3005	0.821012
3006.25	0.823793
3007.5	0.826681
3008.75	0.829194
3010	0.83059
3011.25	0.829965
3012.5	0.826297
3013.75	0.818432
3015	0.805045
3016.25	0.784522
3017.5	0.754775
3018.75	0.712902
3020	0.654574
3021.25	0.572903
3022.5	0.456234
3023.75	0.283753
3025	0.0173101
3026.25	-0.406269
3027.5	-1.01026
3028.75	-1.31277
3030	-0.502158
3031.25	0.387497
3032.5	0.790549
3033.75	0.93382
3035	0.971691
3036.25	0.965123
3037.5	0.937624
3038.75	0.898552
3040	0.85148
3041.25	0.797304
3042.5	0.735466
3043.75	0.664517
3045	0.582584
3046.25	0.488241
3047.5	0.382483
3048.75	0.272529
3050	0.176518
3051.25	0.122837
3052.5	0.134797
3053.75	0.208903
3055	0.315721
3056.25	0.423852
3057.5	0.516032
3058.75	0.58803
3060	0.641988
3061.25	0.681792
3062.5	0.711092
3063.75	0.73275
3065	0.748829
3066.25	0.760728
3067.5	0.769298
3068.75	0.774893
3070	0.777304
3071.25	0.775449
3072.5	0.766474
3073.75	0.74291
3075	0.681829
3076.25	0.486776
3077.5	-0.495772
3078.75	-0.870836
3080	0.529447
3081.25	0.770427
3082.5	0.844008
3083.75	0.878238
3085	0.899004
3086.25	0.913775
3087.5	0.925047
3088.75	0.933466
3090	0.938651
3091.25	0.939252
3092.5	0.932513
3093.75	0.91313
3095	0.870665
3096.25	0.783716
3097.5	0.607569
3098.75	0.258875
3100	-0.317721
3101.25	-0.771459
3102.5	-0.586208
3103.75	-0.137374
3105	0.213853
3106.25	0.44298
3107.5	0.592255
3108.75	0.693191
3110	0.764087
3111.25	0.815316
3112.5	0.852912
3113.75	0.880525
3115	0.90047
3116.25	0.91431
3117.5	0.923185
3118.75	0.928006
3120	0.929572
3121.25	0.928621
3122.5	0.925841
3123.75	0.92186
3125	0.91721
3126.25	0.912289
3127.5	0.907325
3128.75	0.902348
3130	0.897176
3131.25	0.891387
3132.5	0.884292
3133.75	0.874849
3135	0.861512
3136.25	0.841904
3137.5	0.812154
3138.75	0.765448
3140	0.688691
3141.25	0.554113
3142.5	0.297396
3143.75	-0.222479
3145	-0.992348
3146.25	-0.66893
3147.5	0.27151
3148.75	0.711518
3150	0.885102
3151.25	0.957181
3152.5	0.986338
3153.75	0.99425
3155	0.989729
3156.25	0.976569
3157.5	0.956355
3158.75	0.929574
3160	0.896092
3161.25	0.855375
3162.5	0.806631
3163.75	0.748952
3165	0.681581
3166.25	0.604434
3167.5	0.519101
3168.75	0.430483
3170	0.348761
3171.25	0.289916
3172.5	0.271281
3173.75	0.300811
3175	0.367974
3176.25	0.447915
3177.5	0.515692
3178.75	0.555884
3180	0.562408
3181.25	0.533896
3182.5	0.469486
3183.75	0.366061
3185	0.216067
3186.25	0.00460919
3187.5	-0.296048
3188.75	-0.738487
3190	-1.42899
3191.25	-2.60548
3192.5	-4.88087
3193.75	-10.1113
3195	-23.4177
3196.25	-30.2614
3197.5	-11.3866
3198.75	-3.58219
3200	-1.02722
3201.25	-0.0381485
3202.5	0.388285
3203.75	0.572531
3205	0.636078
3206.25	0.6311
3207.5	0.581791
3208.75	0.499557
3210	0.389224
3211.25	0.251772
3212.5	0.0856204
3213.75	-0.112578
3215	-0.346933
3216.25	-0.619916
3217.5	-0.926222
3218.75	-1.23882
3220	-1.48555
3221.25	-1.53819
3222.5	-1.28225
3223.75	-0.767087
3225	-0.203885
3226.25	0.236114
3227.5	0.513806
3228.75	0.662207
3230	0.725145
3231.25	0.736061
3232.5	0.716666
3233.75	0.680225
3235	0.634596
3236.25	0.584259
3237.5	0.531519
3238.75	0.477172
3240	0.42082
3241.25	0.360918
3242.5	0.294534
3243.75	0.216695
3245	0.118893
3246.25	-0.0143593
3247.5	-0.214224
3248.75	-0.553147
3250	-1.23927
3251.25	-3.10841
3252.5	-11.4105
3253.75	-8.06947
3255	-0.224058
3256.25	0.717397
3257.5	0.89298
3258.75	0.920837
3260	0.909205
3261.25	0.88455
3262.5	0.854162
3263.75	0.819582
3265	0.780197
3266.25	0.73426
3267.5	0.679061
3268.75	0.610706
3270	0.523562
3271.25	0.40928
3272.5	0.255125
3273.75	0.041179
3275	-0.264225
3276.25	-0.711168
3277.5	-1.37403
3278.75	-2.33882
3280	-3.61134
3281.25	-4.8769
3282.5	-5.44102
3283.75	-4.99932
3285	-4.06261
3286.25	-3.17616
3287.5	-2.53178
3288.75	-2.1341
3290	-1.95214
3291.25	-1.975
3292.5	-2.23417
3293.75	-2.83204
3295	-3.99538
3296.25	-6.06031
3297.5	-8.41585
3298.75	-7.22804
3300	-3.46745
3301.25	-1.16546
3302.5	-0.106257
3303.75	0.394758
3305	0.651163
3306.25	0.7922
3307.5	0.874271
3308.75	0.923994
3310	0.954882
3311.25	0.974242
3312.5	0.986246
3313.75	0.993396
3315	0.997269
3316.25	0.998916
3317.5	0.999094
3318.75	0.998404
3320	0.997376
3321.25	0.996494
3322.5	0.996105
3323.75	0.996082
3325	0.995154
3326.25	0.990331
3327.5	0.977845
3328.75	0.955856
3330	0.925581
3331.25	0.889201
3332.5	0.847722
3333.75	0.80068
3335	0.746814
3336.25	0.684979
3337.5	0.615443
3338.75	0.541903
3340	0.473704
3341.25	0.425544
3342.5	0.410951
3343.75	0.432157
3345	0.477639
3346.25	0.53083
3347.5	0.579314
3348.75	0.617207
3350	0.643135
3351.25	0.657772
3352.5	0.662321
3353.75	0.657817
3355	0.644863
3356.25	0.623545
3357.5	0.593383
3358.75	0.553256
3360	0.501291
3361.25	0.434697
3362.5	0.349623
3363.75	0.241317
3365	0.105443
3366.25	-0.0570651
3367.5	-0.22695
3368.75	-0.345
3370	-0.316408
3371.25	-0.104268
3372.5	0.193046
3373.75	0.451739
3375	0.62735
3376.25	0.73035
3377.5	0.782595
3378.75	0.801407
3380	0.798414
3381.25	0.78194
3382.5	0.758936
3383.75	0.734891
3385	0.71227
3386.25	0.69027
3387.5	0.666696
3388.75	0.639738
3390	0.608465
3391.25	0.572571
3392.5	0.53208
3393.75	0.487181
3395	0.438188
3396.25	0.385583
3397.5	0.33011
3398.75	0.272905
3400	0.215656
3401.25	0.160785
3402.5	0.111607
3403.75	0.0724183
3405	0.0484171
3406.25	0.0453339
3407.5	0.0686913
3408.75	0.122696
3410	0.208963
3411.25	0.325434
3412.5	0.465857
3413.75	0.619873
3415	0.773148
3416.25	0.906205
3417.5	0.989386
3418.75	0.968257
3420	0.725309
3421.25	-0.0113306
3422.5	-1.76799
3423.75	-4.53616
3425	-5.60599
3426.25	-4.21147
3427.5	-2.62519
3428.75	-1.52455
3430	-0.803484
3431.25	-0.31731
3432.5	0.0245117
3433.75	0.274155
3435	0.462102
3436.25	0.606705
3437.5	0.719197
3438.75	0.806245
3440	0.871029
3441.25	0.913145
3442.5	0.926895
3443.75	0.896381
3445	0.783887
3446.25	0.513491
3447.5	0.0357932
3448.75	-0.302027
3450	-0.0968614
3451.25	0.264332
3452.5	0.526375
3453.75	0.690463
3455	0.791671
3456.25	0.853138
3457.5	0.887487
3458.75	0.901194
3460	0.897174
3461.25	0.876069
3462.5	0.836878
3463.75	0.777302
3465	0.69413
3466.25	0.58408
3467.5	0.445757
3468.75	0.283465
3470	0.112578
3471.25	-0.03744
3472.5	-0.130347
3473.75	-0.1429
3475	-0.0808004
3476.25	0.0272081
3477.5	0.148834
3478.75	0.261332
3480	0.353035
3481.25	0.41944
3482.5	0.459047
3483.75	0.470323
3485	0.44925
3486.25	0.386081
3487.5	0.258419
3488.75	0.0119818
3490	-0.506767
3491.25	-1.87776
3492.5	-7.92484
3493.75	-39.5073
3495	-3.90003
3496.25	-0.123654
3497.5	0.615459
3498.75	0.845569
3500	0.932225
3501.25	0.966024
3502.5	0.977124
3503.75	0.977663
3505	0.973254
3506.25	0.96679
3507.5	0.959906
3508.75	0.953591
3510	0.94847
3511.25	0.944932
3512.5	0.943194
3513.75	0.943326
3515	0.945262
3516.25	0.948805
3517.5	0.953624
3518.75	0.959258
3520	0.965123
3521.25	0.970529
3522.5	0.974699
3523.75	0.976805
3525	0.976012
3526.25	0.971519
3527.5	0.962617
3528.75	0.948723
3530	0.929403
3531.25	0.904336
3532.5	0.87318
3533.75	0.835269
3535	0.788977
3536.25	0.730496
3537.5	0.65152
3538.75	0.534908
3540	0.346809
3541.25	0.0234353
3542.5	-0.546068
3543.75	-1.52147
3545	-3.03055
3546.25	-4.92968
3547.5	-6.64631
3548.75	-7.61484
3550	-7.80282
3551.25	-7.5221
3552.5	-7.0526
3553.75	-6.54208
3555	-6.04871
3556.25	-5.58854
3557.5	-5.16142
3558.75	-4.76225
3560	-4.38539
3561.25	-4.02592
3562.5	-3.67976
3563.75	-3.34298
3565	-3.01056
3566.25	-2.67399
3567.5	-2.31706
3568.75	-1.90958
3570	-1.4054
3571.25	-0.772964
3572.5	-0.0875883
3573.75	0.453321
3575	0.74723
3576.25	0.867014
3577.5	0.910961
3578.75	0.930235
3580	0.942239
3581.25	0.95066
3582.5	0.955247
3583.75	0.955352
3585	0.950923
3586.25	0.942597
3587.5	0.931517
3588.75	0.919083
3590	0.906731
3591.25	0.895765
3592.5	0.887245
3593.75	0.881932
3595	0.880273
3596.25	0.882416
3597.5	0.888242
3598.75	0.897406
3600	0.909365
3601.25	0.923404
3602.5	0.938634
3603.75	0.953963
3605	0.968026
3606.25	0.979047
3607.5	0.984588
3608.75	0.981117
3610	0.963231
3611.25	0.922279
3612.5	0.843897
3613.75	0.703874
3615	0.462901
3616.25	0.0687398
3617.5	-0.495124
3618.75	-1.05534
3620	-1.22239
3621.25	-0.905125
3622.5	-0.421823
3623.75	-0.00120453
3625	0.310466
3626.25	0.531851
3627.5	0.688137
3628.75	0.798121
3630	0.874151
3631.25	0.924075
3632.5	0.952909
3633.75	0.964004
3635	0.959842
3636.25	0.94258
3637.5	0.914412
3638.75	0.877754
3640	0.835248
3641.25	0.789606
3642.5	0.743327
3643.75	0.698398
3645	0.656036
3646.25	0.616538
3647.5	0.579225
3648.75	0.542402
3650	0.503239
3651.25	0.457383
3652.5	0.398002
3653.75	0.313545
3655	0.182318
3656.25	-0.0420663
3657.5	-0.476621
3658.75	-1.49177
3660	-4.69514
3661.25	-15.8151
3662.5	-7.56541
3663.75	-1.53515
3665	-0.112521
3666.25	0.367449
3667.5	0.572782
3668.75	0.672203
3670	0.721207
3671.25	0.740815
3672.5	0.738538
3673.75	0.714431
3675	0.661296
3676.25	0.559262
3677.5	0.356107
3678.75	-0.111487
3680	-1.5811
3681.25	-12.1646
3682.5	-123.358
3683.75	-3.68972
3685	-0.405734
3686.25	0.339731
3687.5	0.619328
3688.75	0.752641
3690	0.825839
3691.25	0.869871
3692.5	0.898028
3693.75	0.91676
3695	0.929481
3696.25	0.938101
3697.5	0.94372
3698.75	0.946951
3700	0.948077
3701.25	0.94713
3702.5	0.943911
3703.75	0.937989
3705	0.928686
3706.25	0.915068
3707.5	0.895948
3708.75	0.86993
3710	0.835482
3711.25	0.79101
3712.5	0.734882
3713.75	0.665299
3715	0.579983
3716.25	0.475673
3717.5	0.34758
3718.75	0.189239
3720	-0.00580035
3721.25	-0.235945
3722.5	-0.466886
3723.75	-0.588308
3725	-0.440284
3726.25	-0.0340067
3727.5	0.396716
3728.75	0.696976
3730	0.86631
3731.25	0.949357
3732.5	0.981833
3733.75	0.984881
3735	0.969903
3736.25	0.942738
3737.5	0.906103
3738.75	0.860856
3740	0.806627
3741.25	0.742079
3742.5	0.664965
3743.75	0.572039
3745	0.458879
3746.25	0.319656
3747.5	0.146942
3748.75	-0.068222
3750	-0.335528
3751.25	-0.663041
3752.5	-1.05215
3753.75	-1.48956
3755	-1.93967
3756.25	-2.34665
3757.5	-2.65515
3758.75	-2.84115
3760	-2.9266
3761.25	-2.96567
3762.5	-3.01957
3763.75	-3.13874
3765	-3.35015
3766.25	-3.62912
3767.5	-3.83478
3768.75	-3.67514
3770	-2.95211
3771.25	-1.92298
3772.5	-1.01103
3773.75	-0.374005
3775	0.0308387
3776.25	0.282629
3777.5	0.440467
3778.75	0.540858
3780	0.60525
3781.25	0.646196
3782.5	0.671111
3783.75	0.684393
3785	0.688587
3786.25	0.685016
3787.5	0.674086
3788.75	0.655376
3790	0.627578
3791.25	0.588303
3792.5	0.534091
3793.75	0.462266
3795	0.382819
3796.25	0.364051
3797.5	0.545901
3798.75	0.821323
3800	0.959393
3801.25	0.991024
3802.5	0.984113
3803.75	0.967161
3805	0.949863
3806.25	0.935649
3807.5	0.925928
3808.75	0.921363
3810	0.922142
3811.25	0.927928
3812.5	0.937778
3813.75	0.950183
3815	0.963278
3816.25	0.975144
3817.5	0.984059
3818.75	0.988582
3820	0.987422
3821.25	0.979088
3822.5	0.961295
3823.75	0.929902
3825	0.876766
3826.25	0.7848
3827.5	0.615106
3828.75	0.269757
3830	-0.518621
3831.25	-2.32881
3832.5	-4.12824
3833.75	-2.67441
3835	-1.10474
3836.25	-0.326876
3837.5	0.0590969
3838.75	0.267162
3840	0.386455
3841.25	0.456476
3842.5	0.496289
3843.75	0.515718
3845	0.519994
3846.25	0.511821
3847.5	0.49237
3848.75	0.461763
3850	0.419326
3851.25	0.363752
3852.5	0.293317
3853.75	0.206331
3855	0.102184
3856.25	-0.0164941
3857.5	-0.140121
3858.75	-0.247869
3860	-0.307699
3861.25	-0.288709
3862.5	-0.183743
3863.75	-0.0192385
3865	0.162672
3866.25	0.328926
3867.5	0.464159
3868.75	0.565821
3870	0.636993
3871.25	0.681774
3872.5	0.703134
3873.75	0.701978
3875	0.676467
3876.25	0.6209
3877.5	0.523376
3878.75	0.360607
3880	0.0857746
3881.25	-0.402779
3882.5	-1.35398
3883.75	-3.49116
3885	-9.44166
3886.25	-28.8551
3887.5	-36.355
3888.75	-13.5584
3890	-5.46494
3891.25	-2.53791
3892.5	-1.20589
3893.75	-0.490199
3895	-0.0577774
3896.25	0.227344
3897.5	0.428438
3898.75	0.577407
3900	0.690252
3901.25	0.773369
3902.5	0.827535
3903.75	0.853777
3905	0.859583
3906.25	0.857433
3907.5	0.856858
3908.75	0.861043
3910	0.869294
3911.25	0.879909
3912.5	0.891437
3913.75	0.902913
3915	0.913764
3916.25	0.923669
3917.5	0.932452
3918.75	0.940018
3920	0.946295
3921.25	0.951205
3922.5	0.95462
3923.75	0.956305
3925	0.955822
3926.25	0.952336
3927.5	0.944242
3928.75	0.928364
3930	0.898278
3931.25	0.840771
3932.5	0.729396
3933.75	0.519042
3935	0.173257
3936.25	-0.223856
3937.5	-0.463363
3938.75	-0.503062
3940	-0.464847
3941.25	-0.435259
3942.5	-0.443616
3943.75	-0.497252
3945	-0.600027
3946.25	-0.758955
3947.5	-0.987472
3948.75	-1.30919
3950	-1.76462
3951.25	-2.42424
3952.5	-3.41502
3953.75	-4.97395
3955	-7.54075
3956.25	-11.7599
3957.5	-17.197
3958.75	-18.1505
3960	-11.7325
3961.25	-5.76846
3962.5	-2.52118
3963.75	-0.879473
3965	-0.0210614
3966.25	0.443542
3967.5	0.690995
3968.75	0.798544
3970	0.788391
3971.25	0.645948
3972.5	0.386614
3973.75	0.260108
3975	0.453976
3976.25	0.697
3977.5	0.852617
3978.75	0.937349
3980	0.979648
3981.25	0.996694
3982.5	0.997762
3983.75	0.987872
3985	0.969763
3986.25	0.944877
3987.5	0.913839
3988.75	0.876682
3990	0.832916
3991.25	0.781505
3992.5	0.720728
3993.75	0.64792
3995	0.558989
3996.25	0.447566
3997.5	0.30345
3998.75	0.109588
4000	-0.164145
4001.25	-0.574976
4002.5	-1.24251
4003.75	-2.45166
4005	-5.02259
4006.25	-12.1267
4007.5	-43.6298
4008.75	-133.9
4010	-28.6837
4011.25	-8.71643
4012.5	-3.63937
4013.75	-1.69806
4015	-0.766345
4016.25	-0.250696
4017.5	0.0644689
4018.75	0.272183
4020	0.417777
4021.25	0.525399
4022.5	0.608738
4023.75	0.67572
4025	0.730354
4026.25	0.772252
4027.5	0.79094
4028.75	0.737352
4030	0.351522
4031.25	-1.59651
4032.5	-1.70541
4033.75	-0.370859
4035	0.14343
4036.25	0.378305
4037.5	0.509886
4038.75	0.594537
4040	0.654311
4041.25	0.699312
4042.5	0.734734
4043.75	0.76349
4045	0.787318
4046.25	0.807305
4047.5	0.824145
4048.75	0.838278
4050	0.849955
4051.25	0.859273
4052.5	0.866164
4053.75	0.870371
4055	0.871407
4056.25	0.868636
4057.5	0.862128
4058.75	0.856597
4060	0.868066
4061.25	0.904307
4062.5	0.938822
4063.75	0.957909
4065	0.96683
4066.25	0.970849
4067.5	0.972445
4068.75	0.972619
4070	0.971714
4071.25	0.969754
4072.5	0.966559
4073.75	0.961752
4075	0.954699
4076.25	0.944372
4077.5	0.929078
4078.75	0.90594
4080	0.869833
4081.25	0.811036
4082.5	0.7095
4083.75	0.518886
4085	0.113043
4086.25	-0.950977
4087.5	-5.12866
4088.75	-50.0185
4090	-27.2814
4091.25	-4.62871
4092.5	-1.33841
4093.75	-0.280069
4095	0.200894
4096.25	0.465898
4097.5	0.629534
4098.75	0.735041
4100	0.797405
4101.25	0.814875
4102.5	0.768668
4103.75	0.613831
4105	0.258715
4106.25	-0.466998
4107.5	-1.81918
4108.75	-3.95402
4110	-6.38754
4111.25	-7.99855
4112.5	-8.37599
4113.75	-8.07964
4115	-7.67848
4116.25	-7.43866
4117.5	-7.45987
4118.75	-7.7973
4120	-8.51078
4121.25	-9.64845
4122.5	-11.0771
4123.75	-11.9507
4125	-10.5009
4126.25	-6.74597
4127.5	-3.31739
4128.75	-1.30248
4130	-0.286534
4131.25	0.208615
4132.5	0.448626
4133.75	0.562764
4135	0.613496
4136.25	0.631865
4137.5	0.63385
4138.75	0.627961
4140	0.618866
4141.25	0.609191
4142.5	0.60044
4143.75	0.593492
4145	0.588875
4146.25	0.586942
4147.5	0.588024
4148.75	0.592647
4150	0.601976
4151.25	0.61889
4152.5	0.650615
4153.75	0.713433
4155	0.825836
4156.25	0.942238
4157.5	0.970214
4158.75	0.943878
4160	0.917185
4161.25	0.901608
4162.5	0.894988
4163.75	0.894078
4165	0.896535
4166.25	0.900846
4167.5	0.906045
4168.75	0.911517
4170	0.916868
4171.25	0.921847
4172.5	0.926295
4173.75	0.930114
4175	0.933241
4176.25	0.935638
4177.5	0.937276
4178.75	0.938136
4180	0.938212
4181.25	0.937533
4182.5	0.936224
4183.75	0.934641
4185	0.933655
4186.25	0.935073
4187.5	0.941702
4188.75	0.955401
4190	0.973053
4191.25	0.987416
4192.5	0.994288
4193.75	0.994348
4195	0.98969
4196.25	0.981723
4197.5	0.970941
4198.75	0.957164
4200	0.939704
4201.25	0.917388
4202.5	0.888456
4203.75	0.850335
4205	0.799264
4206.25	0.72975
4207.5	0.633905
4208.75	0.501102
4210	0.319688
4211.25	0.0857566
4212.5	-0.172938
4213.75	-0.367745
4215	-0.385254
4216.25	-0.212599
4217.5	0.0457529
4218.75	0.291553
4220	0.487713
4221.25	0.634094
4222.5	0.741224
4223.75	0.819566
4225	0.876995
4226.25	0.918891
4227.5	0.94871
4228.75	0.968477
4230	0.979075
4231.25	0.980326
4232.5	0.970824
4233.75	0.947428
4235	0.904125
4236.25	0.829703
4237.5	0.702981
4238.75	0.483401
4240	0.0950079
4241.25	-0.585435
4242.5	-1.66479
4243.75	-2.97507
4245	-3.9952
4246.25	-4.52554
4247.5	-4.88198
4248.75	-5.39426
4250	-6.25784
4251.25	-7.6134
4252.5	-9.58113
4253.75	-12.169
4255	-14.977
4256.25	-16.8519
4257.5	-16.4367
4258.75	-13.7876
4260	-10.3509
4261.25	-7.28716
4262.5	-4.93568
4263.75	-3.21985
4265	-1.97459
4266.25	-1.05876
4267.5	-0.37307
4268.75	0.146434
4270	0.536335
4271.25	0.809264
4272.5	0.94997
4273.75	0.898842
4275	0.511365
4276.25	-0.519064
4277.5	-2.69423
4278.75	-6.09643
4280	-8.69965
4281.25	-8.39566
4282.5	-6.55337
4283.75	-4.74965
4285	-3.36555
4286.25	-2.34616
4287.5	-1.58488
4288.75	-1.00088
4290	-0.541262
4291.25	-0.172804
4292.5	0.124894
4293.75	0.364113
4295	0.552265
4296.25	0.6944
4297.5	0.795181
4298.75	0.86024
4300	0.896643
4301.25	0.912441
4302.5	0.91562
4303.75	0.913016
4305	0.909653
4306.25	0.908619
4307.5	0.911355
4308.75	0.918099
4310	0.928335
4311.25	0.941122
4312.5	0.955315
4313.75	0.969666
4315	0.98282
4316.25	0.993219
4317.5	0.998839
4318.75	0.99665
4320	0.981393
4321.25	0.94263
4322.5	0.856638
4323.75	0.660433
4325	0.150851
4326.25	-1.46361
4327.5	-5.39733
4328.75	-3.42213
4330	-0.944432
4331.25	-0.0486775
4332.5	0.324031
4333.75	0.504631
4335	0.599505
4336.25	0.649719
4337.5	0.673631
4338.75	0.680355
4340	0.674721
4341.25	0.659332
4342.5	0.635472
4343.75	0.603513
4345	0.563049
4346.25	0.51285
4347.5	0.45063
4348.75	0.372575
4350	0.272491
4351.25	0.140366
4352.5	-0.0397206
4353.75	-0.290927
4355	-0.63467
4356.25	-1.03389
4357.5	-1.25828
4358.75	-1.01978
4360	-0.528619
4361.25	-0.143809
4362.5	0.0694242
4363.75	0.163756
4365	0.18523
4366.25	0.158787
4367.5	0.0950408
4368.75	-0.00447176
4370	-0.145117
4371.25	-0.338747
4372.5	-0.602371
4373.75	-0.945737
4375	-1.31078
4376.25	-1.41726
4377.5	-0.878785
4378.75	-0.0212399
4380	0.566269
4381.25	0.843622
4382.5	0.950526
4383.75	0.978104
4385	0.969402
4386.25	0.943601
4387.5	0.909182
4388.75	0.869745
4390	0.826497
4391.25	0.779289
4392.5	0.726978
4393.75	0.667392
4395	0.596939
4396.25	0.509728
4397.5	0.39584
4398.75	0.238193
4400	0.00842182
4401.25	-0.326132
4402.5	-0.705785
4403.75	-0.712216
4405	-0.147262
4406.25	0.347018
4407.5	0.581825
4408.75	0.671202
4410	0.693879
4411.25	0.684397
4412.5	0.656997
4413.75	0.617194
4415	0.566327
4416.25	0.503191
4417.5	0.424347
4418.75	0.323556
4420	0.190338
4421.25	0.00744836
4422.5	-0.25141
4423.75	-0.610519
4425	-0.993402
4426.25	-0.934713
4427.5	-0.123723
4428.75	0.591189
4430	0.898726
4431.25	0.990875
4432.5	0.995103
4433.75	0.961542
4435	0.907497
4436.25	0.836772
4437.5	0.745927
4438.75	0.62489
4440	0.45364
4441.25	0.193255
4442.5	-0.233739
4443.75	-0.975502
4445	-2.20724
4446.25	-3.48045
4447.5	-3.18977
4448.75	-1.84539
4450	-0.842915
4451.25	-0.287296
4452.5	0.00353826
4453.75	0.142645
4455	0.179256
4456.25	0.121604
4457.5	-0.0628612
4458.75	-0.484265
4460	-1.47686
4461.25	-4.18574
4462.5	-11.8118
4463.75	-14.4859
4465	-6.5092
4466.25	-2.93793
4467.5	-1.51348
4468.75	-0.843041
4470	-0.48456
4471.25	-0.27733
4472.5	-0.153492
4473.75	-0.0810333
4475	-0.0438179
4476.25	-0.0337009
4477.5	-0.0471901
4478.75	-0.0841044
4480	-0.147319
4481.25	-0.243382
4482.5	-0.384184
4483.75	-0.590223
4485	-0.89617
4486.25	-1.35698
4487.5	-2.03293
4488.75	-2.83536
4490	-3.06461
4491.25	-1.99168
4492.5	-0.644666
4493.75	0.170867
4495	0.574937
4496.25	0.771187
4497.5	0.868119
4498.75	0.915979
4500	0.938219
4501.25	0.946197
4502.5	0.945586
4503.75	0.939239
4505	0.928528
4506.25	0.914002
4507.5	0.89572
4508.75	0.873444
4510	0.846757
4511.25	0.815203
4512.5	0.778504
4513.75	0.737017
4515	0.692675
4516.25	0.650721
4517.5	0.622031
4518.75	0.623418
4520	0.669435
4521.25	0.754958
4522.5	0.850639
4523.75	0.925958
4525	0.969066
4526.25	0.983342
4527.5	0.976762
4528.75	0.956266
4530	0.926569
4531.25	0.890542
4532.5	0.849816
4533.75	0.805242
4535	0.757179
4536.25	0.705665
4537.5	0.650517
4538.75	0.591393
4540	0.527831
4541.25	0.459296
4542.5	0.385258
4543.75	0.305333
4545	0.219573
4546.25	0.129005
4547.5	0.0366243
4548.75	-0.0509962
4550	-0.121595
4551.25	-0.155994
4552.5	-0.131637
4553.75	-0.0356677
4555	0.117078
4556.25	0.282059
4557.5	0.409212
4558.75	0.467716
4560	0.447692
4561.25	0.346859
4562.5	0.156724
4563.75	-0.149508
4565	-0.634801
4566.25	-1.43895
4567.5	-2.88511
4568.75	-5.75388
4570	-11.4987
4571.25	-17.0456
4572.5	-11.3187
4573.75	-4.87717
4575	-1.90847
4576.25	-0.568322
4577.5	0.100338
4578.75	0.465891
4580	0.679814
4581.25	0.81081
4582.5	0.892749
4583.75	0.943351
4585	0.972116
4586.25	0.983921
4587.5	0.980655
4588.75	0.961845
4590	0.924584
4591.25	0.862724
4592.5	0.764908
4593.75	0.610243
4595	0.358464
4596.25	-0.0744849
4597.5	-0.884949
4598.75	-2.60629
4600	-6.97913
4601.25	-19.7108
4602.5	-30.8681
4603.75	-13.8157
4605	-5.43589
4606.25	-2.34308
4607.5	-0.965722
4608.75	-0.247351
4610	0.171133
4611.25	0.434485
4612.5	0.609431
4613.75	0.730068
4615	0.815285
4616.25	0.876261
4617.5	0.919982
4618.75	0.951032
4620	0.972542
4621.25	0.986729
4622.5	0.995213
4623.75	0.999199
4625	0.99959
4626.25	0.997059
4627.5	0.992085
4628.75	0.984983
4630	0.975919
4631.25	0.964924
4632.5	0.951909
4633.75	0.936693
4635	0.919033
4636.25	0.898681
4637.5	0.875442
4638.75	0.849249
4640	0.820219
4641.25	0.788637
4642.5	0.754805
4643.75	0.7186
4645	0.678596
4646.25	0.630553
4647.5	0.565134
4648.75	0.464842
4650	0.300299
4651.25	0.0259799
4652.5	-0.424896
4653.75	-1.14794
4655	-2.28145
4656.25	-4.03305
4657.5	-6.72327
4658.75	-10.8174
4660	-16.735
4661.25	-23.674
4662.5	-27.3471
4663.75	-23.5504
4665	-16.0567
4666.25	-9.82669
4667.5	-5.78939
4668.75	-3.3251
4670	-1.8157
4671.25	-0.871344
4672.5	-0.26655
4673.75	0.128756
4675	0.391262
4676.25	0.567456
4677.5	0.686288
4678.75	0.766227
4680	0.819291
4681.25	0.853412
4682.5	0.873864
4683.75	0.884127
4685	0.886429
4686.25	0.882059
4687.5	0.871534
4688.75	0.854634
4690	0.8303
4691.25	0.796336
4692.5	0.748789
4693.75	0.680686
4695	0.579478
4696.25	0.42168
4697.5	0.16159
4698.75	-0.289212
4700	-1.0651
4701.25	-2.09118
4702.5	-2.3735
4703.75	-1.48098
4705	-0.562679
4706.25	-0.000355993
4707.5	0.320146
4708.75	0.509442
4710	0.627323
4711.25	0.704308
4712.5	0.756433
4713.75	0.792464
4715	0.817289
4716.25	0.833486
4717.5	0.841935
4718.75	0.841651
4720	0.828331
4721.25	0.78902
4722.5	0.680255
4723.75	0.311958
4725	-0.994501
4726.25	-0.305559
4727.5	0.509068
4728.75	0.733417
4730	0.816864
4731.25	0.855994
4732.5	0.877043
4733.75	0.889218
4735	0.896383
4736.25	0.900364
4737.5	0.902096
4738.75	0.902067
4740	0.90051
4741.25	0.897495
4742.5	0.892953
4743.75	0.886676
4745	0.878293
4746.25	0.867245
4747.5	0.852828
4748.75	0.834679
4750	0.814861
4751.25	0.803433
4752.5	0.819323
4753.75	0.860945
4755	0.898306
4756.25	0.918767
4757.5	0.927402
4758.75	0.930193
4760	0.930502
4761.25	0.929972
4762.5	0.92939
4763.75	0.929105
4765	0.9292
4766.25	0.929537
4767.5	0.929726
4768.75	0.929033
4770	0.926244
4771.25	0.919464
4772.5	0.90589
4773.75	0.881642
4775	0.841984
4776.25	0.782661
4777.5	0.70343
4778.75	0.613701
4780	0.535298
4781.25	0.493556
4782.5	0.499927
4783.75	0.545668
4785	0.612388
4786.25	0.684041
4787.5	0.750956
4788.75	0.808636
4790	0.855567
4791.25	0.891638
4792.5	0.917292
4793.75	0.933112
4795	0.939647
4796.25	0.937342
4797.5	0.92651
4798.75	0.907325
4800	0.879798
4801.25	0.843754
4802.5	0.798771
4803.75	0.744083
4805	0.678391
4806.25	0.59955
4807.5	0.503962
4808.75	0.385424
4810	0.232775
4811.25	0.0246903
4812.5	-0.282847
4813.75	-0.789822
4815	-1.74487
4816.25	-3.69993
4817.5	-5.92403
4818.75	-3.51189
4820	-1.05869
4821.25	-0.129969
4822.5	0.224833
4823.75	0.378303
4825	0.453713
4826.25	0.496916
4827.5	0.527157
4828.75	0.553288
4830	0.579626
4831.25	0.608306
4832.5	0.640325
4833.75	0.676013
4835	0.715255
4836.25	0.757547
4837.5	0.801935
4838.75	0.846799
4840	0.889389
4841.25	0.924861
4842.5	0.94426
4843.75	0.929997
4845	0.844918
4846.25	0.603097
4847.5	-0.0180396
4848.75	-1.67366
4850	-6.36721
4851.25	-15.8426
4852.5	-15.2028
4853.75	-8.29315
4855	-4.47933
4856.25	-2.54489
4857.5	-1.44865
4858.75	-0.758184
4860	-0.287255
4861.25	0.0520079
4862.5	0.304371
4863.75	0.49397
4865	0.634447
4866.25	0.734054
4867.5	0.798541
4868.75	0.832899
4870	0.842409
4871.25	0.833096
4872.5	0.811688
4873.75	0.78518
4875	0.760197
4876.25	0.742369
4877.5	0.735867
4878.75	0.743144
4880	0.764846
4881.25	0.799778
4882.5	0.844805
4883.75	0.894566
4885	0.940884
4886.25	0.971722
4887.5	0.969431
4888.75	0.907827
4890	0.747141
4891.25	0.424754
4892.5	-0.163065
4893.75	-1.20032
4895	-3.04357
4896.25	-6.46598
4897.5	-13.4037
4898.75	-29.6868
4900	-76.4144
4901.25	-190.546
4902.5	-136.362
4903.75	-51.9781
4905	-23.076
4906.25	-11.6789
4907.5	-6.26142
4908.75	-3.33238
4910	-1.60805
4911.25	-0.536399
4912.5	0.147848
4913.75	0.580185
4915	0.826567
4916.25	0.901985
4917.5	0.755201
4918.75	0.177457
4920	-1.6146
4921.25	-8.47378
4922.5	-38.5393
4923.75	-25.1946
4925	-8.09511
4926.25	-3.35132
4927.5	-1.5203
4928.75	-0.626244
4930	-0.121651
4931.25	0.191217
4932.5	0.398032
4933.75	0.541034
4935	0.643133
4936.25	0.7177
4937.5	0.773002
4938.75	0.814391
4940	0.845471
4941.25	0.868752
4942.5	0.88604
4943.75	0.898685
4945	0.907744
4946.25	0.914103
4947.5	0.918583
4948.75	0.922035
4950	0.925428
4951.25	0.929841
4952.5	0.935748
4953.75	0.937372
4955	0.867367
4956.25	-0.919669
4957.5	-8.29873
4958.75	-0.803309
4960	-0.150489
4961.25	0.0224531
4962.5	0.0671783
4963.75	0.0566547
4965	0.0146314
4966.25	-0.0488934
4967.5	-0.128631
4968.75	-0.220841
4970	-0.321876
4971.25	-0.42732
4972.5	-0.531415
4973.75	-0.626746
4975	-0.704334
4976.25	-0.754306
4977.5	-0.76728
4978.75	-0.736327
4980	-0.658982
4981.25	-0.538517
4982.5	-0.383768
4983.75	-0.207423
4985	-0.0233996
4986.25	0.155695
4987.5	0.320262
4988.75	0.464321
4990	0.585252
4991.25	0.683052
4992.5	0.759462
4993.75	0.817181
4995	0.859233
4996.25	0.888527
4997.5	0.907551
4998.75	0.918186
5000	0.9216
